test,period,p,q,amplitude,p(amplitude),q(amplitude),CI(amplitude),acrophase,p(acrophase),q(acrophase),CI(acrophase),acrophase[h]
0.0,24.0,0.0066742341093966265,0.018774216904069274,1.0290481629125654,0.0003676170104529379,0.0010349577996985864,"[0.4628700897974002, 1.5952262360277305]",0.011087328799961327,0.9696830555561603,0.9946639642340541,"[-0.5606876013050084, 0.582862258904931]",23.957649523579224
1.0,24.0,0.0041781887472146515,0.012971712968688766,0.9664506141371026,0.00016548561338305005,0.0005134521048186474,"[0.463554569523572, 1.4693466587506334]",0.42146183263063364,0.12177529765600094,0.5066249294290442,"[-0.11238125228227036, 0.9553049175435376]",22.390134384294374
2.0,24.0,1.0478041644834648e-06,0.00013786896901098222,1.6140146131431916,1.2840831025550025e-13,1.689583029677635e-11,"[1.1869770324979398, 2.041052193788443]",-0.40986472411822383,0.0031011906017043294,0.05597816970585432,"[-0.6814837136475419, -0.13824573458890577]",1.565567924217871
3.0,24.0,1.85746542603027e-05,0.00042504929657443243,1.0653485480728302,1.0527696719992553e-09,2.409083917618433e-08,"[0.7231132885556301, 1.4075838075900302]",0.10810658117263738,0.5252652677650129,0.8839273529919359,"[-0.22543918702698834, 0.4416523493722631]",23.58706327741463
4.0,24.0,0.0014874836789038003,0.0060862670986243875,0.8345803268424122,2.514008177442079e-05,0.00010286449171203269,"[0.4463680391697619, 1.2227926145150625]",-0.302003866019378,0.21763551432495654,0.6565173886122369,"[-0.7821284278171337, 0.17812069577837758]",1.153569794636316
5.0,24.0,0.0004095834532444654,0.0025439966040028904,1.2822073334024844,1.898604572592054e-06,1.1792574985043813e-05,"[0.7546846049162557, 1.809730061888713]",0.34528026236514986,0.11030539674065289,0.48592685788833867,"[-0.07852207169002257, 0.7690825964203223]",22.681126547820476
6.0,24.0,0.000680130969120465,0.0035613713708524952,1.2282097288522673,5.4323710947650014e-06,2.8456164517429644e-05,"[0.6988370322208298, 1.757582425483705]",0.39950457775279613,0.07696131075020356,0.40478983322809736,"[-0.0432277154290574, 0.8422368709346497]",22.474004919907248
7.0,24.0,2.4103181080686588e-05,0.0004938683193416562,0.9990985794046273,2.176153648235368e-09,4.4502119595815295e-08,"[0.671864151858282, 1.3263330069509727]",-0.4403695282945437,0.010127143450429877,0.1195648577382512,"[-0.7760190204006012, -0.10472003618848619]",1.6820876931629494
8.0,24.0,6.556825319578021e-06,0.0002716302425759447,1.1822060177404932,5.208803940383664e-11,2.1613294358438443e-09,"[0.8292529393203141, 1.5351590961606723]",0.209289886883262,0.18467674014104019,0.61641101515701,"[-0.0999472591605085, 0.5185270329270325]",23.200571519121244
9.0,24.0,0.04892116467522183,0.10529738414813136,0.6809772698926694,0.008415711382964123,0.018117277833725607,"[0.17443782281017728, 1.1875167169751615]",-0.17796973155127116,0.6510351998076769,0.9299133911664488,"[-0.9491290063887913, 0.593189543286249]",0.6797942999309389
10.0,24.0,6.941854150815721e-06,0.00027767416603262883,1.3432622204451858,6.279463359190867e-11,2.511502668729824e-09,"[0.9405126455119309, 1.7460117953784406]",0.45436589534785643,0.0037228018739740537,0.06334967716752332,"[0.1473614208184877, 0.7613703698772252]",22.264450122792333
11.0,24.0,0.022819246692043372,0.053228940266021395,0.9161231873862996,0.002685696252403151,0.0062618238573167425,"[0.31791832478443904, 1.5143280499881602]",0.6436553436595727,0.055963610969232115,0.34323915573101693,"[-0.016381706354148484, 1.3036923936732938]",21.541417689817592
12.0,24.0,0.023675544956467624,0.05502102011728474,0.9090376763009719,0.0028425272678388297,0.006602850796373588,"[0.31201424345476625, 1.5060611091471774]",-0.6514342148568923,0.0543091019994477,0.33837446728627846,"[-1.3149200624417667, 0.012051632727982153]",2.4882954094478933
13.0,24.0,7.152980568701645e-06,0.00028050904190986845,1.3853790014830485,6.7445425795881e-11,2.6449186586620004e-09,"[0.9693206233403533, 1.8014373796257437]",-0.10932146257207354,0.4919855487040433,0.8697731756428894,"[-0.42113811540766627, 0.2024951902635192]",0.4175772277051471
14.0,24.0,0.01307623277383979,0.03260905928638351,0.9337891768044007,0.0011144456293002611,0.0027784732717533313,"[0.3723660528622018, 1.4952123007465996]",-0.3170435468115542,0.31634709704042274,0.7599756422207345,"[-0.9372016633733138, 0.30311456975020534]",1.2110171436106936
15.0,24.0,0.017761799060412607,0.04263513936728902,0.6319500548832514,0.0018082524653566948,0.004340500396919574,"[0.23496843028270736, 1.0289316794837955]",-0.18703317420489363,0.5734212193895947,0.9014551440610434,"[-0.838125926868846, 0.46405957845905876]",0.7144141007250334
16.0,24.0,0.001277389825951671,0.005458930880135346,1.066391469222535,1.8830422344103468e-05,8.043751535285547e-05,"[0.5778618566848703, 1.5549210817601995]",-0.3741656764045329,0.1196364312066346,0.5039445290928164,"[-0.845379822431706, 0.09704846962264008]",1.429207606442495
17.0,24.0,0.000846700814058685,0.004124212440617072,1.042965302360365,8.452610535903727e-06,4.111191894894809e-05,"[0.583949654984012, 1.5019809497367183]",-0.47972884197106147,0.03663891727232416,0.26569193090880466,"[-0.9296604203208265, -0.029797263621296477]",1.8324291970426834
18.0,24.0,1.44250206647885e-05,0.0003794103252629598,1.3268040833407413,5.19061672322301e-10,1.3659517692692134e-08,"[0.9082636557254958, 1.7453445109559866]",-0.004187091708227619,0.9800283768608655,0.9968755740625221,"[-0.3320119675900414, 0.3236377841735862]",0.015993512221044327
19.0,24.0,0.000780328357074762,0.0038919120053604087,1.2183795462259779,7.1096837330037355e-06,3.547746373754359e-05,"[0.6865802301932532, 1.7501788622587027]",-0.0718230582940027,0.756210320582779,0.955539980247545,"[-0.5252473292064918, 0.38160121261848634]",0.2743438741312292
20.0,24.0,0.0037657876535911734,0.011992954310799915,1.0294617642052406,0.0001371420111270752,0.00043689713643541,"[0.5003332851381517, 1.5585902432723295]",-0.13782358033553344,0.6125377344026615,0.9164238994653822,"[-0.671196939758936, 0.39554977908786915]",0.5264472980405541
21.0,24.0,0.00979355491842852,0.025583999264442322,0.7840937632852361,0.000701288275150918,0.0018315180860561974,"[0.3306380155022295, 1.2375495110682426]",-0.6437826732762701,0.030888884311291706,0.24056259904392527,"[-1.2283507275821766, -0.05921461897036373]",2.4590686734919927
22.0,24.0,0.0005537503153846642,0.0031161257348043636,1.0317868875672456,3.5699010535296537e-06,2.0044363018133935e-05,"[0.5954808584193836, 1.4680929167151076]",-0.40405513400784887,0.06820288643377233,0.38046858793343147,"[-0.8383092048752976, 0.03019893685959979]",1.543376924616176
23.0,24.0,0.0003118017804050731,0.0021274246837056717,1.1379839581727735,1.0593580777527618e-06,7.226180612228934e-06,"[0.6809593652397108, 1.5950085511058363]",0.34144633839834704,0.10580162195126248,0.4757267174067558,"[-0.07232950376787983, 0.7552221805645739]",22.695771058638602
24.0,24.0,0.0030037736018162457,0.010102063968846274,0.9418340892080206,9.178100581003286e-05,0.00030892294113104294,"[0.4698844831105202, 1.413783695305521]",0.17868622225638298,0.5002097032109796,0.8731021700276606,"[-0.3408026926712576, 0.6981751371840236]",23.31746890717151
25.0,24.0,0.01392123051675252,0.034449964159248996,0.8812552661218036,0.0012300700528932347,0.0030439743946875392,"[0.34680975927348, 1.4157007729701272]",-0.21669751426856898,0.49885467686566554,0.8731021700276606,"[-0.844708396715656, 0.41131336817851805]",0.8277235332376626
26.0,24.0,0.005926956510339772,0.017090416696481463,0.8532931224955025,0.00030077221117663053,0.0008672785789406878,"[0.39061175991114266, 1.3159744850798623]",0.1104453199345592,0.700601423024674,0.9400237903147177,"[-0.452529795195843, 0.6734204350649614]",23.578129953385176
27.0,24.0,1.0896183013176911e-05,0.00033119097304489095,1.3897676633048202,2.3290554206082874e-10,7.1007787213667295e-09,"[0.9599894956525524, 1.8195458309570878]",-0.05556402698755836,0.734650144486358,0.9521126807754771,"[-0.3768641111837523, 0.2657360572086356]",0.2122389492758733
28.0,24.0,0.0012628968268544201,0.005418844257270868,1.0017996977331454,1.830071459743474e-05,7.857756375025651e-05,"[0.543540511066028, 1.4600588844002629]",-0.018356019920186206,0.9396716640757323,0.9892015094756179,"[-0.49372505576879383, 0.4570130159284214]",0.07011483133898239
29.0,24.0,0.005110251027797892,0.015151754961407358,1.0247779449670835,0.00023398837028434176,0.0006937099623016359,"[0.4788601533106026, 1.5706957366235645]",-0.2896209199167501,0.3021643886178914,0.7510921914439259,"[-0.8397710385492139, 0.2605291987157137]",1.1062704246617459
30.0,24.0,1.637207164103136e-05,0.0004050210111886129,1.4091818996303487,7.423014219305013e-10,1.8419390122344946e-08,"[0.9605809392684215, 1.8577828599922759]",0.14349532055643355,0.39451310383797633,0.8166282422644926,"[-0.18681403282712805, 0.47380467393999515]",23.451888250149302
31.0,24.0,0.0002420203301867152,0.0018115294175652336,1.5042841954603274,6.046273003744837e-07,4.529043448498005e-06,"[0.9134023379208083, 2.0951660529998466]",0.1030537341171609,0.6204568634481773,0.9175486145824342,"[-0.3048226818797105, 0.5109301501140323]",23.60636373146822
32.0,24.0,0.00016672076227326234,0.001455144768382643,1.1328762199609865,2.6159393998781204e-07,2.2866603145787767e-06,"[0.7016646199275314, 1.5640878199944417]",0.07739404362627589,0.7012375018492156,0.9400237903147177,"[-0.31799065227056644, 0.4727787395231182]",23.704376529384202
33.0,24.0,0.0011057470838257467,0.004949628844340854,1.095039210509762,1.4242263240013871e-05,6.375229740382217e-05,"[0.6005250213402444, 1.5895533996792794]",0.3680261427017033,0.12057405717846356,0.5049164873469998,"[-0.09663025058178548, 0.8326825359851922]",22.594243684847534
34.0,24.0,0.0007746357890917642,0.0038693096358229984,0.9012662024531306,7.005019250587104e-06,3.4990106146788735e-05,"[0.5081572297272459, 1.2943751751790153]",-0.051605142013942285,0.8233941913564247,0.9666963285808975,"[-0.5047976592791091, 0.40158737525122457]",0.19711712257147587
35.0,24.0,0.010254710918933613,0.026572564826231326,0.8268970806077467,0.0007497609722565795,0.0019438967390629494,"[0.34608119946657034, 1.3077129617489232]",0.017666242353232775,0.9543052880387443,0.9927151416642309,"[-0.5866006253211536, 0.6219331100276192]",23.932519924886968
36.0,24.0,0.00036574917005491087,0.002358150677336627,1.1620388297748852,1.4838053642646276e-06,9.566765727044666e-06,"[0.6888697324128396, 1.6352079271369306]",-0.12874836193084427,0.5504528977691947,0.893592366508433,"[-0.5513742639976627, 0.29387754013597417]",0.49178251719067834
37.0,24.0,0.02894422213472843,0.06582720521885019,0.7673638619505827,0.0038395856392681826,0.00873228482890194,"[0.24713550667675643, 1.287592217224409]",0.08613739068258575,0.8105136913850104,0.9654338727701918,"[-0.6179992373037834, 0.7902740186689549]",23.67097940370789
38.0,24.0,0.00014771068499783857,0.001360011384254292,0.8737683713508112,1.9917741396244386e-07,1.8323589140979196e-06,"[0.5444375249932648, 1.2030992177083575]",-0.276643096422891,0.16384860313447558,0.5810234153704809,"[-0.6660939461067126, 0.11280775326093057]",1.0566987904308223
39.0,24.0,0.24786579297900116,0.4557194208108129,0.41198981829248604,0.08464388816393098,0.15565725243797418,"[-0.05629281321792623, 0.8802724498028983]",-0.23940652532345563,0.6899211844294921,0.9373185088522442,"[-1.4155289022782946, 0.9367158516313834]",0.9144655659283916
40.0,24.0,3.780037167973776e-05,0.0006224689103021367,0.9379585586550506,7.046468782481446e-09,1.1627836274721858e-07,"[0.6204414150293149, 1.2554757022807863]",-0.05000088633216482,0.7805356380437664,0.9596987437192043,"[-0.40173284591135794, 0.3017310732470283]",0.19098931724976045
41.0,24.0,0.00026814067561388937,0.001934636909191121,1.1823759673163659,7.650575485998104e-07,5.5159159956727505e-06,"[0.7136505285895656, 1.6511014060431661]",0.4209910076545498,0.04248250685516782,0.292579248313828,"[0.014276424801030418, 0.8277055905080691]",22.391932803228972
42.0,24.0,0.009057841138504536,0.023994281161601422,0.8788273352831533,0.0006159387331460538,0.001631142584317874,"[0.37584253333588025, 1.3818121372304262]",0.5234219525864559,0.07869800731281808,0.40834150479476095,"[-0.06003560508974504, 1.1068795102626567]",22.000675414153292
43.0,24.0,0.008794721858403319,0.023383998559966285,0.9218758492361152,0.0005835280447879629,0.0015515236500610553,"[0.3965019569455057, 1.4472497415267247]",-0.21114527200884758,0.4832296120424666,0.8660904095852501,"[-0.8013987672652413, 0.3791082232475461]",0.8065155300165816
44.0,24.0,1.0450081721627752e-05,0.0003248576044199919,1.4383827520506012,2.0664079098552997e-10,6.447334146078519e-09,"[0.9948592629912152, 1.8819062411099872]",-0.1253705563038654,0.4426432090244915,0.8470530868214143,"[-0.4454302192831051, 0.1946891066753743]",0.478880250094583
45.0,24.0,0.0026975408593233243,0.009349412375824775,0.9931785864453343,7.555923800791408e-05,0.0002621447723740994,"[0.5013741287152823, 1.4849830441753862]",0.1322239208100937,0.6140720651511261,0.9171561511352546,"[-0.38169604658479606, 0.6461438882049835]",23.494941825793973
46.0,24.0,5.3372190235382084e-05,0.0007657416102637315,1.2699589557523763,1.7191734695917026e-08,2.4665329549378806e-07,"[0.8284866026927623, 1.7114313088119903]",0.3530218730398227,0.0532416704771665,0.3334311119390529,"[-0.0049326320702853255, 0.7109763781499308]",22.651555773267667
47.0,24.0,0.09405116356780192,0.19198032979751362,0.5664217856805144,0.021699965497852795,0.044303727027057566,"[0.08281119884582727, 1.0500323725152014]",0.4370180578071343,0.32770536850624743,0.7694420486176272,"[-0.43812158619890873, 1.3121577018131774]",22.3307139811098
48.0,24.0,0.057064374246234055,0.12087348918922697,0.7464650033108834,0.010539083248679913,0.022323836578436587,"[0.17443168715062118, 1.3184983194711455]",-0.09007208216238727,0.8244601579703501,0.9666963285808975,"[-0.8859620959932923, 0.7058179316685178]",0.3440500106573584
49.0,24.0,6.444388006436442e-05,0.0008446117963874759,0.9453016506405606,2.7455326695178076e-08,3.6030612460863616e-07,"[0.6118881306533721, 1.278715170627749]",-0.29836123143699034,0.10826534310693915,0.4815238172576189,"[-0.662472732550721, 0.06575026967674036]",1.1396559554443684
50.0,24.0,0.0005100668475147255,0.0029381730847622438,1.076508549487549,2.9973492050666646e-06,1.726583643471581e-05,"[0.6248028416725299, 1.5282142573025683]",0.2511323537681367,0.25673604505273007,0.7058463400471383,"[-0.18286220964039523, 0.6851269171766686]",23.040745068659962
51.0,24.0,0.0001944428300727574,0.0016003525108868922,1.2664429428590775,3.749028835026538e-07,3.083082923541561e-06,"[0.7779472759260757, 1.7549386097920794]",0.4324964948514678,0.032074901920424774,0.24673001477249826,"[0.03702783483929856, 0.8279651548636371]",22.34798507938729
52.0,24.0,0.016097154940982458,0.039023405917533234,0.7728565180756446,0.0015474482230378862,0.003751389631606997,"[0.29435191209277617, 1.251361124058513]",-0.09560623181779881,0.7707195048644397,0.9589249382121035,"[-0.7385814757321115, 0.5473690120965139]",0.36518890522061576
53.0,24.0,0.0002659256045423131,0.0019214277784849213,1.046528097922592,7.439349917163027e-07,5.379139491802622e-06,"[0.632113392125925, 1.4609428037192589]",0.0937617449514363,0.6549765872090147,0.9301211184160023,"[-0.3174853888726607, 0.5050088787755334]",23.641856515633375
54.0,24.0,0.0001403365488508433,0.0013288561892403018,1.0401870956621844,1.7615554865967618e-07,1.6713050157464534e-06,"[0.6498417727200472, 1.4305324186043216]",-0.12569241836180112,0.5270858805890914,0.8839273529919359,"[-0.5152069177502027, 0.26382208102660043]",0.48010967259492376
55.0,24.0,0.001696305259260382,0.006712723621924741,0.9194763227237691,3.23292090242721e-05,0.0001279351366215754,"[0.48589496223212486, 1.3530576832154133]",-0.42879833947912616,0.08221745315461412,0.4177716115579986,"[-0.9123699864502719, 0.05477330749201964]",1.637889007624789
56.0,24.0,4.5725589338789806e-05,0.0006970364228474055,1.1633194018366153,1.1497959393400684e-08,1.758097766575028e-07,"[0.7637993281580162, 1.5628394755152144]",-0.011482913451738241,0.9497188284713144,0.9909420163515383,"[-0.36838336728603244, 0.34541754038255595]",0.043861498486573426
57.0,24.0,0.0017930174182816205,0.006982850532865502,0.9794971657483824,3.559748580497468e-05,0.00013867349359164273,"[0.5151476490389364, 1.4438466824578284]",0.017029670126742502,0.9459845177034619,0.9904370601691201,"[-0.4756265723286315, 0.5096859125821165]",23.934951451682508
58.0,24.0,0.06703449402892064,0.14015156602325035,0.5903634271241124,0.013329508740569537,0.02786851085212113,"[0.12282206459067696, 1.0579047896575478]",0.2521717589568091,0.5462341088590208,0.8919042707808021,"[-0.5669152161843874, 1.0712587340980058]",23.036774833292302
59.0,24.0,0.011687332807164524,0.02961817741298663,0.9511404417786766,0.0009277143325286087,0.002351764708099952,"[0.38820606084545917, 1.514074822711894]",0.11668932148556888,0.7097239672241751,0.9447289007555106,"[-0.49773942323854536, 0.7311180662096831]",23.554279624308776
60.0,24.0,0.0076168882596342625,0.020822548550121,0.7317254795677635,0.00045898297859284215,0.00125473750298754,"[0.32238989523990563, 1.1410610638956213]",0.08490515358999318,0.774568476311495,0.9594555633735847,"[-0.4961302536238943, 0.6659405608038806]",23.675686202692223
61.0,24.0,0.4108892737180579,0.6750275566256906,0.3539397703890493,0.17346830838956517,0.28498161391418625,"[-0.15571196246109947, 0.8635915032391981]",-0.06517178040833738,0.9319534460607182,0.9892015094756179,"[-1.5611115843277268, 1.430768023511052]",0.24893786405007443
62.0,24.0,0.00825946531517476,0.022202863750469787,0.8833306963471972,0.0005252126601698277,0.0014124345655378678,"[0.38404649341683406, 1.3826148992775602]",-0.08124062813411381,0.7862297091745931,0.9609669514524013,"[-0.6683460001095575, 0.5058647438413298]",0.31031634113843315
63.0,24.0,0.000245406176671082,0.0018272984115493818,0.9274433315183116,6.329171283345062e-07,4.712711305543605e-06,"[0.5624975814098763, 1.292389081626747]",0.5727410093234537,0.004987452882038315,0.07620594484359013,"[0.17294952031358596, 0.9725324983333214]",21.812290494113544
64.0,24.0,0.0004146471987303972,0.0025658861307574082,1.3056054382160913,1.9377902271542944e-06,1.199127615813301e-05,"[0.767991178740156, 1.8432196976920268]",0.15134331710503623,0.4874400570872024,0.8690320147748305,"[-0.2758360516508497, 0.5785226858609221]",23.421911111491422
65.0,24.0,0.001613291990462473,0.006465329321293913,1.1505766807495008,2.9206477723160954e-05,0.00011715394193004795,"[0.6110258365636594, 1.6901275249353422]",0.10874161672712468,0.6615798822180025,0.9314630095972414,"[-0.3781526262173204, 0.5956358596715697]",23.58463762027377
66.0,24.0,0.020002786547934585,0.04738421483444581,0.9396751386181731,0.002186662800437007,0.0051792108016035215,"[0.3385166932264353, 1.5408335840099108]",0.4967086927070934,0.1361938467419083,0.529525065092956,"[-0.15661723562261376, 1.1500346210368004]",22.102712550694868
67.0,24.0,0.0008270401452753639,0.004058096885551344,1.0676112522729824,7.993263870343622e-06,3.924536046363155e-05,"[0.5990090323871629, 1.5362134721588019]",-0.14351394686354269,0.5368238918713832,0.8887546089143881,"[-0.5989409233745537, 0.31191302964746837]",0.5481828971030502
68.0,24.0,0.014435716267510366,0.03556471117888733,0.6514125213572305,0.001304750784450023,0.003214463622690375,"[0.25428288467261057, 1.0485421580418504]",-0.29316431255759134,0.3613600686982156,0.7969055401945917,"[-0.9226628332229035, 0.33633420810772086]",1.1198051875602737
69.0,24.0,0.002143986823778779,0.007964289835730979,1.302388803258626,4.969757469495206e-05,0.00018468069377536997,"[0.6732029446890538, 1.931574661828198]",-0.17941645100221315,0.48259000623793946,0.8657488848583411,"[-0.6802400674333489, 0.32140716542892256]",0.6853203611761696
70.0,24.0,6.068300779671995e-05,0.0008173507895384916,1.282471094890465,2.3591722458610135e-08,3.1794774202978615e-07,"[0.8322766485997273, 1.7326655411812026]",-0.2421072301221594,0.19137769695402984,0.6240808668977081,"[-0.6053037351912344, 0.12108927494691557]",0.9247814983734886
71.0,24.0,0.0045138853953598556,0.013766042681792788,0.9384383436232834,0.00018822306288636875,0.0005740258093515362,"[0.44589743585610886, 1.430979251390458]",0.07179465329347234,0.7963407835956333,0.9628316126547152,"[-0.4734310064634458, 0.6170203130503905]",23.725764624978602
72.0,24.0,0.002259113461680745,0.008247949841842808,1.081607235564172,5.467842739600858e-05,0.00019970207230098094,"[0.5561839094090149, 1.607030561719329]",-0.1292981804637119,0.6152271606979984,0.9172188963428358,"[-0.6334895989820989, 0.3748932380546751]",0.4938826692861043
73.0,24.0,0.07343740828745625,0.15261306792904458,0.6568680632624873,0.015195027926694075,0.03158191695888801,"[0.12655571602114113, 1.1871804105038333]",-0.16796820746223862,0.6941509030773929,0.9384107475438823,"[-1.0051706043726765, 0.6692341894481993]",0.6415912919976062
74.0,24.0,7.500775137730834e-05,0.0009237711749710809,1.1833039934008194,3.980414397909693e-08,4.90287415570193e-07,"[0.7609893384644173, 1.6056186483372215]",-0.24760504482624768,0.18867337152861374,0.620366733572685,"[-0.6167886821606481, 0.12157859250815273]",0.9457816036461034
75.0,24.0,0.009938626028177083,0.025902074610834203,0.8347833626039858,0.0007163397657496127,0.0018649824674553833,"[0.35118137966489454, 1.318385345543077]",0.44977448698391953,0.13735263506065637,0.5316876477049569,"[-0.14356782035642657, 1.0431167943242656]",22.28198801087731
76.0,24.0,0.004083102474485459,0.01272787554390729,0.751370543510777,0.00015882818348127913,0.0004952547037146216,"[0.36145260405226454, 1.1412884829692895]",-0.38591499865656154,0.15621839499288317,0.5686872770035791,"[-0.9193635034490288, 0.14753350613590577]",1.474086711587854
77.0,24.0,0.02216038318488251,0.05184928213589731,0.9414930607637385,0.0025555632080842498,0.00597932430529773,"[0.3297973461011603, 1.5531887754263167]",0.2972159742776981,0.38513269932085836,0.8109971092567351,"[-0.3735351455816991, 0.9679670941370953]",22.86471860466794
78.0,24.0,0.002020144894521704,0.007631828086595028,1.0387151194010218,4.461468941083024e-05,0.00016854812773264163,"[0.5400004995455208, 1.5374297392565228]",0.2809209131037216,0.26698507372176294,0.7161616784382053,"[-0.21509603394421084, 0.776937860151654]",22.926961153479695
79.0,24.0,0.009945950214005852,0.02591440910371509,0.8969043483049812,0.0007132022690742709,0.0018587497239360724,"[0.37749981886935835, 1.416308877740604]",-0.0026606393732340194,0.9930865076314335,0.999042938587908,"[-0.6044870520248967, 0.5991657732784287]",0.010162893792842794
80.0,24.0,0.037489749802295504,0.08279538383899183,0.9266904985566768,0.005669825703047438,0.012521699874221373,"[0.2701141324804994, 1.5832668646328543]",0.10926549074509584,0.7709623674088197,0.9589249382121035,"[-0.6263732223953786, 0.8449042038855703]",23.58263656892535
81.0,24.0,0.0032272891980235576,0.010667712111219441,1.068652270414301,0.0001045151669861018,0.00034539050557204825,"[0.5288085246675214, 1.6084960161610808]",0.26017311012835975,0.32891882046001886,0.7708432633232221,"[-0.262138770473904, 0.7824849907306235]",23.00621192312351
82.0,24.0,0.0001676055019260488,0.0014561729098701026,1.000917600378304,2.6495278039254866e-07,2.3079510487155807e-06,"[0.6197567903269365, 1.3820784104296715]",0.12067916206284934,0.5496173087997552,0.8931881245201622,"[-0.2746300437106617, 0.5159883678363604]",23.53903955590823
83.0,24.0,0.016476894401461266,0.039808877510174596,0.9424459789249924,0.0016083984652422905,0.003885959084905268,"[0.35686005231069917, 1.5280319055392857]",0.2688962891201214,0.4118566772518023,0.8271241167372688,"[-0.37332568357175633, 0.9111182618119992]",22.972891833779165
84.0,24.0,0.00026488181619129756,0.0019166556887937596,1.2877066332232465,7.406842374638395e-07,5.3595096777412414e-06,"[0.7778754218570363, 1.7975378445894568]",-0.2677231515465843,0.1997748694820053,0.6334879202496502,"[-0.676965472736669, 0.14151916964350036]",1.0226271107707081
85.0,24.0,0.0004264863266516346,0.002610075438504496,1.3227910872634905,2.0537964339626278e-06,1.2569133622782301e-05,"[0.7767524420136321, 1.868829732513349]",0.06360566557376046,0.7712858739796293,0.9589249382121035,"[-0.3652477040998995, 0.4924590352474204]",23.757044253966864
86.0,24.0,5.472652433305042e-05,0.0007792399182767602,1.1087404015798998,1.8143576225480618e-08,2.584555017874732e-07,"[0.7226759568328267, 1.494804846326973]",-0.10515134882971733,0.5686645019329191,0.9001517670355353,"[-0.4667054227150692, 0.25640272505563455]",0.4016485665367127
87.0,24.0,9.083111054153847e-05,0.0010076592585816402,1.4570437634816755,6.309655492942574e-08,7.002947272966231e-07,"[0.9291581907124014, 1.9849293362509497]",0.13823406211196154,0.4711300775872431,0.8584731734461428,"[-0.2377278567670626, 0.5141959809909857]",23.47198477706902
88.0,24.0,0.0003638683254825241,0.00234753758375822,1.0805879305113306,1.466888496288187e-06,9.47592900744964e-06,"[0.6407939497155661, 1.520381911307095]",-0.09986842391135209,0.643267444786228,0.9269467971048314,"[-0.5225063594704612, 0.322769511647757]",0.3814692797829245
89.0,24.0,0.032632570602668734,0.07306889969249604,0.6857891242358675,0.004629118900102567,0.01036292567741788,"[0.21113116539213733, 1.1604470830795977]",0.6041849830234405,0.09146132896930974,0.4389109269947067,"[-0.09745239094531699, 1.305822356992198]",21.69218336183824
90.0,24.0,0.000163629344430053,0.001441668232863903,1.1406036348722703,2.507983113454879e-07,2.211625320506948e-06,"[0.7071157746622663, 1.5740914950822744]",0.11742971118681389,0.5596558653273772,0.896271176099223,"[-0.2771137420815689, 0.5119731644551967]",23.55145154397036
91.0,24.0,0.021026299992897478,0.04952025434031437,0.865378612062043,0.0023609741524254794,0.00555915741093826,"[0.307559793328276, 1.4231974307958102]",0.4417765580271462,0.18989648978486295,0.6220599641364286,"[-0.21874354075178537, 1.102296656806078]",22.312537849148548
92.0,24.0,0.004336368798326862,0.013346779927137157,1.0212204174235051,0.00017570760667230017,0.0005409716954196434,"[0.48770040232345835, 1.5547404325235519]",0.1727033206981643,0.5320526732909188,0.8855736905641125,"[-0.3689921146249998, 0.7143987560213284]",23.340321907740055
93.0,24.0,0.003481905517334186,0.011272990699476843,0.8117391669485254,0.00011960796163893249,0.0003873314819913617,"[0.39816776269315296, 1.2253105712038979]",0.2501466342161969,0.3521895038687942,0.7909038937093964,"[-0.27683567678747023, 0.777128945219864]",23.04451024000061
94.0,24.0,1.895336707857326e-05,0.00043075834269484684,1.4517293626980403,1.1172096249457283e-09,2.5391127839675645e-08,"[0.9846447529812958, 1.9188139724147848]",-0.21811192634340504,0.19944507294990899,0.6334828573649154,"[-0.551273905002114, 0.11505005231530391]",0.8331261893963592
95.0,24.0,0.007109747307104164,0.019667350780371132,0.8759578938483056,0.0004092616422761429,0.001132120725521834,"[0.3901550421612262, 1.3617607455353848]",0.15866124995328246,0.5887924743340853,0.9077706636973603,"[-0.41658472816604597, 0.7339072280726109]",23.393958667027114
96.0,24.0,0.0005287395783385487,0.003011045434729776,1.2165693542912561,3.2209579389800364e-06,1.8342585073918202e-05,"[0.7044712803757489, 1.7286674282067633]",0.14177027725267344,0.524665762094304,0.8839273529919359,"[-0.29500720321411256, 0.5785477577194594]",23.458477430201484
97.0,24.0,3.628465722779676e-05,0.0006098261718957439,1.1206176772316685,6.406663926936876e-09,1.0749436119021604e-07,"[0.742310216178414, 1.498925138284923]",0.36581128241632666,0.03902869806699763,0.27738946742713316,"[0.018419242671375402, 0.7132033221612779]",22.60270382795175
98.0,24.0,0.0024143052241631627,0.008634854163673687,0.8365575818249813,6.187126599975917e-05,0.00022136410017802922,"[0.4272206661105811, 1.2458944975393815]",0.2422238390970497,0.34836676308010517,0.7881600974663012,"[-0.2640347103902341, 0.7484823885843335]",23.074773088152206
99.0,24.0,0.0034778351812704868,0.011266067966538668,1.0809801921144593,0.00011905965534103942,0.00038580575288736044,"[0.5303948662233542, 1.6315655180055644]",-0.057967287291253555,0.8300040965016935,0.9686926026402447,"[-0.5871510129313617, 0.4712164383488546]",0.22141872744074417
100.0,24.0,2.5815553770135328e-05,0.0005091825201210124,0.9894461191591296,2.5780949381976063e-09,5.0849998781017874e-08,"[0.663868688071453, 1.3150235502468062]",0.09726269844772695,0.5769306372749063,0.9028967769797148,"[-0.2444479589373859, 0.4389733558328398]",23.62848385832611
101.0,24.0,0.0007174118048306286,0.003690389942544386,1.2060686700471879,6.0019783531326284e-06,3.089026429816072e-05,"[0.6838229261621879, 1.7283144139321878]",0.004071577790945469,0.9858513849554816,0.9971100704756963,"[-0.4459301657456796, 0.45407332132757056]",23.98444771844131
102.0,24.0,0.0009203308103451624,0.004367967775724548,0.9576931497873683,9.897946778639729e-06,4.697649159297451e-05,"[0.5329640142798042, 1.3824222852949324]",-0.22070287646921116,0.3461806547275593,0.7858981065298632,"[-0.6798949566825281, 0.23848920374410582]",0.8430228898721979
103.0,24.0,0.011978247761836308,0.03026338494652933,0.9140892304913307,0.0009690922426384055,0.002447820769483217,"[0.37107854087340153, 1.4570999201092598]",-0.39399675467164297,0.20582228192846352,0.6405363603461066,"[-1.0043808887485413, 0.2163873794052552]",1.5049567456357629
104.0,24.0,0.0001659795787917026,0.0014515543441387599,0.946578333043717,2.6409038212573737e-07,2.302444482351677e-06,"[0.5861533776636005, 1.3070032884238334]",-0.740448705914762,0.00014571304962005994,0.007142796550002938,"[-1.1225318832982858, -0.35836552853123815]",2.828305719655956
105.0,24.0,4.178833961985404e-05,0.0006643615201884585,1.3387442141549153,9.180195610100138e-09,1.459490558044537e-07,"[0.8820357179674092, 1.7954527103424214]",-0.24627661984597982,0.17139095101127433,0.5926381431925115,"[-0.5991875977741532, 0.10663435808219357]",0.9407073939948303
106.0,24.0,0.00016399151961105126,0.0014421599344137798,1.1176727896971888,2.525995941674899e-07,2.2216323145777478e-06,"[0.6927893697531149, 1.5425562096412626]",-0.20388460465198133,0.31024961667804285,0.7561717851819718,"[-0.5977025921460613, 0.1899333828420986]",0.778781823616792
107.0,24.0,5.473655267659585e-05,0.0007792399182767602,1.6053127126651325,1.814198822665094e-08,2.584555017874732e-07,"[1.0463428242489412, 2.164282601081324]",-0.0725493965287054,0.6942362710329641,0.9384107475438823,"[-0.4342630153582845, 0.2891642223008737]",0.27711828182105896
108.0,24.0,0.0004236023005812417,0.002598787120130317,1.233265850404905,2.026416404704033e-06,1.2447275213169736e-05,"[0.7244734448790542, 1.7420582559307558]",-0.13089643149345953,0.5490595310824951,0.8928806760019607,"[-0.5590759042191865, 0.29728304123226745]",0.4999875385265695
109.0,24.0,0.001559985085766545,0.006292799861906191,0.9238324688622347,2.7392493658517572e-05,0.0001104981591711076,"[0.49211484872130834, 1.355550089003161]",-0.018443253133459514,0.9406640726628566,0.9892015094756179,"[-0.5040749790812168, 0.46718847281429776]",0.07044803766924407
110.0,24.0,0.0032381623768301645,0.01069047580971003,0.9225890310359024,0.00010485884373801575,0.000346297370336908,"[0.456435102026793, 1.3887429600450119]",-0.06539078645293195,0.8071068835086839,0.964880279922775,"[-0.5903071191079704, 0.4595255462021065]",0.24977440551961597
111.0,24.0,0.0202213426072987,0.047808665906935686,0.869506336242967,0.002212185969254412,0.005234100529794213,"[0.31260703416480473, 1.4264056383211292]",0.02470320311966212,0.942008662054023,0.9897460278558988,"[-0.6408693243735378, 0.6902757306128621]",23.905640714719265
112.0,24.0,0.0030538856552256416,0.010230772714323757,0.8321490426459426,9.445637691107211e-05,0.00031654281806659554,"[0.41442061375204653, 1.2498774715398386]",-0.10498080186504222,0.6930284671632537,0.9381119128929635,"[-0.6262204356527694, 0.416258831922685]",0.40099712511773605
113.0,24.0,0.007584895470256717,0.020752047892736564,1.081624654510767,0.000456530271969144,0.0012485285495711397,"[0.47679777660397016, 1.686451532417564]",-0.23174355177318073,0.4325761717593801,0.8401168610591961,"[-0.8105079214009882, 0.3470208178546267]",0.8851951630649828
114.0,24.0,0.0010084595657021084,0.004640588180696068,0.6574040151946886,1.1847247169020174e-05,5.4505972735834794e-05,"[0.3632541547307441, 0.951553875658633]",0.2092719748786651,0.3761439843479695,0.8059627565530977,"[-0.2541796253224909, 0.6727235750798211]",23.20063993793898
115.0,24.0,0.0020517717278922595,0.0077173477303297535,0.8757424235459854,4.5788841461783264e-05,0.0001723328621068245,"[0.45465230065622214, 1.2968325464357486]",0.1332159126889172,0.6008215668997372,0.91161020243821,"[-0.36580682961736694, 0.6322386549952013]",23.49115269592945
116.0,24.0,2.1679454284487725e-06,0.00018513513627958794,1.3547497606192584,1.564665892140395e-12,1.337321275333671e-10,"[0.979109875655968, 1.730389645582549]",0.3694139262452616,0.01114777647260241,0.12653548777074244,"[0.08413857609101971, 0.6546892763995035]",22.588942742185964
117.0,24.0,0.002312467985181707,0.008366382001380995,1.0131254811610688,5.715960164695301e-05,0.000206725503243953,"[0.5196933172727876, 1.50655764504935]",0.22414324664915775,0.3836094043283903,0.8099860733285268,"[-0.280080639741604, 0.7283671330399195]",23.143835864042895
118.0,24.0,0.007659005661275951,0.020897696210848433,0.92544702584961,0.00046337330063704813,0.0012643200563084533,"[0.40736637049387425, 1.443527681205346]",-0.12471907540241567,0.6739964663695974,0.9338966192307091,"[-0.7058045125920487, 0.45636636178721735]",0.47639177635548646
119.0,24.0,0.0038887435852678204,0.012290592873792099,0.7596859855959662,0.0001450885305202385,0.0004585604630854567,"[0.3677859233082596, 1.1515860478836728]",-0.11547911666754818,0.6725778109177826,0.9338966192307091,"[-0.6510401025431359, 0.4200818692080396]",0.44109773379662337
120.0,24.0,0.007402444251384728,0.020325217604021766,0.8371481269645946,0.0004401974447750163,0.0012083377567252713,"[0.3703187848154771, 1.303977469113712]",-0.46093179633333925,0.11346169813859715,0.4939560215002053,"[-1.031690139429994, 0.10982654676331549]",1.760629771552265
121.0,24.0,0.02200624637237191,0.051524810050039595,0.8741193585858233,0.0025229283944286857,0.0059084974108400135,"[0.30692905767074663, 1.4413096595009]",-0.09292723578368989,0.7869470809324037,0.9611891631115267,"[-0.7668061355929185, 0.5809516640255388]",0.3549558941481673
122.0,24.0,0.002629175397909031,0.009183629401628696,1.0226365743159576,7.209527490934184e-05,0.00025200970361249626,"[0.517673598367768, 1.527599550264147]",0.09463577535462697,0.717574005751225,0.9465980671013572,"[-0.4181681704357947, 0.6074397211450486]",23.638517965415446
123.0,24.0,0.00012597447340911952,0.0012302092423316193,1.2725392718163162,1.36928300825009e-07,1.3371904377442284e-06,"[0.7992087437585895, 1.745869799874043]",-0.09124768016742468,0.6433937718704635,0.9269467971048314,"[-0.4775500860644534, 0.29505472572960406]",0.34854046426353463
124.0,24.0,0.0026693632009046394,0.00927979465492793,0.9839503324575447,7.423612535922432e-05,0.000257956273507398,"[0.49723429685078163, 1.4706663680643077]",-0.21798662542070435,0.40421377697189387,0.8226879185845731,"[-0.7301986675212271, 0.2942254166798184]",0.8326475751270361
125.0,24.0,3.1867249138707276e-05,0.0005630256031573723,1.3501899045086712,4.549975137564127e-09,8.038825331385383e-08,"[0.8988181397039563, 1.801561669313386]",0.3182611653008438,0.07044011219234254,0.38745936299418343,"[-0.026546047347877633, 0.6630683779495652]",22.784331896356413
126.0,24.0,0.0033490134904796956,0.010972710178983559,0.9308324028529221,0.00011171533583071024,0.00036591986842682685,"[0.458634248497995, 1.4030305572078492]",-0.29167897656371444,0.27512947870505866,0.7255688343191455,"[-0.8155190665662668, 0.23216111343883794]",1.114131621986406
127.0,24.0,0.004878158875369579,0.014600894568600956,0.9811963292236479,0.00021549737528714496,0.0006452017224166017,"[0.4614538979486065, 1.5009387604986892]",-0.15808721714065221,0.572797667467557,0.9009085678948678,"[-0.7075205479050309, 0.3913461136237265]",0.6038486891418385
128.0,24.0,0.0008710903649011514,0.004191965182392452,1.2042032346859457,8.855598274315047e-06,4.26159685963188e-05,"[0.6730323176365276, 1.7353741517353638]",0.08373310626054398,0.7201891070585136,0.9476172461296232,"[-0.37442181507665107, 0.541888027597739]",23.680163093716693
129.0,24.0,4.327097071132231e-05,0.0006741805826669221,1.1337975520694565,9.99789101249104e-09,1.562170470701725e-07,"[0.7460303854534458, 1.5215647186854673]",-0.11912283465566453,0.5107889575202331,0.878165481881163,"[-0.4741608827663372, 0.23591521345500815]",0.4550157112936211
130.0,24.0,0.004829150663991256,0.014484555080957577,0.9289150571862789,0.0002116068554441869,0.0006348840547380346,"[0.4374798751104773, 1.4203502392620804]",0.08056578875201215,0.7738432666289868,0.9594231226648312,"[-0.46895664986995866, 0.630088227373983]",23.692261355424478
131.0,24.0,0.0017497442738726979,0.0068590524260003834,1.0894367697725824,3.404980890695712e-05,0.000133528662380224,"[0.574239093735653, 1.6046344458095119]",-0.16004282768867206,0.5224885094962797,0.8835497162452141,"[-0.6505373331681045, 0.33045167779076035]",0.6113185711933588
132.0,24.0,0.030328161665463652,0.06850725472207737,0.62759890864631,0.0041303421633501,0.00933199765781767,"[0.1987085026321037, 1.0564893146605163]",-0.3176745954361513,0.3770635086981523,0.8059627565530977,"[-1.0225504123908187, 0.3872012215185161]",1.213427571801157
133.0,24.0,0.001245146256887234,0.0053646973584111765,0.7851901019631892,1.781474876538094e-05,7.682082261915025e-05,"[0.4265165225774241, 1.1438636813489542]",-0.08182477685376899,0.7353612693399822,0.9523631024368666,"[-0.5562993560946925, 0.3926498023871545]",0.3125476248880473
134.0,24.0,0.0001770503367918336,0.0015004265829816406,1.2328340881603832,2.998435103358792e-07,2.5410466977616882e-06,"[0.7612250257163611, 1.7044431506044053]",0.027061023530167816,0.8938596541813792,0.9795722237604156,"[-0.37046438366512907, 0.4245864307254647]",23.896634504161145
135.0,24.0,0.1594548038120661,0.31047811345400944,0.5484891556413252,0.045638630218940573,0.08889487771511605,"[0.010635502337527192, 1.086342808945123]",0.2474886145831956,0.6325131958222757,0.9223220313219056,"[-0.7668910861300209, 1.261868315296412]",23.05466312712287
136.0,24.0,0.0012900299050771058,0.005501193625062285,1.1691131668465424,1.9072156163645742e-05,8.136585394046819e-05,"[0.6331693732831755, 1.7050569604099093]",-0.085301056132975,0.7254891021271346,0.9490709376786874,"[-0.5614378318725314, 0.39083571960658137]",0.32582603362853296
137.0,24.0,0.015108727836946573,0.03697681800525348,0.9514725236680227,0.0013999989911469557,0.0034263313537615165,"[0.36773059822115584, 1.5352144491148896]",-0.1294837050973081,0.6902236836707154,0.9373185088522442,"[-0.7662480401755962, 0.50728062998098]",0.49459132118615595
138.0,24.0,0.08166891571760965,0.1684589845660265,0.7464571741930364,0.017692813933658357,0.03649507824599496,"[0.1296618566770863, 1.3632524917089865]",-0.0843198793432558,0.847303141627468,0.9708072590103425,"[-0.9425638187672656, 0.773924060080754]",0.3220782143613926
139.0,24.0,5.506102498497729e-05,0.0007810074465954227,1.3509928150100698,1.8423477308336697e-08,2.613259192671872e-07,"[0.8803549838956335, 1.8216306461245062]",-0.10518667761902467,0.5687158864130513,0.9001517670355353,"[-0.466910302283475, 0.2565369470454257]",0.4017835125715539
140.0,24.0,0.0007255986736089578,0.003713401604958843,1.1207426675108023,6.1424639532138284e-06,3.145142833186804e-05,"[0.6349190335817254, 1.6065663014398792]",0.06306044124065835,0.7837436213498091,0.9607862641660785,"[-0.3872911927064866, 0.5134120751878033]",23.759126857511838
141.0,24.0,0.00015239889857744313,0.0013841861814481663,1.2367282066803873,2.1282315050093096e-07,1.9365572816788852e-06,"[0.7694867760845929, 1.7039696372761817]",-0.007533999236104094,0.9699990992841571,0.9946639642340541,"[-0.4001581930358647, 0.3850901945636565]",0.028777757272236724
142.0,24.0,0.0018047431901754183,0.00701415930888231,0.9006681611265058,3.603801543165623e-05,0.00014011670074516418,"[0.47339701396302786, 1.3279393082899837]",-0.04759064239465882,0.849910932937728,0.9708072590103425,"[-0.540508913307464, 0.44532762851814633]",0.181782863568688
143.0,24.0,0.008593268914096787,0.022915383770924766,0.970779446650021,0.00056198062394136,0.0014986149971769598,"[0.4191670868820131, 1.522391806418029]",-0.255496852702481,0.3940994643591502,0.8163177410562709,"[-0.8431063143953585, 0.3321126089903965]",0.9759260892485215
144.0,24.0,0.0001708639456176486,0.0014666433100227348,1.1258770072944095,2.78306611547165e-07,2.3888979531945493e-06,"[0.6963594928854986, 1.5553945217033205]",-0.2993258269572543,0.1363030607102914,0.529743726040775,"[-0.693141850200399, 0.09449019628589034]",1.1433404389275916
145.0,24.0,0.0012433556686140945,0.005363196891411236,1.1465302318741075,1.7811698363391682e-05,7.682082261915025e-05,"[0.6228017020685299, 1.6702587616796851]",0.2370511090771794,0.3256645130020607,0.7674497923758702,"[-0.23565128178109473, 0.7097534999354536]",23.09453146139882
146.0,24.0,0.006457060922522066,0.018317903326303734,0.8560222715924287,0.0003481150661569197,0.000987840709866401,"[0.38692288012045906, 1.3251216630643983]",0.1874398385017546,0.5177518109914918,0.8812796782833903,"[-0.3805362364654714, 0.7554159134689806]",23.28403255608238
147.0,24.0,0.10097130354428155,0.20451955346218664,0.7364727883834778,0.02394282196456687,0.04849670237911053,"[0.09722077536479656, 1.3757248014021592]",-0.034247915272230145,0.9406755795939729,0.9892015094756179,"[-0.9362095197968028, 0.8677136892523425]",0.1308174001480282
148.0,24.0,0.00020226784909762487,0.0016388135544361862,1.2381201193027631,4.050211174670129e-07,3.282180854675956e-06,"[0.7591639766472899, 1.7170762619582365]",0.0010254997663707854,0.9960108800098543,0.9991900609698904,"[-0.40099186197462267, 0.40304286150736424]",23.996082879433022
149.0,24.0,0.00016752643834114914,0.0014561729098701026,1.0477962971086352,2.668458826216102e-07,2.3183829941060833e-06,"[0.6486799226993379, 1.4469126715179326]",0.37309473570364915,0.062002621376860814,0.36192471911067564,"[-0.01872933219517947, 0.7649188036024778]",22.574883085708798
150.0,24.0,0.001502288894063775,0.006129138842509766,0.9169951718524557,2.5633095231531428e-05,0.00010462487849604665,"[0.4900023888794435, 1.3439879548254678]",-0.32563485775114653,0.18373518887224483,0.614498959438946,"[-0.8057465446126666, 0.15447682911037358]",1.243833534098908
151.0,24.0,0.0020151729863583587,0.007630905566400434,1.1622370027614102,4.437634388641627e-05,0.00016815590711033066,"[0.6043863103089696, 1.7200876952138509]",0.24593014546416025,0.3316727644897033,0.7731125534751413,"[-0.25060779504168273, 0.7424680859700032]",23.06061604065768
152.0,24.0,0.22821562168068338,0.42522008884047585,0.4220470913329738,0.075372662079966,0.14046340305621693,"[-0.04314342233447438, 0.887237605000422]",-0.18397150833874854,0.7523064771458987,0.9552799279805988,"[-1.3264874824682904, 0.9585444657907933]",0.7027193985644081
153.0,24.0,0.03523418139374561,0.07814189708082858,0.6766901685893655,0.005169456485723531,0.011467294777558854,"[0.20238563649603275, 1.1509947006826982]",-0.18077220102700942,0.6258187862054327,0.9195245607783346,"[-0.9073764357393144, 0.5458320336852955]",0.6904989448092084
154.0,24.0,0.010336097888501617,0.02673304895227744,0.864186313815848,0.0007596980595873212,0.00196507516706498,"[0.3611462412450812, 1.3672263863866148]",0.0873039456443303,0.7771554542958055,0.9596363723535175,"[-0.5172745874897293, 0.6918824787783899]",23.666523491982687
155.0,24.0,0.00014194193113014817,0.0013365530238243707,1.220298891850098,1.8071999879749347e-07,1.7016949039312003e-06,"[0.761948268038674, 1.6786495156615222]",0.08021782026633772,0.6869583004957949,0.9372486972514004,"[-0.309929530464802, 0.47036517099747743]",23.69359049713332
156.0,24.0,0.000728396943392993,0.003722007886525258,1.1678054310217985,6.205274385058869e-06,3.170809598905912e-05,"[0.6613396155502517, 1.6742712464933454]",0.211545389130829,0.3559703466405466,0.7930907199119362,"[-0.2376307466548332, 0.6607215249164912]",23.191956135156722
157.0,24.0,0.00010203641029678005,0.0010830564783920543,1.3172368978489553,8.329101659128716e-08,8.84193382073112e-07,"[0.835556102119777, 1.7989176935781335]",-0.10365208121210312,0.5926301213782557,0.908523871498169,"[-0.48335957422909753, 0.2760554118048913]",0.39592178608005085
158.0,24.0,1.5410994345679694e-05,0.0003911419884690278,1.2992517891289659,6.278054973001546e-10,1.5934149677668898e-08,"[0.8874179468086041, 1.7110856314493277]",-0.1929934894213865,0.24950823451556237,0.6967557512302776,"[-0.5214742706623448, 0.1354872918195717]",0.7371808278232098
159.0,24.0,0.011674610008767206,0.029593434749726755,0.7827315469350226,0.0009304817794680529,0.0023574405357690725,"[0.31935368260081026, 1.2461094112692348]",-0.4402098059938906,0.15498224665452723,0.5680561322222348,"[-1.0468929240075528, 0.16647331201977178]",1.6814775989148467
160.0,24.0,0.012972166679709917,0.03239082972604607,0.9107978921850215,0.0010975322214173764,0.002740405047234398,"[0.36392507912985717, 1.4576707052401858]",-0.12430368037634487,0.695868168473269,0.9388952763058601,"[-0.7475531545980127, 0.498945793845323]",0.4748050842338476
161.0,24.0,0.007151896904451676,0.019762080421253596,0.7624305054112754,0.00041612172442045595,0.0011495075260233591,"[0.339062875318207, 1.1857981355043439]",0.5389452141844586,0.061765893646898454,0.3609256923473804,"[-0.026541251376224873, 1.1044316797451421]",21.941380922563756
162.0,24.0,0.0004232491373017728,0.0025982144708518898,0.9724116278050249,2.0316089052336127e-06,1.2463858314316642e-05,"[0.5711927448401692, 1.3736305107698805]",-0.2980373417931874,0.17025451251970514,0.590150916556816,"[-0.7239876250821, 0.12791294149572519]",1.1384187881365082
163.0,24.0,0.009039244450131979,0.023957711238091647,1.031702172993491,0.0006097162938198575,0.0016165268332790212,"[0.4416967250285968, 1.6217076209583852]",-0.0791319284174028,0.79402073470855,0.9628316126547152,"[-0.6731566144916503, 0.5148927576568447]",0.3022617015365683
164.0,24.0,1.9836244804163683e-05,0.00043885497354344434,1.2346974550358225,1.2604038326812981e-09,2.788504054604642e-08,"[0.8361768268047793, 1.6332180832668657]",0.05954846378846401,0.7278066172531181,0.9499529938388005,"[-0.2757902035780345, 0.39488713115496255]",23.772541623228893
165.0,24.0,0.0004965287588190573,0.002887571068722717,1.1844108821285753,2.8233276141798867e-06,1.6462551686180096e-05,"[0.6887311227210094, 1.680090641536141]",-0.013544434040698938,0.9513284844613843,0.9914303668057421,"[-0.4484595844919641, 0.4213707164105662]",0.05173592709502487
166.0,24.0,5.2875158408279317e-05,0.0007635568899979008,1.3667420199519746,1.6696254150104046e-08,2.412753489899429e-07,"[0.8920491493600118, 1.8414348905439375]",0.22344333659635218,0.22325304947112135,0.662664232788248,"[-0.1361366341924906, 0.5830233073851949]",23.146509323513865
167.0,24.0,0.001157561906938582,0.005117426644290813,1.0647469833890306,1.550421460738817e-05,6.856261040367856e-05,"[0.5818327371641474, 1.5476612296139138]",-0.21421858206236966,0.37138355186007266,0.803654485224597,"[-0.683921975370271, 0.25548481124553174]",0.8182547096967109
168.0,24.0,0.002884310729062116,0.009810580711095633,0.745178502629333,8.608272266148371e-05,0.0002924999071066385,"[0.3732415016553114, 1.1171155036033547]",0.9803286938529991,9.374114392616639e-05,0.00527502251175947,"[0.4884474828888697, 1.4722099048171287]",20.255420220443373
169.0,24.0,0.013263291939860975,0.0330261253482594,0.7141883676139387,0.0011369190625029797,0.0028309737612125987,"[0.2840483398678524, 1.144328395360025]",-0.07292320085297543,0.8192999857782023,0.966095377463714,"[-0.6985730814413446, 0.5527266797353937]",0.27854610916401984
170.0,24.0,0.0026472116928288056,0.009225731856150261,0.7993609581965814,7.331687263264614e-05,0.00025537050725407917,"[0.4042494582964036, 1.1944724580967592]",0.33873882700960856,0.19239729819668305,0.6244437368203832,"[-0.17058662180297024, 0.8480642758221874]",22.70611299034249
171.0,24.0,8.733815582965622e-05,0.0009945720984416964,1.198385408829462,5.7958680819841986e-08,6.594164787111847e-07,"[0.7654272952520018, 1.6313435224069224]",-0.3919534646148586,0.038527778833098415,0.2748058404643254,"[-0.7632160199580803, -0.02069090927163686]",1.4971519525307768
172.0,24.0,0.022478030519874747,0.05249423288153841,0.6305594645304737,0.0026145431806327097,0.006105892528334212,"[0.21993738868806334, 1.0411815403728841]",0.35628772461115066,0.2976095743961603,0.7470401704647027,"[-0.3141510620503928, 1.026726511272694]",22.639081139164116
173.0,24.0,4.6153927841559404e-06,0.0002413319386198876,1.4802512766672349,1.7618473756880093e-11,9.224331809884866e-10,"[1.0488087865686582, 1.9116937667658116]",-0.03709873471775804,0.8102691449079454,0.9654338727701918,"[-0.33996668716959916, 0.2657692177340831]",0.14170672830686648
174.0,24.0,0.00011794955429294335,0.0011794955429294334,1.241471189149099,1.1739071055320267e-07,1.1750821877197464e-06,"[0.7821539712072912, 1.700788407090907]",0.11506086276181726,0.5571214364125354,0.8951179890946906,"[-0.26904151200051185, 0.4991632375241464]",23.560499878440925
175.0,24.0,0.0008910491064815853,0.004261353928654162,1.1097735725921702,9.263670421004618e-06,4.4323781918682386e-05,"[0.6191845706924033, 1.6003625744919372]",0.09423220291447176,0.6874644164479784,0.9372486972514004,"[-0.36485914365279126, 0.5533235494817348]",23.64005949858536
176.0,24.0,0.0009854412442902398,0.004575532012807895,1.1943479837982809,1.1301102493608773e-05,5.24900255160649e-05,"[0.6611973792682346, 1.7274985883283271]",0.10113286516824616,0.6689331756124005,0.9332201550489372,"[-0.3624099855702277, 0.5646757159067199]",23.61370091038626
177.0,24.0,5.294544336629857e-05,0.0007635568899979008,1.165936268787586,1.6742693812848446e-08,2.415973133167164e-07,"[0.7609523624000359, 1.5709201751751363]",0.20800101335271748,0.2571755163597851,0.706034507547217,"[-0.15178831146847888, 0.5677903381739138]",23.205494653363
178.0,24.0,0.0021963967983289067,0.008101795641198475,0.9891720101603229,5.192713819421352e-05,0.00019154237622358362,"[0.510089428968353, 1.4682545913522929]",0.13955327450959487,0.5862810340894471,0.9074153135574169,"[-0.3630243169987438, 0.6421308660179336]",23.466945756891306
179.0,24.0,0.010924129882092888,0.027983341598150073,0.8384940461391563,0.0008316178626982085,0.0021312605399749066,"[0.3467546492509183, 1.3302334430273943]",-0.13212838152093287,0.6704876398388445,0.9334367810647981,"[-0.7407764306114059, 0.4765196675695401]",0.5046932410029193
180.0,24.0,0.0015368860780224122,0.006222210842196001,1.012371853979453,2.663285683036131e-05,0.00010786900295812599,"[0.5399963423643674, 1.4847473655945387]",-0.051736970343369215,0.8343230611362564,0.9707873627483405,"[-0.536544902686297, 0.4330709619995586]",0.1976206696979041
181.0,24.0,0.00031899085904070815,0.0021626498918014114,1.1382918080802114,1.1153603220382446e-06,7.56176489517454e-06,"[0.6801890422634769, 1.5963945738969458]",0.4034790797826595,0.05569830964418305,0.34269230728021943,"[-0.00982139804215526, 0.8167795576074743]",22.458823440442092
182.0,24.0,0.0016719423320548583,0.006657209606368848,1.3374741384365663,3.1233761773714025e-05,0.00012438774103430515,"[0.707977179053652, 1.9669710978194805]",-0.09086911582414103,0.7155960465624376,0.9464610198116753,"[-0.5796842329234102, 0.3979460012751281]",0.3470944549872483
183.0,24.0,0.0003991976549163658,0.0025059488695314863,1.1525175699105135,1.7858867513228975e-06,1.1217881603787044e-05,"[0.6795754269460378, 1.625459712874989]",0.06321091430746595,0.7713543343052051,0.9589249382121035,"[-0.3631121578213989, 0.4895339864363308]",23.758552092734607
184.0,24.0,2.4339695095544683e-05,0.0004947092499094448,1.177455876503115,2.1984463868239605e-09,4.4774875495396343e-08,"[0.7916971734471301, 1.5632145795590997]",-0.02022235596594335,0.9073233058630841,0.9841884215892006,"[-0.36068486007907824, 0.32024014814719154]",0.07724370991065034
185.0,24.0,0.09433926921645011,0.19248983720965132,0.5030978391336389,0.02180781597495646,0.044496665935434526,"[0.07320106192883019, 0.9329946163384477]",-0.5085216818711542,0.25302302847012703,0.7011755960607574,"[-1.3804827470210033, 0.36343938327869485]",1.9424097441407628
186.0,24.0,0.004228330893002496,0.013098918503725207,0.9604304063891965,0.00016805340829076948,0.0005206115498474891,"[0.46015595536561316, 1.46070485741278]",-0.13300452870875112,0.6296470325206334,0.9216640993393094,"[-0.6735919748059056, 0.40758291738840335]",0.5080398767425355
187.0,24.0,2.4150160815806988e-05,0.0004938683193416562,1.2941724526014642,2.1633573887209323e-09,4.433109403116664e-08,"[0.8703605659898328, 1.7179843392130956]",-0.2223950094659104,0.19858080285948554,0.6324229390429476,"[-0.561446323965781, 0.11665630503396013]",0.8494863618112439
188.0,24.0,0.06153056306128563,0.12948350812560108,0.6314392377706631,0.011761467998551075,0.024750563970014888,"[0.1401770682635377, 1.1227014072777886]",0.10487868678222245,0.7991452604791291,0.9642437759616215,"[-0.7029643468653386, 0.9127217204297835]",23.599392925766946
189.0,24.0,0.0002851903359601946,0.002015479406079114,1.285212830902509,8.77318484603292e-07,6.190477413851352e-06,"[0.7729490584459675, 1.7974766033590506]",-0.4828365959491032,0.020185800117224026,0.1855312510774267,"[-0.8902376915627697, -0.07543550033543683]",1.8442999428231357
190.0,24.0,0.0023760842989245835,0.008525598489144541,1.0421309295812355,6.007251467536432e-05,0.00021562280931573696,"[0.5330901910913074, 1.5511716680711638]",0.22533561366880495,0.3824531838517218,0.809701846218668,"[-0.28034013380864253, 0.7310113611462524]",23.13928135751914
191.0,24.0,0.00744404178774992,0.020422611214677422,0.601228675789885,0.00044159151080725876,0.0012115084099442658,"[0.2658779055333649, 0.9365794460464052]",-0.015749938156639054,0.9575284064221259,0.9936740936524378,"[-0.5953964157880597, 0.5638965394747816]",0.06016033226449823
192.0,24.0,7.6050527058082635e-06,0.00028494638374203777,1.3035183635465337,8.161267044823025e-11,3.0566543239037544e-09,"[0.91031934628895, 1.6967173808041176]",-0.2742732725705155,0.0846068344169254,0.4240944081048892,"[-0.5859851297082878, 0.037438584567256794]",1.047646730102119
193.0,24.0,0.0017878676626920857,0.006970244298994486,0.9148782551228124,3.5406317128392956e-05,0.00013803632408730196,"[0.48129226820195903, 1.3484642420436659]",-0.015974818041390115,0.949310693625217,0.9908684119057948,"[-0.5084850675049076, 0.4765354314221274]",0.061019310150739844
194.0,24.0,0.0008521154151258412,0.004136482597698258,1.1784293302583833,8.585954008020489e-06,4.149808607066452e-05,"[0.6594034670814588, 1.6974551934353077]",0.5972164790358443,0.00878466550155229,0.10952513198205102,"[0.15050703686905742, 1.0439259212026313]",21.718801086372196
195.0,24.0,0.0026321550992330412,0.009186843929725502,0.9459908101925482,7.23383784443459e-05,0.0002525781370263474,"[0.47877995708119325, 1.413201663303903]",-0.19299687664320953,0.45985872822743135,0.8539623551112931,"[-0.7048050525538819, 0.3188112992674629]",0.7371937660575254
196.0,24.0,0.0017440544625591417,0.006847485129796395,1.1257398934521863,3.381742802216426e-05,0.00013282244771248912,"[0.5935758454092451, 1.6579039414951273]",-0.10531632742127162,0.674100322362303,0.9338966192307091,"[-0.5961672905880242, 0.385534635745481]",0.40227873833711764
197.0,24.0,0.010584128702107582,0.027231696762831867,0.9107615121776035,0.000790232056797779,0.0020340593482568313,"[0.37889120595635306, 1.442631818398854]",-0.17115254902764843,0.5795970161644198,0.9035027531791424,"[-0.7766920962417352, 0.43438699818643833]",0.6537545808126771
198.0,24.0,0.0034563244980044977,0.011207277879392016,1.012279414145794,0.00011779399318902443,0.00038207587800526897,"[0.49703661884914263, 1.5275222094424454]",0.10216045862325274,0.704806906532089,0.9423077547908834,"[-0.42637660058797366, 0.6306975178344791]",23.609775792517784
199.0,24.0,0.026232596768416057,0.06030482015727829,0.7257434963996963,0.0033051780008666333,0.007599857440484326,"[0.24156608296892867, 1.2099209098304637]",-0.08649568977131228,0.8067214416098498,0.964880279922775,"[-0.7794164501346764, 0.6064250705920519]",0.33038919799793853
200.0,24.0,0.0015611960022748294,0.0062951451704630216,1.045494318224621,2.743271959554586e-05,0.00011061580482074944,"[0.5568839482819007, 1.5341046881673415]",0.017898108190728124,0.942419474386234,0.9898324486779057,"[-0.4677728831137382, 0.5035690994951945]",23.93163426262685
201.0,24.0,0.00020525694725888002,0.0016505581478155785,1.0670558397375285,4.192400141202578e-07,3.3700965765294036e-06,"[0.6537380688776777, 1.4803736105973793]",0.14379711418671537,0.4831433969511637,0.8660904095852501,"[-0.25810639648334127, 0.545700624856772]",23.45073548339603
202.0,24.0,0.0013309270038503493,0.0056249138289451725,1.1911798441995334,2.024590883717012e-05,8.560637986118444e-05,"[0.6434132649709954, 1.7389464234280714]",-0.06165882913772869,0.8003043118036738,0.9643261963868218,"[-0.5394114069222974, 0.41609374864684]",0.2355193786206746
203.0,24.0,1.4852560771740617e-05,0.00038279795803455196,1.3492857393972546,5.642200089035546e-10,1.4541752806792644e-08,"[0.9227530779550656, 1.7758184008394435]",0.09681150570245922,0.5632645031697309,0.897274934025387,"[-0.2314709357378767, 0.42509394714279514]",23.630207287662827
204.0,24.0,0.0002695709194256862,0.001942153598167768,1.1946741599691615,7.669860805151123e-07,5.525836314950377e-06,"[0.7210263937254436, 1.6683219262128794]",-0.1339366753351694,0.5234683284951096,0.8837210016087154,"[-0.5453907148956008, 0.27751736422526196]",0.5116004145812771
205.0,24.0,1.0270721112458996e-05,0.0003248576044199919,1.262507998615272,1.9884688942981506e-10,6.333346778247092e-09,"[0.873576655276414, 1.6514393419541302]",-0.36663766667671904,0.023396317894855887,0.2022153664205349,"[-0.6836329166226937, -0.04964241673074443]",1.4004527274066843
206.0,24.0,3.137028194960048e-05,0.0005557854792150056,1.3068839058807138,4.376267905155813e-09,7.7456069117802e-08,"[0.8704701288546783, 1.7432976829067492]",-0.3666555051810416,0.0364947217699169,0.2655948601213674,"[-0.7102727826314026, -0.023038227730680594]",1.4005208654740515
207.0,24.0,0.005497061963844042,0.016059251495587804,0.832984481228428,0.00026448183476061074,0.0007726609253888715,"[0.38542329759029986, 1.2805456648665563]",0.1031750000666225,0.7170145586231939,0.9465980671013572,"[-0.4547457374926993, 0.6610957376259443]",23.60590052966137
208.0,24.0,0.006238254548758767,0.01784397754221615,0.8706165099338317,0.00032841365894659423,0.0009396671214494829,"[0.39553954108094885, 1.3456934787867145]",-0.19423210955367676,0.500798051549462,0.8731021700276606,"[-0.7596931520806721, 0.3712289329733186]",0.7419120082232209
209.0,24.0,0.019927842937404638,0.04724476751399866,0.7845816349111197,0.00216554952137762,0.005134067144091085,"[0.2831194307767042, 1.286043839045535]",0.22745724754661367,0.5004325843311925,0.8731021700276606,"[-0.43416620731888267, 0.88908070241211]",23.13117731306111
210.0,24.0,0.03130588042949857,0.07047699331269376,0.7524814436053971,0.004328035841823935,0.009743439535848572,"[0.235576676941482, 1.2693862102693123]",0.21153200204383804,0.56007070206931,0.8963105579420086,"[-0.4999303997874561, 0.9229944038751322]",23.19200727006236
211.0,24.0,0.06241584940809671,0.13115328726223305,0.5525785241293921,0.012006035929228704,0.025228064570768448,"[0.12142872721062065, 0.9837283210481635]",0.05617522769455974,0.8919663956420958,0.9795465253756226,"[-0.7544882275725646, 0.8668386829616841]",23.785426435994353
212.0,24.0,1.037181864218249e-05,0.0003248576044199919,1.2609376113860344,2.0180610434497797e-10,6.406542995078666e-09,"[0.8723514805450986, 1.6495237422269704]",0.01966144875918019,0.9042223882520772,0.982851517978372,"[-0.30059113542765503, 0.3399140329460154]",23.924898797799084
213.0,24.0,0.0034373234257876065,0.011160140992816904,1.073587676745439,0.00011731095845547793,0.00038075611313040554,"[0.5272821728092912, 1.6198931806815868]",0.40696141862961976,0.12685546572279208,0.5153725211839719,"[-0.11551934733090008, 0.9294421845901396]",22.44552188585774
214.0,24.0,0.009546517498581854,0.025056902180529438,0.8706726869515226,0.0006694377801533249,0.0017575158313292857,"[0.36903018749622274, 1.3723151864068224]",-0.35184297170539747,0.24511386055085327,0.6910455611808662,"[-0.9451492562734815, 0.24146331286268652]",1.343941155337341
215.0,24.0,0.0002497111968427146,0.0018500754267593458,1.1721372096328242,6.476614830220011e-07,4.801048799273545e-06,"[0.7104920951338697, 1.6337823241317788]",0.07833264859646327,0.7074530862046187,0.943613748991825,"[-0.3307742483721428, 0.48743954556506935]",23.70079132248942
216.0,24.0,4.817584889578568e-08,5.3528720995317424e-05,1.406172297163616,4.21449346925536e-19,4.682770521394845e-16,"[1.0975855399490435, 1.7147590543781883]",0.0912781136699703,0.4324827783866747,0.8400986371147526,"[-0.13663675227647695, 0.31919297961641757]",23.651343288319687
217.0,24.0,0.003896735464593309,0.012311960393659744,1.088776794479563,0.0001458443687105123,0.0004608036926082537,"[0.5269178091766883, 1.6506357797824376]",-0.22688360367390192,0.4051708616225923,0.8233506637321526,"[-0.7610883234071286, 0.3073211160593248]",0.8666315287488959
218.0,24.0,0.0068086411161040385,0.019050478780369442,0.810925293570974,0.00038168273652933486,0.0010673454600932184,"[0.363518319430763, 1.258332267711185]",-0.33988108792191873,0.24127191250088242,0.685626349817796,"[-0.9083628902013801, 0.2286007143575426]",1.298250124949387
219.0,24.0,0.01893312722044472,0.045143364855614494,0.7799587052140423,0.0020040129873525546,0.004778285616005138,"[0.28517857379344014, 1.2747388366346444]",0.3905719816305302,0.24031263681541315,0.6842614943491263,"[-0.26136405181762334, 1.0425080150786838]",22.5081249237673
220.0,24.0,0.016565026773474344,0.040005534060551705,0.956573604296571,0.001620791234964574,0.003914009260962506,"[0.36178706713510544, 1.5513601414580367]",0.21258861602430024,0.5176141924422188,0.8812796782833903,"[-0.4313810414908775, 0.856558273539478]",23.187971301952025
221.0,24.0,0.0014988821605254597,0.006122884642669362,0.880508500601225,2.5746373876386346e-05,0.00010495871943084528,"[0.47040840511131365, 1.2906085960911362]",0.789456201983886,0.0008899376671360531,0.02418308878087101,"[0.3238478619737646, 1.2550645419940074]",20.984499434393058
222.0,24.0,0.00023593451913183933,0.0017884777861289715,1.0880360004378642,5.725451191344728e-07,4.3408858336263165e-06,"[0.6615554840625275, 1.5145165168132009]",-0.1908363243159581,0.35717742325191526,0.7940805319073261,"[-0.5970590422187274, 0.21538639358681128]",0.728941064072947
223.0,24.0,0.00274424576141394,0.009453137311105546,1.0971182583461914,7.790156054405505e-05,0.0002684775176065483,"[0.5528409113102165, 1.6413956053821663]",0.07972778115153556,0.761704413198122,0.9565635162989086,"[-0.4355797384933936, 0.5950353007964647]",23.695462308671623
224.0,24.0,0.03149435470604641,0.07083750496186778,0.7652232587082792,0.004374797114343069,0.00983984955992593,"[0.23893552477659608, 1.2915109926399624]",-0.3533799942178737,0.32806332538168737,0.7695511873942718,"[-1.0615561831777374, 0.35479619474199]",1.34981214886944
225.0,24.0,2.164523330173942e-05,0.00045377847592745115,1.2161460533365371,1.6183092979484402e-09,3.3926819663489314e-08,"[0.8209938057738522, 1.611298300899222]",0.3535413619905956,0.0383468669081487,0.27390619220106216,"[0.018975633650531565, 0.6881070903306596]",22.649571471642133
226.0,24.0,0.0024825714592011873,0.008822215562193274,0.8989818070234834,6.49413901349858e-05,0.00023077963800634615,"[0.457837751272641, 1.3401258627743258]",-0.07403495477091937,0.7759045886749285,0.9595896677274527,"[-0.5837862781603317, 0.43571636861849294]",0.2827926963210412
227.0,24.0,0.005557600552507403,0.016212370339869903,0.8947857872984614,0.0002718305014547128,0.0007922777658254526,"[0.4130879772270193, 1.3764835973699034]",0.6004181805715172,0.031100136612017982,0.2412733639411791,"[0.05454010422302502, 1.1462962569200092]",21.70657148735522
228.0,24.0,0.0017408594714162422,0.006843676100639557,1.1441285747659893,3.377759020056642e-05,0.00013277725753293323,"[0.6033069817030332, 1.6849501678289454]",-0.2394295753689093,0.33733904125053826,0.7775336483984394,"[-0.7285432236323406, 0.24968407289452194]",0.9145536106165302
229.0,24.0,0.0010913219840539136,0.004910163320649067,1.1217967754948046,1.3791404592944914e-05,6.209338843904513e-05,"[0.6160221474534732, 1.6275714035361362]",0.00911404522527981,0.969588195954419,0.9946639642340541,"[-0.45943164848605783, 0.47765973893661745]",23.96518691162001
230.0,24.0,0.002866079628693988,0.009765177610541697,1.3051021908125,8.503145116517399e-05,0.0002894195070291831,"[0.6541833835036762, 1.956020998121324]",0.5430286617816549,0.03607666237911593,0.2633333020373425,"[0.035259114088642796, 1.0507982094746668]",21.925783301684945
231.0,24.0,0.031186318937983532,0.07022364093218539,0.6534396868050475,0.004304568785969815,0.009692791681985623,"[0.2048415863820751, 1.1020377872280198]",-0.2443330493086373,0.5001493102647674,0.8731021700276606,"[-0.9545748585673445, 0.46590875995006986]",0.9332835013964503
232.0,24.0,7.266161360795392e-05,0.0009105465364405254,1.0277703728084864,3.663477248554661e-08,4.5908236197426835e-07,"[0.6619395512220063, 1.3936011943949664]",-0.022579089120966067,0.9047685321183792,0.9831234729092461,"[-0.3924745670888922, 0.3473163888469601]",0.0862457674587405
233.0,24.0,4.684599595129935e-05,0.0007044510669368322,1.3208060261598364,1.2259635895547126e-08,1.8435542700070865e-07,"[0.8663295911782936, 1.7752824611413793]",-0.15942334245749645,0.38129891244390424,0.809208218259559,"[-0.5163188790971958, 0.19747219418220285]",0.6089523119122222
234.0,24.0,6.316668293574272e-05,0.0008328513518072152,0.9601030056457388,2.594895397865222e-08,3.4278671041812706e-07,"[0.6220678609170829, 1.2981381503743947]",0.08366211124230905,0.6538727157590795,0.9301211184160023,"[-0.2820356307687846, 0.44935985325340266]",23.68043427471078
235.0,24.0,0.00015727372689178215,0.0014083495470992998,1.373680607994155,2.2878928888334793e-07,2.0519218733932548e-06,"[0.8533447206403345, 1.8940164953479757]",0.004485219170830668,0.9821833311282979,0.9971100704756963,"[-0.3891638395423708, 0.39813427788403216]",23.982867724754684
236.0,24.0,0.03459234431956519,0.07687187626570043,0.7803153555195497,0.005048922590690407,0.011214843604376738,"[0.23486355376643775, 1.3257671572726615]",0.5209402738871294,0.15197672883358215,0.56100675095453,"[-0.19177472569146192, 1.2336552734657207]",22.010154728525222
237.0,24.0,0.0012209740383685094,0.005313202951995254,1.062205614242916,1.7147028014246874e-05,7.46171802186548e-05,"[0.5779483342515003, 1.5464628942343315]",0.007887432416474383,0.973970286750751,0.995113513596901,"[-0.465893264219396, 0.48166812905234474]",23.969872227422755
238.0,24.0,0.0022384520816001196,0.008213347828646274,1.108017543642676,5.3739932503961305e-05,0.00019739649183958134,"[0.5703061645696722, 1.64572892271568]",0.08903813648888637,0.7291641667019187,0.9504441186599087,"[-0.4149843775676032, 0.5930606505453759]",23.65989937089847
239.0,24.0,0.007017402733179132,0.019487372210994537,0.9995125430867479,0.00040003151849049947,0.0011108900818953054,"[0.44613013612621366, 1.552894950047282]",-0.05197883258702696,0.8594306794423594,0.9718046448331139,"[-0.6272315327532468, 0.5232738675791929]",0.19854451541691434
240.0,24.0,0.00043925776764260316,0.002658945324713094,1.2029239005030326,2.1916033709407928e-06,1.3267819321315605e-05,"[0.7049859855320961, 1.700861815473969]",-0.21871409172802458,0.31725390179294877,0.7602537785596664,"[-0.647335696121958, 0.2099075126659088]",0.8354262917368639
241.0,24.0,0.0008095036360831482,0.003999523893691444,1.0388292925558216,7.649078674385568e-06,3.78224201593946e-05,"[0.5838194458162629, 1.4938391392953803]",-0.007057114114247476,0.9757583798820259,0.9955285224381598,"[-0.4622409375921511, 0.4481267093636562]",0.02695619028590564
242.0,24.0,0.002260735795047618,0.008250860565867218,0.8501707234234519,5.4877210274341664e-05,0.00020031070363485637,"[0.43708740989894673, 1.263254036947957]",-0.26008076033901517,0.3102629227964999,0.7561717851819718,"[-0.7624595379476189, 0.24229801726958855]",0.9934353266652679
243.0,24.0,0.0012404710665755848,0.005356092688150194,0.8650144887924606,1.7733045242484622e-05,7.660062739734178e-05,"[0.46997122792301316, 1.2600577496619079]",-0.239281247200406,0.3209847808582651,0.7639529235289347,"[-0.7118381937161468, 0.23327569931533476]",0.9139870387473206
244.0,24.0,5.2034329279296285e-06,0.00024302078985960734,1.4263610108931808,2.5773864081996992e-11,1.204019697367936e-09,"[1.0071586231629162, 1.8455633986234454]",-0.2612579527873349,0.09195620197225982,0.4396672112521484,"[-0.5651186001666808, 0.04260269459201099]",0.9979318705961607
245.0,24.0,6.409583044145389e-08,6.0974966370191594e-05,1.693030610071906,1.6011201612605963e-18,1.6011201612605962e-15,"[1.315195087508545, 2.070866132635267]",-0.2836777711704528,0.015873359341223827,0.1603369630426649,"[-0.5142088656422598, -0.053146676698645784]",1.083569268649659
246.0,24.0,0.003541866396253696,0.011425375471786115,0.9719960613572748,0.00012328961960862597,0.0003978367847971151,"[0.47581642591592815, 1.4681756967986215]",-0.252930098347913,0.34774026111249556,0.7876419756939129,"[-0.7808786279194072, 0.27501843122358116]",0.9661218098109502
247.0,24.0,0.009962558164550396,0.025931380111360276,0.7913809472079837,0.000715154500812592,0.0018633520083704846,"[0.33298421821400037, 1.249777676201967]",-0.00957746058944231,0.9751226902464931,0.9955285224381598,"[-0.6115334342252675, 0.5923785130463829]",0.03658320468186147
248.0,24.0,0.00014573344895485067,0.0013481793038433872,1.1899938637239118,1.9202911301968268e-07,1.7780473427748397e-06,"[0.7420596977249407, 1.6379280297228829]",-0.05813823582126787,0.7707700398998266,0.9589249382121035,"[-0.44922074051527316, 0.3329442688727374]",0.2220717027263299
249.0,24.0,0.0003791716675436737,0.0024120335085475427,0.9290993772676793,1.6085609981742448e-06,1.0232576324263643e-05,"[0.5495068924561001, 1.3086918620792587]",0.281124541929449,0.19174586816871453,0.6241727479450343,"[-0.14095341915315368, 0.7032025030120517]",22.926183348659603
250.0,24.0,0.0010718956554176258,0.004848012914598037,1.3084626318422983,1.3337007598870002e-05,6.0348450673619916e-05,"[0.7195227401639903, 1.8974025235206062]",-0.16431125518794865,0.49025424231972203,0.8697731756428894,"[-0.6311064998330136, 0.30248398945711624]",0.6276227632511007
251.0,24.0,0.000900073027040391,0.004296291298522153,1.0237800784719007,9.546561256546342e-06,4.5546570880469186e-05,"[0.5705424747883987, 1.4770176821554026]",0.49611069683792763,0.03150294952412866,0.24383087866972644,"[0.043989698011829004, 0.9482316956640262]",22.104996726659497
252.0,24.0,0.04635080557348605,0.10019629393317347,0.8434356252393864,0.007798451002208962,0.016857870735427934,"[0.22212550400897835, 1.4647457464697946]",-0.48987294978492457,0.20204366392140016,0.6359573935203027,"[-1.2424755914552996, 0.2627296918854506]",1.8711768346866857
253.0,24.0,0.007063488781740954,0.019578396110983304,0.9363861159894162,0.00040720320227198933,0.0011282992581656674,"[0.4172657386389874, 1.4555064933398452]",0.4924502177962218,0.08831503976086685,0.43270475140062153,"[-0.0738551952306098, 1.0587556308230535]",22.11897872666522
254.0,24.0,0.0003037714826769691,0.0020935319274773883,1.1974162944593554,9.991835062146633e-07,6.88617164861932e-06,"[0.7176556357355992, 1.6771769531831116]",-0.2848791157335251,0.17728969622810276,0.6032313583807511,"[-0.6987352276468642, 0.12897699617981406]",1.0881580668633277
255.0,24.0,0.027724295199011303,0.06334086177521431,0.8005641308353084,0.0036009355746241126,0.008228829009652909,"[0.26157667290925835, 1.3395515887613585]",0.24453508921671308,0.4913857702038933,0.8697731756428894,"[-0.45198503679205193, 0.9410552152254781]",23.06594476300182
256.0,24.0,0.00518898242359679,0.015329342462619765,1.0144308337901344,0.00024047092888263342,0.0007099820752365911,"[0.4729985459477779, 1.555863121632491]",-0.3406712740090567,0.22467816150265718,0.6635832884002506,"[-0.8905915704532199, 0.20924902243510646]",1.3012684134709178
257.0,24.0,0.00045175307812947885,0.0027110036041133657,1.411142359544701,2.317935514454698e-06,1.392990092821333e-05,"[0.8256073447416317, 1.9966773743477704]",0.0587434760178267,0.7894133598922798,0.9619333365324607,"[-0.3723570982619312, 0.4898440502975846]",23.775616450016702
258.0,24.0,0.0015531354337925843,0.006270227831217538,1.1828724271640227,2.7164992170128102e-05,0.00010966892276999637,"[0.6303514576061328, 1.7353933967219128]",0.012634127586144572,0.9593156210612599,0.9938808419181301,"[-0.4727855689094813, 0.49805382408177046]",23.951741187432273
259.0,24.0,0.008007659639231578,0.021665745777141716,0.879057729273554,0.0004988077053037438,0.001349587947250389,"[0.38416385358283356, 1.3739516049642744]",0.05308931228218139,0.8588121621830646,0.9718046448331139,"[-0.5318520774563636, 0.6380307020207264]",23.7972137645986
260.0,24.0,0.0004978766463512526,0.0028912697232941504,1.1688030197492816,2.8640907741374082e-06,1.6632350604746854e-05,"[0.6793481593723907, 1.6582578801261725]",-0.4001065749751227,0.06828557465811616,0.38046858793343147,"[-0.8302458361479181, 0.030032686197672798]",1.5282945401006114
261.0,24.0,6.750053492376795e-05,0.0008676161301255521,1.0770668673632458,3.0614343157541966e-08,3.940069904445555e-07,"[0.6958723007990256, 1.4582614339274658]",-0.1389534231814178,0.4583571387413595,0.8530748906409074,"[-0.5062138300812227, 0.22830698371838704]",0.5307629798127024
262.0,24.0,0.0004751899574016948,0.002815106382711462,1.1350328194251147,2.612096283007633e-06,1.5437921294371357e-05,"[0.6616259714761695, 1.6084396673740597]",-0.5610859296582742,0.009513723002746177,0.11531785457874152,"[-0.9851891769561656, -0.13698268236038286]",2.1431903809062196
263.0,24.0,0.047040350431174424,0.1015770901126634,0.6765036981571202,0.007940242291405457,0.017145848178374987,"[0.17702252648439665, 1.1759848698298438]",-0.1093177539189849,0.7798639178090166,0.9596511311144862,"[-0.8759067975456472, 0.6572712897076773]",0.41756306169383667
264.0,24.0,0.00043742752141450895,0.0026525057733772527,1.1732603937586992,2.16615539653041e-06,1.3152127483487614e-05,"[0.6878441755047378, 1.6586766120126606]",-0.05449284797436427,0.8037791277883081,0.964856561617867,"[-0.4843582580996945, 0.375372562150966]",0.20814734683860597
265.0,24.0,0.0034683459325476045,0.011242612423168897,1.0138367883488126,0.0001185162647772475,0.00038416941580955434,"[0.49760057239952815, 1.5300730042980972]",0.09666419394482517,0.7201273038708074,0.9476172461296232,"[-0.4321226756189338, 0.6254510635085841]",23.630769977128498
266.0,24.0,0.0809372513310186,0.1670186779426715,0.6017416616126922,0.017496809325766118,0.03610567339200602,"[0.10538506177472895, 1.0980982614506554]",-0.34053841915209837,0.43226280087573554,0.8399016949389164,"[-1.1904320145662786, 0.5093551762620818]",1.3007609452981492
267.0,24.0,0.004748254380021288,0.014289059223657202,0.8959475129704846,0.0002057803421272806,0.0006192607346592856,"[0.4228565846442609, 1.3690384412967083]",-0.19621473754401375,0.48213446364158075,0.8655838249888451,"[-0.7433597222395034, 0.3509302471514759]",0.7494850893026085
268.0,24.0,3.62579056880728e-05,0.0006098261718957439,1.242075510442612,6.32579288546306e-09,1.0649482972160034e-07,"[0.8229189223251201, 1.661232098560104]",0.08140216954803847,0.6489933749045209,0.9299133911664488,"[-0.2691228110052203, 0.43192715010129723]",23.6890666161126
269.0,24.0,0.00011156569117372739,0.0011430910980914691,1.0533586816184441,1.0284876287168253e-07,1.0559421239392455e-06,"[0.6654042376324087, 1.4413131256044796]",0.023560280325905403,0.9039675032124322,0.982851517978372,"[-0.3591743520431142, 0.406294912694925]",23.910006358212033
270.0,24.0,0.03517815902246836,0.07803495790254739,0.8773009617636541,0.00517946440460466,0.011484400010209887,"[0.2622471609249042, 1.492354762602404]",0.5533545588389286,0.12836490827024055,0.5181403368666594,"[-0.15989563625360914, 1.2666047539314662]",21.886341280280387
271.0,24.0,0.006737788500768941,0.018921057289438194,0.9211693952027162,0.00037373434318333,0.0010493905503883218,"[0.41372844448976487, 1.4286103459156676]",0.11601314415610453,0.6909255430039918,0.9373185088522442,"[-0.4558730694875158, 0.6878993577997249]",23.55686243145416
272.0,24.0,0.00037723527838694025,0.0024027724738021673,1.1531001717324876,1.5933643946513885e-06,1.0148817800327315e-05,"[0.6821766859723669, 1.6240236574926081]",0.32353987124107775,0.1321237301694456,0.5253648477921953,"[-0.09758845537029842, 0.7446681978524539]",22.76416872491201
273.0,24.0,0.00734939926002005,0.02020731168551017,0.884916201020517,0.00043309245716575273,0.0011907958679289324,"[0.3920550331777771, 1.3777773688632569]",0.2332463548921062,0.4277325339888369,0.8361454028474024,"[-0.3431844726410538, 0.8096771824252662]",23.109064551858115
274.0,24.0,0.014137373362870697,0.03492434131143947,0.7751953402525172,0.0012595039172337925,0.0031121915424605698,"[0.30408492324125225, 1.2463057572637823]",0.12785659270554373,0.691164358406202,0.9374262286805942,"[-0.5029257144570684, 0.7586388998681558]",23.511623790336614
275.0,24.0,0.004593550849621433,0.013944135504767538,0.9018165349703218,0.00019405387036744025,0.0005892920448449446,"[0.42752045564946245, 1.376112614291181]",0.08884401582137436,0.749890356315011,0.9551730187504387,"[-0.45739137622580484, 0.6350794078685535]",23.66064085722945
276.0,24.0,0.0016310614133623702,0.006524245653449481,1.0360184462320519,2.9810779935635953e-05,0.00011924311974254381,"[0.5496462138506215, 1.5223906786134822]",-0.09121949675129493,0.7138495423971662,0.9463571189696999,"[-0.5787878923988594, 0.3963488988962695]",0.3484328115437682
277.0,24.0,0.002505533482542235,0.008869145070945965,0.9231649151249887,6.603404843902873e-05,0.00023383161628551252,"[0.4697047444644574, 1.3766250857855198]",-0.060565588002614135,0.8160657222077314,0.966095377463714,"[-0.5708933087808225, 0.4497621327755942]",0.23134350508519758
278.0,24.0,0.011625867046712651,0.02950727676830622,0.9854226436486532,0.0009204972527664187,0.0023362874435695906,"[0.40258274189883503, 1.5682625453984713]",0.1884410587126153,0.5468396145902203,0.8921512410071817,"[-0.4245648790296431, 0.8014469964548737]",23.28020817658601
279.0,24.0,0.0019387229300359076,0.007413854416963317,0.8428474056616103,4.1206886292366996e-05,0.0001576391977519778,"[0.43999222131749366, 1.245702590005727]",-0.10828158948848277,0.6689109123462988,0.9332201550489372,"[-0.6045551601808044, 0.38799198120383876]",0.4136052051105467
280.0,24.0,0.048111158491832916,0.1037101929119054,0.5634085942088438,0.008205747856860266,0.017688613616857654,"[0.14567946533643145, 0.9811377230812561]",0.0123422474060213,0.974954310862264,0.9955285224381598,"[-0.7581673886531408, 0.7828518834651834]",23.952856087595247
281.0,24.0,0.00010624954385880313,0.0011125606686785668,1.4729203498337922,9.333271020691919e-08,9.745426463535285e-07,"[0.9322317289489426, 2.013608970718642]",-0.5877201601230864,0.0019891981343066007,0.04241360627519405,"[-0.9602847894083311, -0.21515553083784172]",2.2449256473203865
282.0,24.0,0.0151951151854592,0.037142789502466876,0.7744672836615466,0.0014235227107486986,0.003477944565718785,"[0.2986037138932489, 1.2503308534298443]",-0.7580382971936999,0.015824479833468016,0.16032907632693025,"[-1.3737720280509564, -0.1423045663364434]",2.8954930092321733
283.0,24.0,0.006838331173224701,0.019090818462380515,1.1092286727596898,0.0003836191479054886,0.0010714865439919678,"[0.49701106489642244, 1.7214462806229571]",0.2116602135473009,0.46801243676029314,0.8570413442119087,"[-0.35997658642132935, 0.7832970135159312]",23.191517538193462
284.0,24.0,0.010845790464739068,0.027809719140356584,1.2457377467185493,0.0008224535929698157,0.0021099373857614567,"[0.5158395260703883, 1.9756359673667103]",-0.1899260756358041,0.5398605317947005,0.8898916804988463,"[-0.7971589476020643, 0.4173067963304561]",0.7254641702276019
285.0,24.0,1.1214664232085923e-06,0.0001419577750896952,1.677137644901168,1.6038875406242676e-13,2.0302373931952753e-11,"[1.2316212572990712, 2.122654032503265]",-0.14800378471464803,0.29254859999254357,0.74134309041223,"[-0.42360387880829314, 0.12759630937899707]",0.5653328144074785
286.0,24.0,9.711991795025731e-05,0.0010533613660548514,1.4542973555931176,7.402327636815127e-08,8.028554920623782e-07,"[0.9245991270783943, 1.983995584107841]",-0.09677754997565824,0.6160379970855043,0.9174210890671123,"[-0.47502396193249846, 0.281468861981182]",0.36966301101477467
287.0,24.0,0.0008547918012023044,0.004141433145360002,1.036478822993459,8.52868144587789e-06,4.138654529077592e-05,"[0.5801208375812916, 1.4928368084056263]",-0.07516967996313983,0.7473591516554854,0.9550093072477082,"[-0.5325404553252829, 0.38220109539900327]",0.28712702728246814
288.0,24.0,0.10974073476873726,0.22085074415121203,0.5277508145375266,0.027029244583757436,0.05437385754125415,"[0.05994075164136292, 0.9955608774336903]",0.5261880148933535,0.2536677244837551,0.7022915960236851,"[-0.37729177909646117, 1.4296678088831682]",21.990109834416263
289.0,24.0,0.00021850239960004457,0.001708384672400661,1.2372474415346988,4.815908663724477e-07,3.7683166382820632e-06,"[0.7554837082532261, 1.7190111748161714]",-0.06728366777257033,0.7444232402027706,0.9546335473233786,"[-0.47180197905566873, 0.33723464351052806]",0.2570046795685782
290.0,24.0,8.996288544790626e-05,0.0010062962578065578,1.0608147270129626,6.155402112434639e-08,6.88523726223114e-07,"[0.6767970932379177, 1.4448323607880076]",0.017742311351694795,0.9263509329563407,0.9889661639392809,"[-0.35845264961393997, 0.39393727231732956]",23.932229362716058
291.0,24.0,0.001466736086547433,0.006026031579899067,1.1099251877543723,2.4374527173414765e-05,0.0001002001506665788,"[0.5944872374602437, 1.625363138048501]",0.06569501547258039,0.7895548826258437,0.9619333365324607,"[-0.4167528370469226, 0.5481428679920834]",23.749063525224965
292.0,24.0,0.0019384355630327982,0.007413854416963317,1.0500340971702886,4.12313326548471e-05,0.00015767240020974035,"[0.5481332373676153, 1.551934956972962]",0.1709077112589359,0.4991351843891044,0.8731021700276606,"[-0.3247235846542931, 0.6665390071721649]",23.347180630574833
293.0,24.0,0.005563583494033179,0.016225090387964946,0.9068478663208118,0.0002709375257460726,0.0007901356831323203,"[0.41877012241216105, 1.3949256102294627]",-0.3317421519840904,0.24119428191275083,0.6856005739418727,"[-0.886519316279424, 0.22303501231124323]",1.2671616796850593
294.0,24.0,0.005898417964164346,0.01702285126742957,0.8412079139221357,0.00029835701879825583,0.0008610592173109837,"[0.3853428934581502, 1.2970729343861211]",-0.1266872058627424,0.6588956327174996,0.9301211184160023,"[-0.6891719130975197, 0.4357975013720349]",0.48390948094934394
295.0,24.0,0.01199015639449317,0.030285820647873635,0.8236979884779447,0.0009664117655314282,0.0024416669164513093,"[0.33449908114069377, 1.3128968958151956]",0.007596582610815972,0.9807541597325744,0.9969040046072112,"[-0.6096055528069085, 0.6247987180285405]",23.970983191845185
296.0,24.0,0.0022456576359724595,0.008229046402869467,1.2542406899544531,5.410165619433111e-05,0.00019831985408479147,"[0.6453311549778283, 1.8631502249310778]",0.15611939733969127,0.5434414632808806,0.8910210101645429,"[-0.3474681432481095, 0.659706937927492]",23.40366782882065
297.0,24.0,0.007272910331470929,0.020020743864218406,0.641789053903864,0.0004249341066019214,0.0011698382289354857,"[0.2848509096214622, 0.9987271981862658]",-0.11281224794504041,0.7017740264209135,0.9403385576344795,"[-0.6902279125428971, 0.46460341665281624]",0.43091104564228067
298.0,24.0,0.0011837065117420817,0.005193973285397463,0.9642863160624731,1.619176287796553e-05,7.104766510735203e-05,"[0.5259639162499845, 1.4026087158749616]",0.21977905867636505,0.3600768712821063,0.7960482154681727,"[-0.2508833928619738, 0.6904415102147039]",23.160505834165747
299.0,24.0,0.055137101623137445,0.11713852055053632,0.880679974207666,0.01005401158031912,0.02135516478402532,"[0.21008022806131765, 1.5512797203540143]",0.4343543780110224,0.27545788943664273,0.7256062224343292,"[-0.34625705184395805, 1.2149658078660028]",22.340888488462564
300.0,24.0,0.00017419041733229297,0.0014824716368705786,1.2017296214636446,2.917480813271475e-07,2.4808510316934313e-06,"[0.7424814188806892, 1.6609778240466]",0.3831677214689293,0.05594901607558438,0.34323915573101693,"[-0.009728659385853822, 0.7760641023237125]",22.536407114279072
301.0,24.0,0.0008514903882756864,0.00413545598968279,1.1454708493444128,8.557799008327847e-06,4.144212594831887e-05,"[0.6410411310323824, 1.6499005676564433]",0.5211738942932254,0.022902853464874324,0.20014077298671445,"[0.07218091161863227, 0.9701668769678184]",22.009262364306725
302.0,24.0,0.002234571558304865,0.008212317377085134,1.0104958869894956,5.3622813027767705e-05,0.00019707024265993277,"[0.5201730653642781, 1.500818708614713]",0.16931710129830524,0.5095507462152334,0.87774087227094,"[-0.3338468240092517, 0.6724810266058622]",23.353256313081204
303.0,24.0,0.00212885927451777,0.00791691809043425,1.0851109870006521,4.8983693929797096e-05,0.0001822310042031142,"[0.5613286214649609, 1.6088933525363434]",-0.05940652545363445,0.816403700044353,0.966095377463714,"[-0.5609062008426148, 0.4420931499353459]",0.22691621226865016
304.0,24.0,0.005421515247116202,0.015880243840410667,0.9864550567748852,0.0002586243736757995,0.0007575406375975381,"[0.4572687870464305, 1.51564132650334]",0.2096571357161805,0.45957713890701035,0.8538254125769235,"[-0.3459836477413657, 0.7652979191737267]",23.199168731910756
305.0,24.0,0.025013716490887853,0.05778174287569381,0.9507695928667023,0.0030724212568332284,0.007097300200584958,"[0.3213020892050178, 1.5802370965283867]",-0.03047649947393083,0.9308122779733446,0.9892015094756179,"[-0.7184612989342878, 0.6575082999864261]",0.11641165294592734
306.0,24.0,0.002026138209639162,0.007646228449540679,0.8337096964452185,4.469887971303767e-05,0.0001687386927634491,"[0.4333806476239754, 1.2340387452664616]",0.04153967363068656,0.8703803189092536,0.9746700099767678,"[-0.4574096430740125, 0.5404889903353856]",23.84133013457405
307.0,24.0,0.0015196583887098197,0.006162442776601052,0.8446981813559793,2.616962259785055e-05,0.0001061217461388911,"[0.4509318917530533, 1.2384644709589052]",0.28347630034946913,0.24857979664342889,0.695756657100674,"[-0.19806343552500782, 0.7650160362239461]",22.9172002931995
308.0,24.0,0.0006702867147504204,0.0035278248144758966,1.1091751228775468,5.243537387912768e-06,2.7597565199540883e-05,"[0.6318889277769781, 1.5864613179781155]",0.1989315152853912,0.38183755147076714,0.8095104429845542,"[-0.24691373231412922, 0.6447767628849117]",23.240137584133656
309.0,24.0,0.0008570423096914518,0.004142791727790361,1.2835707615553134,8.57119991404255e-06,4.14761659097398e-05,"[0.7182834634833284, 1.8488580596272983]",-0.0380702275284488,0.8704790854251222,0.9746714650376466,"[-0.49569847349861096, 0.41955801844171337]",0.14541755749885862
310.0,24.0,0.006427219019202229,0.018253959157063984,0.8336122325885991,0.0003474254930178244,0.0009861637610497427,"[0.3768597414867266, 1.2903647236904716]",0.5018734323701146,0.07865592020303208,0.40834150479476095,"[-0.057485279791169575, 1.0612321445313988]",22.082984698363205
311.0,24.0,0.0006226171269553374,0.003349204555972767,1.394724978167996,4.502754994768144e-06,2.4221382435546766e-05,"[0.7987404986033336, 1.9907094577326583]",-0.06657412202395196,0.7688116839778449,0.9585289470195746,"[-0.5104997173985848, 0.3773514733506808]",0.2542944144507593
312.0,24.0,0.030568880007022632,0.06895754569596804,0.7569881168506993,0.004175789996527713,0.00942190883693076,"[0.23904975857860755, 1.2749264751227911]",-0.23181272607078096,0.5211466069261692,0.8830050096912935,"[-0.9399790355445088, 0.47635358340294687]",0.8854593894185344
313.0,24.0,0.0028465139528565993,0.00971175009504128,1.0175102271727907,8.355444455006707e-05,0.00028507145871739016,"[0.5105709949403587, 1.5244494594052227]",0.31888617077699966,0.22386898300969793,0.6628367544406226,"[-0.19496990490768062, 0.8327422464616799]",22.78194455129266
314.0,24.0,0.024331565231674797,0.05638833193899142,0.9681428687831156,0.0029586292896330575,0.006855026157629883,"[0.3296762918038181, 1.6066094457624132]",-0.4735460894669661,0.16878645395743241,0.5874920082054731,"[-1.1480058542139686, 0.20091367528003645]",1.8088128220921096
315.0,24.0,0.0008327396258920016,0.004078058892713034,1.1955820784070703,8.099708548024806e-06,3.968500023530037e-05,"[0.6704770098207683, 1.7206871469933724]",-0.11301496225122865,0.6271301327423806,0.920090014308269,"[-0.5690027392073058, 0.3429728147048485]",0.43168535725504786
316.0,24.0,0.015481603013591182,0.03774159681519059,0.8299518503013888,0.0014545322080351138,0.003546223154347134,"[0.3189978829710265, 1.3409058176317512]",-0.04893297605191904,0.8808197147347117,0.9766268042296392,"[-0.6886099386516519, 0.5907439865478138]",0.18691020045264606
317.0,24.0,0.002705457396675348,0.009351736594107667,0.9478611287695456,7.631036798008947e-05,0.00026341169478802026,"[0.478216583322212, 1.4175056742168792]",0.36392358598795216,0.16186948866599826,0.5781053166642794,"[-0.1459929208383488, 0.8738400928142531]",22.609914297174935
318.0,24.0,0.007103582172705896,0.01966117401800691,0.7362811913802473,0.0004082985147574164,0.0011303945591290597,"[0.32801443211716264, 1.1445479506433318]",0.04032351123198996,0.890899051542587,0.9795465253756226,"[-0.5358560152918787, 0.6165030377558586]",23.845975532750575
319.0,24.0,0.0006288066715201539,0.0033734263493570486,0.8879787657899042,4.593926100999796e-06,2.4645526292917357e-05,"[0.5081868328535555, 1.267770698726253]",-0.04661689858347806,0.8371085634105966,0.9708072590103425,"[-0.4910254221441779, 0.39779162497722176]",0.17806343618817858
320.0,24.0,0.029734874132439297,0.06733440700280638,0.6455037071999579,0.004018725427986174,0.009098314303794826,"[0.20570489877983428, 1.0853025156200815]",0.5101419975058459,0.15035352500415056,0.5580203674009545,"[-0.18503366217146688, 1.2053176571831585]",22.05140110603611
321.0,24.0,0.0077588019891642115,0.021120215631157943,0.9098603648496011,0.0004749626803186176,0.0012924154566492996,"[0.3995450098477381, 1.4201757198514642]",-0.3329382811082189,0.2589914287880133,0.7076268546120582,"[-0.9110386238010918, 0.24516206158465403]",1.2717305563894088
322.0,24.0,0.018924790328109713,0.04513424833796736,0.8391692644602945,0.001995164960425682,0.004758323301754548,"[0.30705423319017977, 1.3712842957304092]",0.051909547375618814,0.8772746546749587,0.9761596246522295,"[-0.6069271249274407, 0.7107462196786783]",23.801720134596177
323.0,24.0,0.0010953328433328112,0.00491473164183577,0.8877066810700964,1.4007696658342855e-05,6.28711699207489e-05,"[0.4871594748930906, 1.2882538872471023]",-0.4300567894113616,0.06849166891412262,0.38135673114767604,"[-0.8927393651590109, 0.032625786336287654]",1.6426959322811634
324.0,24.0,0.0008741286764774118,0.004202541713833711,1.1341550904443765,8.921517788865315e-06,4.289191244646786e-05,"[0.6337025642308254, 1.6346076166579275]",-0.12448676814159843,0.594239524370402,0.9090401168279058,"[-0.5825089754369879, 0.3335354391537911]",0.4755044279824816
325.0,24.0,0.00023890133172334435,0.0018008151620581157,1.1362601435346322,5.887798051904154e-07,4.446977380592262e-06,"[0.6903961449169824, 1.582124142152282]",0.2013330827477251,0.33172053317047967,0.7731125534751413,"[-0.2052026466072001, 0.6078688121026503]",23.23096427214648
326.0,24.0,0.0051320146988416615,0.015205969478049365,0.8571530119328181,0.00023742065668869814,0.0007030519890100626,"[0.40007043008527393, 1.3142355937803623]",0.7140158540733852,0.009053824115432658,0.1108179206295307,"[0.17783298342593, 1.2501987247208404]",21.272660337077745
327.0,24.0,0.45478085090559334,0.718226233268467,0.413189654171975,0.2012124523825497,0.31782096411712163,"[-0.2204335019443418, 1.0468128102882919]",-0.12149924794131373,0.8810834554297533,0.9767026443074529,"[-1.7133488572657984, 1.470350361383171]",0.46409294140338886
328.0,24.0,0.021944017523761905,0.05141522381387513,0.9953570528645936,0.0025138901582490185,0.005891469787319002,"[0.34973144380937304, 1.6409826619198142]",0.19258022459477342,0.574437597710709,0.9017816319235349,"[-0.47960398488739475, 0.8647644340769416]",23.264397727535865
329.0,24.0,0.0006655892507775617,0.0035123443312800088,1.114674625158235,5.176694171927093e-06,2.7317647345261704e-05,"[0.6353057220283648, 1.594043528288105]",0.2560021400567365,0.2592170850360278,0.7076689218930793,"[-0.18872008647653643, 0.7007243665900094]",23.0221438552288
330.0,24.0,0.0002359162444651234,0.0017884777861289715,1.21419074251667,5.719565096248132e-07,4.3408858336263165e-06,"[0.7382798731006985, 1.6901016119326415]",-0.1559128860500847,0.45229225217039226,0.8510636664122461,"[-0.5624909234171347, 0.2506651513169653]",0.5955433561582654
331.0,24.0,0.0008554570294891048,0.004141823454327365,1.1927372859721213,8.539586532827568e-06,4.139402100255728e-05,"[0.6675468793781766, 1.7179276925660658]",-0.03502859602384145,0.8807273507767552,0.9766268042296392,"[-0.4925830968265288, 0.4225259047788459]",0.13379938096232347
332.0,24.0,4.5085383582923083e-07,0.00010996435020225141,1.5475435207325805,5.571100771053822e-15,1.3588050661106881e-12,"[1.1593425506088264, 1.9357444908563346]",-0.026849356244768252,0.8400152032074093,0.9708072590103425,"[-0.287525633454675, 0.23382692096513852]",0.10255698636456279
333.0,24.0,4.871446911498219e-05,0.0007227666040798545,1.2595997251421853,1.3517349829244127e-08,2.0055415176920068e-07,"[0.824910656688759, 1.6942887935956117]",0.08102089419615854,0.6577638929464195,0.9301211184160023,"[-0.2774376202055449, 0.439479408597862]",23.690522980678942
334.0,24.0,0.0002597862069727359,0.0018907293083896355,1.155363918672182,7.06384493959719e-07,5.14959255431095e-06,"[0.6987803971288928, 1.6119474402154712]",-0.045596801264014886,0.8277096353342953,0.9680100726843118,"[-0.45622030106332484, 0.36502669853529507]",0.174166951448322
335.0,24.0,0.0006850514420356394,0.003579161139162171,0.9639868154883201,5.468194670204527e-06,2.8584394512308034e-05,"[0.5483707789772392, 1.379602851999401]",0.05356460961498399,0.814703261447226,0.966095377463714,"[-0.39439326935082075, 0.5015224885807887]",23.795398262519704
336.0,24.0,0.002161282080277359,0.007999472948860354,0.9159814897069385,5.0720134826313656e-05,0.00018771330431648282,"[0.47294962997871415, 1.3590133494351628]",0.4209132474644335,0.09641101618672353,0.44988808299917654,"[-0.07530989443814279, 0.9171363893670097]",22.392229825276157
337.0,24.0,4.977753019115078e-06,0.0002413319386198876,1.48620377742069,2.2294474011604606e-11,1.0928663731178728e-09,"[1.0508014811415447, 1.9216060736998353]",0.06249563155409632,0.6873582729510574,0.9372486972514004,"[-0.241868682693541, 0.36685994580173364]",23.761284271596377
338.0,24.0,0.0011120541911191358,0.00496674493577104,1.0788494268383415,1.4311800970310769e-05,6.394906599781398e-05,"[0.5915262739573679, 1.5661725797193151]",-0.08247374322486323,0.7304502944549414,0.9506810952450392,"[-0.5516554143696943, 0.38670792791996794]",0.3150264938286887
339.0,24.0,0.003995834067325919,0.012535554412666924,1.1450553075764314,0.00015209185564534424,0.000477375566997314,"[0.5525296693506297, 1.7375809458022329]",0.012951526523933943,0.9623503536653248,0.9938808419181301,"[-0.5248065584682453, 0.5507096115161132]",23.950528812795124
340.0,24.0,0.0014411111331038378,0.005950087254763987,1.1416799316700308,2.359275409369381e-05,9.7410215085441e-05,"[0.6124161718839285, 1.670943691456133]",0.14836423553028322,0.5454443281792087,0.8915641805484744,"[-0.3325954269874526, 0.629323898048019]",23.433290364895324
341.0,24.0,0.0005240797400059766,0.0029896163149228556,0.9906414044913624,3.185308616908375e-06,1.8164245257035107e-05,"[0.5738497518301783, 1.4074330571525464]",-0.39668293200170357,0.07205912232504037,0.39162566481000205,"[-0.828920141932373, 0.035554277928965816]",1.5152171872381757
342.0,24.0,0.008826418750760984,0.02345580321754181,1.027768796421448,0.0005862362612777253,0.0015578959906397164,"[0.44183328657729737, 1.6137043062655985]",-0.08509199855982441,0.7782106783051375,0.9596363723535175,"[-0.6772322842226001, 0.5070482871029512]",0.32502749252074786
343.0,24.0,0.001059493405043882,0.0048202611694444135,0.9434178446270639,1.3025871786680285e-05,5.926238301492396e-05,"[0.5192882681202577, 1.36754742113387]",-0.10612042282864564,0.6559077956211756,0.9301211184160023,"[-0.5729205867036131, 0.36067974104632183]",0.4053501565483433
344.0,24.0,4.712693902376772e-05,0.0007076116970535693,1.2513029593120566,1.248139482700096e-08,1.8740833073575014e-07,"[0.8205105112004025, 1.6820954074237107]",-0.23658381412549545,0.19307800342486248,0.6244437368203832,"[-0.5928542752181194, 0.11968664696712855]",0.9036836033665626
345.0,24.0,0.0026477850427151246,0.009225731856150261,1.022586443568932,7.30374868710053e-05,0.0002545747189648146,"[0.517254153456477, 1.527918733681387]",0.11384973954552535,0.6636105901487837,0.93180039273632,"[-0.3991972279750333, 0.626896707066084]",23.565126028358517
346.0,24.0,0.0033651799071267243,0.011003733722066674,0.93725970721384,0.00011229227522755174,0.0003673370573461806,"[0.46164623129437304, 1.412873183133307]",0.0545918831186345,0.839181184618098,0.9708072590103425,"[-0.4726458347575352, 0.5818296009948042]",23.791474366775383
347.0,24.0,0.004663380156155713,0.014084506663109977,1.1663335550311213,0.00020063003308945753,0.0006057670081203428,"[0.5515311444668552, 1.7811359655953876]",0.488791210222689,0.0752777188414575,0.40041339809285903,"[-0.049791046346428725, 1.0273734667918069]",22.132955106076544
348.0,24.0,0.0002422256139194145,0.0018117099021646558,1.2500914586147833,6.052974127892288e-07,4.530669257404407e-06,"[0.7590352843632251, 1.7411476328663416]",0.021084680257116517,0.919364278187089,0.9874079467440474,"[-0.3871279092348876, 0.42929726974912064]",23.91946245392563
349.0,24.0,0.013984600265632877,0.03458110847090227,0.8844259893982535,0.001237510344477038,0.0030601146005861477,"[0.34777134146632827, 1.4210806373301788]",0.08793366737603847,0.7844888834201437,0.9608848990282411,"[-0.5422791765876985, 0.7181465113397755]",23.664118132149717
350.0,24.0,0.00045761354287577515,0.0027369231033240143,1.1223538738682588,2.3878319791081452e-06,1.4281291741077425e-05,"[0.6560513341005862, 1.5886564136359314]",0.2125931924976614,0.3328645785231147,0.7741326139098854,"[-0.21769613623423217, 0.642882521229555]",23.18795382111145
351.0,24.0,0.00025291282634946406,0.0018692744002177682,1.2487175040431033,6.672468697441719e-07,4.93161027157555e-06,"[0.7563401626075759, 1.7410948454786308]",-0.17241255545800804,0.4085064641148908,0.8249322780995372,"[-0.5812598219116103, 0.23643471099559427]",0.6585674508539405
352.0,24.0,0.00015398860842702976,0.0013904878621579567,0.8486347988453514,2.179652162548171e-07,1.96897214322328e-06,"[0.5277415937027643, 1.1695280039879385]",0.013235709618120595,0.9473650370464974,0.9904370601691201,"[-0.3797218985978991, 0.4061933178341403]",23.949443313334733
353.0,24.0,0.009265394068436404,0.0244687975825557,0.8433692767459835,0.0006353994150137933,0.0016782868859318365,"[0.3594828055795871, 1.3272557479123799]",0.14874532838577004,0.6242995263136555,0.9195245607783346,"[-0.4465093747420208, 0.7440000315135609]",23.43183469741386
354.0,24.0,0.00019227366940931899,0.001589038590159661,1.4042492278911407,3.6196625735609904e-07,2.991456672364455e-06,"[0.8633081473880327, 1.9451903083942486]",0.14632034806382954,0.47304075240495247,0.86052137488428,"[-0.2533541997727573, 0.5459948959004164]",23.441097439937156
355.0,24.0,0.00019122504717553515,0.0015856139898468918,1.31716393613044,3.5740976871972016e-07,2.966056171947885e-06,"[0.8100090954804585, 1.8243187767804212]",-0.13041371766170862,0.522417294947624,0.8835497162452141,"[-0.5300333762316727, 0.2692059409082555]",0.4981437075084418
356.0,24.0,0.04647161819138332,0.1004357427952957,0.6446203014364932,0.007806537278548407,0.016871703649337384,"[0.16970360589893652, 1.1195369969740498]",-0.23825370740409912,0.5401887742632023,0.889902504248412,"[-1.0006172673528468, 0.5241098525446486]",0.9100621258399795
357.0,24.0,0.001516964600307716,0.0061565121765735226,1.1626448736550432,2.6023623426588946e-05,0.00010574410169276288,"[0.6208269391642516, 1.7044628081458348]",-0.18178066499202927,0.4608091494312532,0.8548774738797981,"[-0.664867106097685, 0.30130577611362636]",0.6943509934083194
358.0,24.0,0.026271176107212718,0.06037962791820896,0.804142607139329,0.0033302485410842634,0.007653984236001525,"[0.26723316320395296, 1.3410520510747048]",0.5457816142477343,0.11549460348329342,0.49794682363179554,"[-0.13384566517765495, 1.2254088936731236]",21.91526779785118
359.0,24.0,0.0003353629810157869,0.002228325455254398,0.9663697918570968,1.2368980322699886e-06,8.218591576544775e-06,"[0.57581450763294, 1.3569250760812537]",-0.27826762726890397,0.1915111569171416,0.6240808668977081,"[-0.6958355352436381, 0.13930028070583017]",1.0629040411751798
360.0,24.0,0.045256335477516965,0.09810608167681978,0.5846913716854147,0.007518731028061829,0.016299005046741446,"[0.15596140981383966, 1.0134213335569897]",-0.37912067204917754,0.32439968846755574,0.7664141157578481,"[-1.1331494452179087, 0.37490810111955375]",1.4481342956387513
361.0,24.0,0.28107303237756304,0.507077453324126,0.3953799375473374,0.10119757989793021,0.18256824805688293,"[-0.07740519998379253, 0.8681650750784673]",-0.735337391944169,0.2298875120015118,0.6703174076703508,"[-1.9357175174200452, 0.4650427335317071]",2.8087819384372072
362.0,24.0,0.026498154461113213,0.06084677947405266,0.7519346679388339,0.0033650623572517462,0.007723347159173162,"[0.24933070790953515, 1.2545386279681328]",-0.34053399672766105,0.3324805520346329,0.7741107148652687,"[-1.029228675388124, 0.3481606819328019]",1.3007440528811176
363.0,24.0,0.012111982992635554,0.030543105132173155,0.7883508711808601,0.0009847656356762667,0.0024842725420692905,"[0.3193940327701627, 1.2573077095915575]",-0.28330442714356074,0.36619245811908263,0.7998655477271011,"[-0.8977898197974148, 0.3311809655102933]",1.08214319951317
364.0,24.0,0.00020101931559143448,0.0016356331618505653,1.2928262253235248,3.995046599442696e-07,3.2506481687898257e-06,"[0.7929650977008541, 1.7926873529461953]",0.04976051960269423,0.8081837224633164,0.964880279922775,"[-0.3519732273042215, 0.45149426650960994]",23.80992881602584
365.0,24.0,8.300815740985442e-06,0.0003007541935139653,1.296119675437127,1.0556796274149539e-10,3.824926186286065e-09,"[0.9028011579230552, 1.6894381929511986]",0.21873833191750158,0.17244633830203815,0.5946425458690971,"[-0.09548321453645342, 0.5329598783714566]",23.164481117559696
366.0,24.0,0.03606073193539474,0.07983336713614067,0.6724469245564485,0.0053482189332490606,0.011842823147141409,"[0.19925439872889883, 1.1456394503839982]",0.040404703134468534,0.9137548738165194,0.9864493632715893,"[-0.6907969301128327, 0.7716063363817698]",23.84566540252773
367.0,24.0,0.0037063322338577146,0.011837535080989187,0.9344100429541361,0.00013339039886368543,0.0004261674085101771,"[0.45499754948802223, 1.41382253642025]",0.1638287269607872,0.5462065695503703,0.8919042707808021,"[-0.3682719693928357, 0.6959294233144101]",23.37422035880972
368.0,24.0,0.00017190361327286662,0.0014705185053282004,1.216828210367289,2.808089771094705e-07,2.403163547888338e-06,"[0.7524610676646146, 1.6811953530699633]",0.14082545245649136,0.485791270697852,0.8681044865937313,"[-0.25516525564126985, 0.5368161605542525]",23.46208639508152
369.0,24.0,0.001009127388429662,0.004640588180696068,0.9802829954033704,1.1855036034133037e-05,5.4505972735834794e-05,"[0.5416493289606286, 1.4189166618461122]",-0.17849642911443286,0.4507465279875619,0.8504782689258926,"[-0.6423787004288483, 0.28538584219998253]",0.6818061364275383
370.0,24.0,0.17816026971736543,0.3430777387201337,0.556650834727548,0.053276982210411085,0.10259384211517636,"[-0.007861541098323377, 1.1211632105534193]",0.09123284324760039,0.8651868495122788,0.9734244302898619,"[-0.9620009473691951, 1.1444666338643958]",23.65151620859559
371.0,24.0,0.08539638300722442,0.17564044221971292,0.5243544385897486,0.018884363976180703,0.038840732159976764,"[0.08661984791123978, 0.9620890292682575]",0.29269271978347433,0.5057319234774347,0.8752594956712603,"[-0.5693189707635681, 1.1547044103305169]",22.881996164146777
372.0,24.0,0.0005823702765238191,0.0032118957916298235,0.976496394101719,3.946217034552205e-06,2.175422841539253e-05,"[0.5617116391286526, 1.3912811490747852]",-0.29836496069092444,0.1823383614098073,0.6122946286404473,"[-0.7368690812349257, 0.14013915985307684]",1.139670200145112
373.0,24.0,0.003533720844756266,0.011403710042811925,0.8725940374678021,0.00012300696940630888,0.00039705283862591633,"[0.4272220097497568, 1.3179660651858474]",-0.3366094018454957,0.20973396816540568,0.6481272192997704,"[-0.8625949948327307, 0.18937619114173931]",1.2857532046780031
374.0,24.0,4.830979077682282e-06,0.0002413319386198876,1.2517143582540917,2.052658714699737e-11,1.0366963205554227e-09,"[0.8856696373072882, 1.6177590792008951]",0.2994333117196133,0.0518837917644635,0.329003118354239,"[-0.0024439088355699967, 0.6013105322747966]",22.856248999522734
375.0,24.0,0.002187915423484765,0.008079451342262796,0.9995795799830088,5.15093772231311e-05,0.00019021188043992284,"[0.5156824783986027, 1.483476681567415]",0.01815563764295547,0.9436101237757613,0.9899283388510246,"[-0.48492371801403, 0.5212349932999409]",23.93065057257932
376.0,24.0,0.0016815787074607256,0.006676732428357726,1.0700791727520584,3.1660856701561815e-05,0.00012568819651275035,"[0.5660593849829405, 1.5740989605211764]",0.25469016176944503,0.3054565328786374,0.751652013858742,"[-0.23241217774963802, 0.741792501288528]",23.02715524314044
377.0,24.0,0.0025002658910175833,0.008858381757525026,0.8540462255804048,6.5853223331095e-05,0.0002333565674383239,"[0.434605634273007, 1.2734868168878024]",0.16266171729148837,0.5313758876484294,0.8851838874703138,"[-0.34669680509191536, 0.6720202396748921]",23.378678007389837
378.0,24.0,0.0012717611935227637,0.005439526062971616,1.1767487328867638,1.8570369890023857e-05,7.94284426433869e-05,"[0.6380525461167201, 1.7154449196568076]",-0.14598932134539577,0.5468893164715919,0.8921512410071817,"[-0.6209570195524898, 0.3289783768616983]",0.5576381311380213
379.0,24.0,2.899099375369237e-05,0.0005348891836474607,1.0563793935782644,3.5276178559854036e-09,6.508520029493364e-08,"[0.7057469772049375, 1.4070118099515914]",-0.22281394337581162,0.20379700798390643,0.6386618865055044,"[-0.5664593632021303, 0.12083147645050707]",0.8510865714733942
380.0,24.0,0.020656394365128828,0.04870642387439007,0.8140472800172976,0.002288500268898179,0.005396133621547228,"[0.2909294779091237, 1.3371650821254715]",-0.1708989525076321,0.6151878625079087,0.9172188963428358,"[-0.8372362943895189, 0.49543838937425466]",0.652785913459601
381.0,24.0,1.1105980962182147e-05,0.00033552812574568424,1.336533739666097,2.5357866754673036e-10,7.660986934946537e-09,"[0.9223605633148222, 1.7507069160173718]",-0.8061777941840704,3.2721166921008047e-07,6.81690977521001e-05,"[-1.1155690609069602, -0.49678652746118057]",3.0793723429275706
382.0,24.0,0.0005042749318319453,0.0029192098750078985,1.03719390228302,2.9156691835278925e-06,1.6882855723960003e-05,"[0.6025124993769566, 1.4718753051890836]",0.0004003562940182448,0.9985624875972137,0.9998296237857246,"[-0.435134559974648, 0.4359352725626845]",23.998470751603417
383.0,24.0,0.0022771735951546625,0.008289674536420322,0.9782232094909294,5.5482377265312254e-05,0.0002020479871278669,"[0.5026176148880376, 1.4538288040938214]",0.12755098763424133,0.6203207007106408,0.9175486145824342,"[-0.37708651712552765, 0.6321884923940103]",23.512791115722173
384.0,24.0,0.01112531321501475,0.028431671901392157,0.9541005518147492,0.0008599456905987385,0.0021976634055679493,"[0.3930002391540971, 1.5152008644754011]",-0.39425959320935355,0.20096318866973661,0.6345538006622565,"[-0.9985192253018517, 0.21000003888314456]",1.5059607148960434
385.0,24.0,0.08453406899253749,0.1740100226277017,0.7609855758052607,0.01861831517752979,0.03832506211924617,"[0.12713531892829744, 1.394835832682224]",0.329033416796384,0.45263359019373905,0.8510636664122461,"[-0.5296436053725934, 1.1877104389653614]",22.74318492658655
386.0,24.0,1.9637548932814902e-05,0.000437361891599441,1.3777545697313665,1.2378100725000986e-09,2.7530712774577886e-08,"[0.9332722118980283, 1.8222369275647046]",-0.31914380401775055,0.06012297783819119,0.3547078338536353,"[-0.651881429209542, 0.013593821174040843]",1.219039535197826
387.0,24.0,0.0014090841805697331,0.0058711840857072215,1.0742860714288935,2.2577339860376537e-05,9.411146252762207e-05,"[0.5774273106094321, 1.571144832248355]",-0.02950625177526245,0.9042233965401023,0.982851517978372,"[-0.5101195299244972, 0.4511070263739723]",0.11270557973152874
388.0,24.0,1.6903895302762852e-05,0.00041028872094084595,1.4132291737843408,8.103053524349952e-10,1.9667605641626095e-08,"[0.9623215799916396, 1.864136767577042]",-0.0862845796774998,0.6098270296467247,0.9143882220641197,"[-0.41767379401532184, 0.24510463466032223]",0.3295828168387342
389.0,24.0,0.00016111623063130848,0.0014262803466112439,1.110847399590514,2.430703027537147e-07,2.153498422953707e-06,"[0.6891475725239105, 1.5325472266571174]",0.2649861906641586,0.18568857519565762,0.6170340062801836,"[-0.12744774959568006, 0.6574201309239973]",22.987827309712983
390.0,24.0,9.139859288827615e-06,0.0003103298416559442,1.1843815180681956,1.3988668701114634e-10,4.7580505786104195e-09,"[0.8225767635203678, 1.5461862726160234]",0.1585893917413843,0.32660047504564327,0.7682909316528894,"[-0.15826531275989436, 0.475444096242663]",23.39423314517812
391.0,24.0,0.002391166289449774,0.008567659295849824,0.74739878388179,6.069754118356643e-05,0.00021755391105220942,"[0.38210088652892865, 1.1126966812346515]",0.15492038798677665,0.5492467399893453,0.8928806760019607,"[-0.3520821680176274, 0.6619229439911807]",23.408247707188565
392.0,24.0,0.016387783755930696,0.03963188332752285,0.6950189822610833,0.001591634705862873,0.0038491770395716394,"[0.2635890464459836, 1.126448918076183]",-0.07564322127694911,0.8181510817046427,0.966095377463714,"[-0.720457164503783, 0.5691707219498848]",0.2889358218628916
393.0,24.0,1.8018236850559494e-06,0.00016839473692111678,1.4429817463979717,8.269264640390754e-13,7.728284710645565e-11,"[1.0477960775522963, 1.8381674152436471]",0.10005234048116662,0.4904860635533824,0.8697731756428894,"[-0.18434035345242755, 0.3844450344147608]",23.617828210668215
394.0,24.0,0.02471714992164459,0.05712306429776887,0.6991418815548556,0.003017066528426149,0.006974879258662761,"[0.23714059680671828, 1.1611431663029927]",-0.07068641080009286,0.8400585478784085,0.9708072590103425,"[-0.7571584517361343, 0.6157856301359486]",0.27000220051821877
395.0,24.0,3.0226257973151215e-05,0.0005490760358935952,1.3196669985482172,3.920890985192195e-09,7.141766557204799e-08,"[0.8803461905330983, 1.7589878065633362]",-0.01126304665663902,0.9491226646881898,0.9908684119057948,"[-0.35722237969257975, 0.3346962863793017]",0.043021669192289884
396.0,24.0,0.001095493682965193,0.00491473164183577,0.7581627283561488,1.4093125625396648e-05,6.319787275962623e-05,"[0.41596259989829804, 1.1003628568139996]",0.698984613992911,0.0025675511108376485,0.05014748263354782,"[0.24463488808225092, 1.1533343399035711]",21.330075444908346
397.0,24.0,9.253984141782753e-05,0.0010191612490950167,1.0381795223390895,6.634067971475712e-08,7.306242259334483e-07,"[0.6614222411445474, 1.4149368035336316]",-0.2975917875003251,0.11950864269419338,0.5039445290928164,"[-0.6722413635194542, 0.07705778851880402]",1.1367168961015117
398.0,24.0,0.00024029663359561077,0.0018040287807478284,1.3507465644409817,5.96275366351615e-07,4.48327343121515e-06,"[0.8204596838629842, 1.8810334450189794]",-0.19259884012786355,0.3534845484179514,0.7919111069362905,"[-0.5994384533621799, 0.2142407731064529]",0.7356733785627642
399.0,24.0,0.00249515855338053,0.008848229758005682,1.0864342800852715,6.579394434702076e-05,0.00023324678965154662,"[0.5528914358297211, 1.619977124340822]",0.30529153593399894,0.2377571416656874,0.6797856303376905,"[-0.2015309685086838, 0.8121140403766817]",22.83387223132769
400.0,24.0,0.02452494003610977,0.05677069452803188,0.9265483246133035,0.0029813827731981855,0.006901349012032837,"[0.3150281947829301, 1.538068454443677]",0.08964105970349046,0.7977100732263802,0.963577645746255,"[-0.5958257694568958, 0.7751078888638767]",23.657596373860653
401.0,24.0,0.010286312388583737,0.026627782522867557,0.7669416806177334,0.0007548641581786037,0.0019539338027430796,"[0.32074061481053895, 1.2131427464249278]",-0.22906466512401558,0.45596623644465795,0.8520462075951002,"[-0.8312849607119212, 0.37315563046389]",0.8749625698122423
402.0,24.0,3.477486256081827e-05,0.0005964813475269001,1.2803216240393445,5.696391649390014e-09,9.804460670206564e-08,"[0.8495582335784317, 1.7110850145002572]",0.2238381226469679,0.2078491112699652,0.6441496727530771,"[-0.12448581826826549, 0.5721620635622013]",23.145001351879802
403.0,24.0,0.00025655780959283486,0.0018817333530467887,1.2172876569000486,6.911967313898116e-07,5.063712317874077e-06,"[0.7366418004877608, 1.6979335133123363]",0.2967939673218174,0.1535834819410581,0.5652686122232539,"[-0.11085183512435254, 0.7044397697679874]",22.86633055250108
404.0,24.0,0.003096471270767833,0.010331902805364808,0.8323705882294838,9.751168570258156e-05,0.0003253643166585971,"[0.41370460133717657, 1.2510365751217911]",-0.45999266862663823,0.07991780216139725,0.41173519918288126,"[-0.9748327834959035, 0.05484744624262705]",1.7570425679510804
405.0,24.0,6.499877970021517e-06,0.0002716302425759447,1.358216694489217,5.0478322018034835e-11,2.1120636827629637e-09,"[0.9530034475186702, 1.7634299414597636]",0.055408877920382515,0.7260751449919056,0.9490709376786874,"[-0.254564100995749, 0.36538185683651403]",23.788353676507096
406.0,24.0,0.05680748602334697,0.120431388643941,0.6784507109433546,0.0105101951525233,0.022272081272564737,"[0.15873226439484012, 1.1981691574918691]",0.5155518826220691,0.19592100512978428,0.6285458267749615,"[-0.265778085379209, 1.2968818506233473]",22.030736867048763
407.0,24.0,9.754947114729935e-05,0.0010545888772681012,1.1660413576430597,7.480530148812978e-08,8.087059620338355e-07,"[0.7411851457486492, 1.59089756953747]",-0.09420919483827728,0.6255675725216854,0.9195245607783346,"[-0.47260284492980337, 0.2841844552532488]",0.35985261703726323
408.0,24.0,0.0004941834692279415,0.0028838328793847723,1.0820877509640605,2.7962909313907325e-06,1.6323940054820386e-05,"[0.6294210714646293, 1.5347544304634917]",0.06031082545419153,0.7856373896233205,0.9608848990282411,"[-0.3743058422575714, 0.49492749316595447]",23.76962961616831
409.0,24.0,0.011082641040676333,0.028344350487663254,0.9709356385990784,0.0008515446757027874,0.0021778636207232414,"[0.400402173992619, 1.5414691032055376]",-0.16055667546015595,0.6056226563253586,0.9132231196120335,"[-0.7700199550744656, 0.44890660415415373]",0.6132813251012407
410.0,24.0,0.001111955487257186,0.00496674493577104,1.1252848063781453,1.4307620528351929e-05,6.394906599781398e-05,"[0.616994018752882, 1.6335755940034087]",0.06876465911837659,0.7739464062509755,0.9594231226648312,"[-0.40048472328758383, 0.5380140415243371]",23.737338350190747
411.0,24.0,0.0013575752687217423,0.005704097767738414,0.9336130045913306,2.1027563827531708e-05,8.83511085190408e-05,"[0.5034341399262238, 1.3637918692564375]",-0.04518327504085917,0.853252999280999,0.9710102122541093,"[-0.5239520279767036, 0.43358547789498525]",0.17258739762800152
412.0,24.0,0.0005405657426901634,0.0030557701678358587,1.0031897655764626,3.3928932316073525e-06,1.9147253000041495e-05,"[0.5799360867302332, 1.4264434444226919]",-0.3695524339682148,0.0951922917600206,0.4473321981203976,"[-0.803628820218681, 0.06452395228225133]",1.4115863183443833
413.0,24.0,0.0006183685479117388,0.0033317270900416964,0.8746019731098871,4.475700185042159e-06,2.4114763928028874e-05,"[0.5009754755276918, 1.2482284706920823]",-0.39603571081558986,0.07696705960294736,0.40478983322809736,"[-0.8349323366618617, 0.04286091503068201]",1.5127449844131247
414.0,24.0,5.0204548861278466e-06,0.0002413319386198876,1.0892245300692853,2.2880955824449057e-11,1.1053601847559932e-09,"[0.7699409609768482, 1.4085080991617225]",-0.013874143525236526,0.9288699253324995,0.9892015094756179,"[-0.3184984785539317, 0.29075019150345865]",0.05299532455698738
415.0,24.0,0.00019781429691556176,0.0016161298767611255,1.0232628891703897,3.882399582018697e-07,3.171895083348609e-06,"[0.6280505632027193, 1.41847521513806]",0.33778012859561635,0.09622969301971003,0.449524991159006,"[-0.06021885814190481, 0.7357791153331374]",22.709774948539
416.0,24.0,0.00021763180649247792,0.0017073765434603937,1.0879938390123265,4.774050924314997e-07,3.753495677166633e-06,"[0.6644877077394793, 1.5114999702851737]",-0.08277709371633346,0.6882178460196529,0.9373175997811231,"[-0.4870889008758577, 0.3215347134431908]",0.31618520735365296
417.0,24.0,0.000982986472198628,0.004569904566241878,1.2532144592453032,1.1242618404565821e-05,5.22912483933294e-05,"[0.693929854876248, 1.8124990636143583]",-0.07312727192967206,0.7571979727455888,0.9559373472359408,"[-0.5367244176709389, 0.39046987381159476]",0.2793256032583803
418.0,24.0,0.008030469082906543,0.02171570871526918,0.8132388009202279,0.0005011245906805153,0.0013551232846958227,"[0.35523651043846005, 1.2712410914019958]",0.017214503032655593,0.9540282943710313,0.9927151416642309,"[-0.5680491083042302, 0.6024781143695414]",23.934245441987578
419.0,24.0,0.0013709738376391004,0.005745908791446356,0.9452578900308359,2.160238405722696e-05,9.049934539289702e-05,"[0.5090941029576672, 1.3814216771040047]",0.43823524156172056,0.06933831689098473,0.383582200383129,"[-0.034686810198227225, 0.9111572933216683]",22.326064681641153
420.0,24.0,2.0042252959996976e-05,0.0004406199376839019,1.2298605693324747,1.3115364233454821e-09,2.8824976337263344e-08,"[0.8324831482740976, 1.6272379903908516]",-0.35377122109073156,0.037148020184578516,0.26802323365496766,"[-0.6864652794596721, -0.021077162721791054]",1.351306525445897
421.0,24.0,0.00036975021390693716,0.0023765364905428484,1.136180697872304,1.5169656706998324e-06,9.755406242442652e-06,"[0.6731158277327047, 1.599245568011903]",-0.022693074581937367,0.9163637114282114,0.9866950240827408,"[-0.44622785426874495, 0.4008417051048702]",0.08668115984804108
422.0,24.0,0.010672457445739858,0.027442677926818867,0.8553399479254916,0.0008011365901549038,0.0020600066602080324,"[0.3552699692260707, 1.3554099266249127]",-0.1857767664606973,0.5479298733268543,0.8928301667375823,"[-0.79176270535865, 0.4202091724372554]",0.7096149766523666
423.0,24.0,0.0012100569651854827,0.005281785094655097,1.0095746270505934,1.6869878097091103e-05,7.369977325072566e-05,"[0.5496979176775955, 1.4694513364235915]",-0.13731411710570907,0.56912225911698,0.9003501129545338,"[-0.6100167508949956, 0.3353885166835775]",0.5245012918481515
424.0,24.0,0.00030142005558875305,0.0020869260301016337,1.3983891179592403,9.81135167845852e-07,6.793228466398173e-06,"[0.8385164260720971, 1.9582618098463835]",-0.24200593591870678,0.25219093685722493,0.7000725238610587,"[-0.656245846468763, 0.17223397463134948]",0.9243945830170236
425.0,24.0,0.0002579993141710956,0.0018859598989115173,1.2149112982651518,6.99133885979485e-07,5.110627821487463e-06,"[0.7349894125990519, 1.6948331839312516]",-0.27042327678326483,0.19421881984306377,0.6263102864981096,"[-0.6786963647439024, 0.13784981117737277]",1.032940829451945
426.0,24.0,0.0007245842202781922,0.0037101086547782496,1.0510987311949753,6.129831036496925e-06,3.1418875288393865e-05,"[0.5955085086499505, 1.5066889537400001]",-0.12784582313278836,0.5775445025478702,0.9032205836784882,"[-0.5777281407946867, 0.32203649452911]",0.48833507292565076
427.0,24.0,0.04176276918911743,0.0912735954955004,0.6893391367116173,0.006659125896512165,0.014558648658749816,"[0.19141531852443483, 1.1872629548987996]",0.12385831207758713,0.7461091143524974,0.9548690511802336,"[-0.6259171600290886, 0.8736337841842629]",23.526896097356
428.0,24.0,0.0014585977215942868,0.006004930924636833,0.874802083982112,2.4378696657178623e-05,0.0001002001506665788,"[0.46854919656163, 1.281054971402594]",0.5491271809359954,0.022764975408790612,0.19965680918312648,"[0.07653110986495881, 1.021723252007032]",21.90248867443005
429.0,24.0,9.854949541210309e-07,0.00013139932721613747,1.224941194494858,1.0145356902262935e-13,1.352714253635058e-11,"[0.9022040002259173, 1.5476783887637988]",0.1805568061648719,0.1950884725168489,0.6279387127314469,"[-0.09257158284092065, 0.45368519517066447]",23.31032380295941
430.0,24.0,0.0001607631703180782,0.0014262803466112439,0.9979064070901086,2.4334532179376885e-07,2.153498422953707e-06,"[0.6190657071280498, 1.3767471070521675]",-0.4211127593734103,0.034080184976592855,0.2556228873059285,"[-0.8105976340121872, -0.031627884734633405]",1.6085322540803073
431.0,24.0,0.0009245624389858475,0.004379714436648249,1.2342062317097406,9.965443150253328e-06,4.720721530200534e-05,"[0.6866637811735137, 1.7817486822459676]",-0.090878109936404,0.6990661091942292,0.9396049854761145,"[-0.5516292207968116, 0.36987300092400366]",0.34712880996545725
432.0,24.0,0.056414816814630356,0.11967504627626295,0.6656210039928362,0.010400206830193819,0.022062381905375093,"[0.15645804835669885, 1.1747839596289735]",0.4746494517727724,0.23435125552909053,0.675980281718279,"[-0.30762140688419415, 1.2569203104297388]",22.18697264434812
433.0,24.0,0.038030911030255285,0.0837869817806902,0.8237520977196707,0.005798383966079755,0.012774584635557952,"[0.2385611082832051, 1.4089430871561364]",-0.23772172612311682,0.5262048658083973,0.8839273529919359,"[-0.972841187942486, 0.49739773569625234]",0.9080301070279629
434.0,24.0,0.04426952938806178,0.09609952165930664,0.6956805391333158,0.007274339303730068,0.015789753209746186,"[0.18767005776107282, 1.2036910205055589]",0.33917918834999305,0.3769678183582913,0.8059627565530977,"[-0.4132614144754656, 1.0916197911754517]",22.70443093392484
435.0,24.0,0.0640644152072118,0.13439147305897167,0.6063111640135996,0.012471848035901506,0.026162886586745347,"[0.13068747052007457, 1.0819348575071248]",-0.12365185209024343,0.765984978397438,0.9575323787835143,"[-0.9379264221805758, 0.6906227180000889]",0.4723152835831237
436.0,24.0,0.0014367562088657324,0.0059419198050692,1.164962299759585,2.35236753792554e-05,9.718489418004005e-05,"[0.6249895018127686, 1.7049350977064015]",-0.2838160850041511,0.24531164592372956,0.6910982958614811,"[-0.7626104835742409, 0.19497831356593864]",1.084097588577605
437.0,24.0,1.5573731873866618e-06,0.00016515055978930993,1.378900816330206,5.02030465478435e-13,5.3407496327493085e-11,"[1.004826067638276, 1.7529755650221357]",0.019643226553800908,0.891375345771549,0.9795465253756226,"[-0.2622757655343037, 0.3015622186419055]",23.92496840149653
438.0,24.0,0.011098318390152316,0.02837718841767404,0.98695173411726,0.0008538390575662111,0.0021831253519805994,"[0.4068768955881874, 1.5670265726463326]",0.19476564466914148,0.5308050093287665,0.8847149201939244,"[-0.4142759531717891, 0.8038072425100721]",23.256050037754235
439.0,24.0,0.00042998680083295197,0.002620352016283536,1.3068231562388999,2.0890627080742825e-06,1.2738410719964452e-05,"[0.7669842254343517, 1.846662087043448]",-0.034062587179970905,0.8764060186043835,0.9759532501162399,"[-0.4633226193275386, 0.3951974449675968]",0.13010949898058383
440.0,24.0,1.0455167460742497e-05,0.0003248576044199919,1.490963213192516,2.0677565895764917e-10,6.447334146078519e-09,"[1.031219353140243, 1.9507070732447889]",0.09644456782230115,0.5549873351111299,0.8948923720777097,"[-0.22377705914748197, 0.4166661947920843]",23.63160888712126
441.0,24.0,0.0002556274127832125,0.0018809964148875091,1.3124735944194175,6.859225093443283e-07,5.04412170843533e-06,"[0.7943987514198998, 1.8305484374189351]",0.306199498504065,0.14068220514860602,0.5364018002877723,"[-0.10115690713445785, 0.7135559041425878]",22.830404069779647
442.0,24.0,0.06212856452000975,0.13060450813539992,0.7583344600356295,0.011961595608852151,0.0251452503864876,"[0.16695147875830307, 1.349717441312956]",0.43236011369114635,0.2892119304007069,0.7391577605577169,"[-0.36719514686782395, 1.2319153742501165]",22.348506017046724
443.0,24.0,2.3437410823394953e-06,0.00019031624718310683,1.5451844966227772,1.9934361593600873e-12,1.6339640650492517e-10,"[1.1146897071492003, 1.9756792860963541]",-0.026807490441993487,0.8559908030047553,0.9710616029549124,"[-0.3163253753702055, 0.2627103944862185]",0.10239707077756804
444.0,24.0,0.0020393302877095574,0.007683987519629077,1.2064974671895208,4.5235666911870505e-05,0.00017050760238172073,"[0.6267698486442284, 1.7862250857348132]",0.010443765033491204,0.9673022532384502,0.994148983552796,"[-0.48890709826573564, 0.509794628332718]",23.96010775609031
445.0,24.0,0.0025288812430298343,0.008926513388739267,1.1801740717105809,6.741081988231821e-05,0.0002378645726263875,"[0.5997582485455153, 1.7605898948756464]",-0.2985221654194987,0.24914620371547147,0.6961335672407697,"[-0.806227534756219, 0.20918320391722156]",1.1402706779762324
446.0,24.0,0.013800690132121247,0.034177043417833695,0.8357129361950493,0.0012145783462134505,0.0030078710901769454,"[0.3294540832540743, 1.341971789136024]",-0.3012148774662524,0.3450927251826664,0.7852720708716537,"[-0.9265074401491348, 0.32407768521662994]",1.1505560803577672
447.0,24.0,0.008241505345760212,0.022160541397580565,0.7559768899981555,0.0005264204140792082,0.0014151086399978715,"[0.32860067268901105, 1.1833531073072998]",-0.4661297264852049,0.11424145217095188,0.49519485119615037,"[-1.0445710303331355, 0.11231157736272557]",1.7804844022126447
448.0,24.0,0.0005602388354562772,0.0031321938870661936,1.1156582694615436,3.6250904652276696e-06,2.032001381854075e-05,"[0.6435626697050192, 1.587753869218068]",-0.00915704881535806,0.9674451803892132,0.9941888607432054,"[-0.4489090617688108, 0.43059496413809467]",0.03497734999435247
449.0,24.0,0.00011901079668214932,0.0011867582530271906,1.0126790502381984,1.2014020891828115e-07,1.19900408102077e-06,"[0.6377104891069182, 1.3876476113694785]",0.1986557135130793,0.31016028616457136,0.7561717851819718,"[-0.18499145009117612, 0.5823028771173347]",23.241191069302705
450.0,24.0,8.961168990502047e-07,0.00013123505145810953,1.4155138840932349,7.17263384012315e-14,1.0547990941357574e-11,"[1.0448421387563087, 1.786185629430161]",0.005561343137641117,0.9680503914045959,0.9945042032099813,"[-0.2665747793164044, 0.2776974655916866]",23.97875723398594
451.0,24.0,0.05236389035841348,0.11200832162227482,0.7440358928481866,0.009304516362632076,0.01990696697182729,"[0.18329951085172924, 1.304772274844644]",0.24605510693946453,0.5362000581865991,0.8886311869184605,"[-0.5335811619306912, 1.0256913758096202]",23.060138722981904
452.0,24.0,0.05012165782658615,0.10755720563645095,0.8542653996751559,0.008754027018552997,0.01878143535411499,"[0.21557734619661195, 1.4929534531536999]",0.5447195070012487,0.16068132867087837,0.5769527061790964,"[-0.21636045375670954, 1.3057994677592069]",21.919324748692105
453.0,24.0,0.028896559768162227,0.06574871392073317,0.7293363914047531,0.0038335383899615275,0.008722499180799835,"[0.23497316136856672, 1.2236996214409395]",-0.209397788853944,0.5588377891268658,0.8959434689226791,"[-0.9114746468152899, 0.4926790691074019]",0.7998406360468362
454.0,24.0,0.0001445681856163996,0.0013435704982936766,1.1760983843839719,1.8849403851890437e-07,1.7518033319600778e-06,"[0.7336876951343346, 1.618509073633609]",0.05451381022427704,0.7845643281365392,0.9608848990282411,"[-0.33632214485911893, 0.445349765307673]",23.791772583264787
455.0,24.0,0.0017206235986953605,0.006792829051304226,1.194368084025124,3.2952188474708116e-05,0.00013014292446567188,"[0.630568759370082, 1.758167408680166]",0.030206047363663835,0.9039359239498141,0.982851517978372,"[-0.4603263803789257, 0.5207384751062534]",23.88462139801932
456.0,24.0,0.0027959904746419737,0.009578590183768323,1.045863198447668,8.05532583233907e-05,0.000276173405801387,"[0.5259582583157238, 1.5657681385796123]",-0.024830674149854737,0.9249424650720762,0.9882618491641236,"[-0.5414139197270451, 0.49175257142733564]",0.09484618875008466
457.0,24.0,2.1469645373807147e-05,0.00045199253418541364,1.1552174141589522,1.572822036455732e-09,3.3112042872752255e-08,"[0.7801484963747458, 1.5302863319431586]",0.22772260587480098,0.1841761990164692,0.6154246368410594,"[-0.10836637376901709, 0.563811585518619]",23.13016371891019
458.0,24.0,0.0004905407666614452,0.002868659454160498,1.4573141430521839,2.779787852658824e-06,1.6237078578614627e-05,"[0.847837762696103, 2.066790523408265]",0.4299235394702414,0.049429551838156685,0.3199323743570012,"[0.001072959449727462, 0.8587741194907554]",22.35781304500194
459.0,24.0,0.03158698288356332,0.07101390036772329,0.6528521197446631,0.00438352455444481,0.009855046210532398,"[0.20374852543894517, 1.1019557140503808]",0.11680470235700824,0.7485383325512729,0.9551337661749049,"[-0.597344932331972, 0.8309543370459884]",23.55383890184411
460.0,24.0,0.0006041972810280165,0.0032818972353504425,1.1246576886346884,4.281457112670895e-06,2.324352395586805e-05,"[0.6451757502446408, 1.6041396270247361]",0.49076266647978084,0.027214478734175537,0.221166490761475,"[0.055214249177368, 0.9263110837821937]",22.12542469787481
461.0,24.0,1.6443853054257683e-05,0.0004050210111886129,1.2947098291669228,7.505626447032961e-10,1.848676464786444e-08,"[0.8824326307947481, 1.7069870275390975]",-0.10124188219092733,0.548441733751877,0.8928806760019607,"[-0.43190594692000284, 0.22942218253814817]",0.3867155039667219
462.0,24.0,0.00030361610680986346,0.0020935319274773883,1.0162612255866832,9.927458345569192e-07,6.84652299694427e-06,"[0.6091885690884647, 1.4233338820849015]",0.0077193578365761795,0.9710067261948508,0.9946639642340541,"[-0.4085519329144482, 0.42399064858760055]",23.97051422502753
463.0,24.0,0.0003440339051752061,0.0022687788502041496,1.305828094736107,1.3156415189286958e-06,8.661234489326503e-06,"[0.7767445936686097, 1.8349115958036042]",0.4748217313854619,0.024701349079278567,0.20920018316918432,"[0.060477879035736926, 0.8891655837351868]",22.18631458470124
464.0,24.0,6.22412150031461e-05,0.0008254803050815133,1.2921859227625105,2.5255343696689817e-08,3.3450786353231545e-07,"[0.8376158311500779, 1.7467560143749432]",0.3582570807882206,0.05250706102912908,0.33085734737951533,"[-0.003882163610498035, 0.7203963251869392]",22.631558752677172
465.0,24.0,4.300246583968608e-05,0.0006733184349585298,1.359258462678784,9.829940619133414e-09,1.5407430437513189e-07,"[0.8946149074036798, 1.8239020179538883]",-0.06504369638533891,0.7196133621539733,0.9476077984645422,"[-0.420174550813214, 0.29008715804253615]",0.2484486191206832
466.0,24.0,0.00020640220636280486,0.0016525396826485579,1.3908750941609966,4.250449630142801e-07,3.4058089985118598e-06,"[0.8518484662025962, 1.929901722119397]",-0.19564404499701826,0.3396426362295363,0.780249566343984,"[-0.5972218951358663, 0.2059338051418298]",0.7473052043464476
467.0,24.0,0.0010634465800774028,0.004826758129230164,0.94475819510928,1.3129377272422969e-05,5.965182948033075e-05,"[0.5198572017182421, 1.369659188500318]",-0.1504016895715985,0.5275239398894087,0.8840013597459259,"[-0.6169835824687697, 0.31618020332557273]",0.5744921362726241
468.0,24.0,0.0008160102130487422,0.004019754744082474,1.0320413720287367,7.787720289751887e-06,3.840098762205072e-05,"[0.579616437829119, 1.4844663062283545]",0.18271637207418578,0.43065158054251085,0.8389751037742516,"[-0.2717029815851135, 0.6371357257334851]",23.302074868813808
469.0,24.0,0.059671546360887055,0.12587634101575532,0.6548194762464072,0.011281580311784167,0.023805824671416263,"[0.14830934878281676, 1.1613296037099978]",0.43935398453437724,0.27736306910189523,0.7270329465318355,"[-0.35338104769674894, 1.2320890167655034]",22.32179139826161
470.0,24.0,0.012073221353669806,0.030472542538288253,0.7443487376076185,0.0009823117098179763,0.002479332937450723,"[0.3016611176706738, 1.1870363575445633]",0.44102943473575973,0.15609527017827773,0.5686872770035791,"[-0.1684222005883892, 1.0504810700599085]",22.315391649906704
471.0,24.0,0.00028584027628218933,0.002018646018942015,1.383264858362686,8.711702336467466e-07,6.161034184206129e-06,"[0.8320735810450258, 1.9344561356803465]",-0.08905910369922587,0.6731882888187894,0.9338966192307091,"[-0.5029102990586355, 0.32479209166018375]",0.340180717945572
472.0,24.0,8.336114334265321e-05,0.000970444043569886,1.101780522119862,5.127616726310308e-08,5.969286060896749e-07,"[0.7053203496867562, 1.4982406945529678]",0.12640141528613036,0.5071331934190029,0.8754924137551734,"[-0.24709347885139932, 0.49989630942366003]",23.51718215864162
473.0,24.0,2.5394123701084503e-05,0.0005048533538983003,1.1485733920111147,2.492645562086906e-09,4.95555777750876e-08,"[0.7709843117615389, 1.5261624722606906]",0.3550789631557736,0.03977340120207704,0.2812828939326524,"[0.016601352056751728, 0.6935565742547954]",22.643698267819527
474.0,24.0,0.03544026197631126,0.07854667991203737,0.7054181975884336,0.005211357056318008,0.011549993475882111,"[0.21051576423200008, 1.200320630944867]",-0.07111301463364583,0.84833668912553,0.9708072590103425,"[-0.7999256656063141, 0.6576996363390224]",0.27163170713066453
475.0,24.0,3.640268463749266e-05,0.0006107832992867896,1.0179971768020084,6.387879091014689e-09,1.0735931245402838e-07,"[0.6743623157420606, 1.3616320378619562]",-0.025052727302298905,0.8886769161809954,0.979163537493745,"[-0.3758381403586504, 0.32573268575405256]",0.09569436931425972
476.0,24.0,0.004857673848337361,0.01455264783803883,0.7827342938138173,0.0002143259230449568,0.0006420788587326448,"[0.3682726743517101, 1.1971959132759245]",-0.27044786442821867,0.33275273020339946,0.7741326139098854,"[-0.8177086171439537, 0.2768128882875164]",1.0330347473375465
477.0,24.0,0.00011109974765102346,0.0011408102823833484,0.9782387664188502,1.0357702159119396e-07,1.0612399753196103e-06,"[0.6178642457634045, 1.338613287074296]",0.5440596626635044,0.004464088046743332,0.07030059916131232,"[0.1690322123527735, 0.9190871129742353]",21.921845168404662
478.0,24.0,2.084558125880678e-05,0.00044070996318830403,1.2567568610491024,1.4451542088139918e-09,3.0617673915550675e-08,"[0.8496414219949577, 1.6638723001032472]",-0.10580478192988974,0.5375502883229171,0.8891776466962708,"[-0.4421653337637984, 0.23055576990401894]",0.40414449712564793
479.0,24.0,0.0002551525622584051,0.0018788848472636606,1.239272740456386,6.852567652296843e-07,5.04412170843533e-06,"[0.7501111545518517, 1.72843432636092]",-0.3902679869878174,0.05934623974556311,0.3530412834358305,"[-0.7959230912145727, 0.01538711723893793]",1.490713902231231
480.0,24.0,0.00013282619373168212,0.001275948066586764,1.1178925787505276,1.5493137357443025e-07,1.489724745907983e-06,"[0.7002832706835593, 1.5355018868174959]",-0.08822928404911412,0.6558169322779768,0.9301211184160023,"[-0.47622078714247107, 0.29976221904424283]",0.33701104036501023
481.0,24.0,3.0694515187211917e-05,0.0005528036331550792,1.1088794013921905,4.0851702250561274e-09,7.360667072173202e-08,"[0.7393041819672375, 1.4784546208171436]",-0.06230766358097117,0.7243234606313576,0.9485309517985501,"[-0.4085663580582884, 0.28395103089634605]",0.23799774363404225
482.0,24.0,0.003751037672726403,0.011961217068642867,1.191627784789124,0.00013706368349557563,0.0004367867542880039,"[0.5791709809454513, 1.8040845886327965]",-0.45813280625706554,0.08789490142830274,0.43170383805649676,"[-0.9842780599588336, 0.06801244744470247]",1.749938417000966
483.0,24.0,0.012828448791253786,0.032103225203337804,0.725110953137733,0.0010831029999409836,0.0027091120558803993,"[0.29022990101003815, 1.1599920052654278]",0.44543354792778267,0.15534847553708464,0.5680561322222348,"[-0.16899343187459348, 1.0598605277301587]",22.298569176679987
484.0,24.0,0.0038728987503439016,0.01225213144683297,0.9659840001483339,0.00014468337250457585,0.0004577139275690473,"[0.4677516318399317, 1.464216368456736]",0.3618627410483892,0.18154599455574005,0.6112323308967923,"[-0.16899999440861524, 0.8927254765053937]",22.61778614499279
485.0,24.0,0.006663861664372863,0.018773236483406907,1.0424743654168867,0.00036679057922886754,0.001033504027131213,"[0.4690043334421513, 1.615944397391622]",0.09749859990017651,0.7379963920934971,0.9523631024368666,"[-0.47376979444936795, 0.668766994249721]",23.627582781152352
486.0,24.0,0.0013407630931246129,0.005654842231651678,1.1140036166641882,2.0534506820968454e-05,8.664348869606943e-05,"[0.6013462184285241, 1.6266610148998524]",0.06726281829173697,0.7827370354441965,0.9605790545529682,"[-0.4108180540560242, 0.5453436906394982]",23.743074959581875
487.0,24.0,0.0036727265274377916,0.011756108233538174,0.8607155644263803,0.00013111697969364126,0.0004198430345617715,"[0.41960242358961325, 1.3018287052631474]",-0.04285364154201865,0.8746750814734587,0.9754479263760243,"[-0.5753796380919137, 0.4896723550078764]",0.16368885314161105
488.0,24.0,0.00014298133203695008,0.0013411611928311055,1.216882321739818,1.837010331943858e-07,1.723667205611093e-06,"[0.7595492600482572, 1.6742153834313787]",0.010906183463735175,0.956353214537043,0.9932009705442342,"[-0.3796575514077095, 0.40146991833517987]",23.958341447795508
489.0,24.0,0.0001257506202824679,0.0012302092423316193,1.0942146498822387,1.365181346238298e-07,1.3367056388637783e-06,"[0.687255833422172, 1.5011734663423053]",0.15011192973821252,0.4457492376911326,0.8480769362464472,"[-0.23573194292562866, 0.5359558024020536]",23.426614664762404
490.0,24.0,0.016021812950147034,0.03886902705033245,0.9244555200084648,0.001536542606740585,0.003727662801408503,"[0.35246191158759443, 1.496449128429335]",0.14214054695074907,0.6643387354442398,0.9319266977215779,"[-0.4998751624983404, 0.7841562563998385]",23.457063104136065
491.0,24.0,6.138304429434072e-05,0.0008173507895384916,1.161399167682555,2.4158119899282038e-08,3.2210826532376053e-07,"[0.7534039353439568, 1.5693944000211533]",0.05878153041611256,0.7522608996335118,0.9552799279805988,"[-0.30619924338239585, 0.42376230421462097]",23.77547109292246
492.0,24.0,0.003998907622723932,0.012539691510579905,0.8307393866768451,0.00015252078895344485,0.0004782715238427245,"[0.40078166366274526, 1.260697109690945]",0.18492107501706645,0.4992916602885209,0.8731021700276606,"[-0.3515444795776165, 0.7213866296117494]",23.2936535239
493.0,24.0,0.013453645040435773,0.03341690273332283,1.007179470495036,0.0011634512614543313,0.002890562140259208,"[0.3993522901930635, 1.6150066507970087]",-0.11292701971625085,0.7238988989479975,0.9485258871013498,"[-0.7394836038943715, 0.5136295644618698]",0.43134944151545396
494.0,24.0,0.028508335952843467,0.06493926185157965,0.7372717499718379,0.00375231768996476,0.008547420706070069,"[0.23868883912710198, 1.2358546608165737]",0.09947792896657326,0.7812881832275497,0.9601673629440207,"[-0.6027719775450251, 0.8017278354781716]",23.62002230103421
495.0,24.0,0.012613430064003218,0.031660216024104466,0.7867649443172111,0.0010498646089055505,0.0026352023315902376,"[0.31617608411946296, 1.2573538045149593]",-0.18915526170642227,0.5498035878413683,0.893217494464356,"[-0.809061170379158, 0.4307506469663135]",0.722519877898037
496.0,24.0,0.00649662631779092,0.01841969469178032,0.9530325839748459,0.00035214641320109456,0.0009984304315313142,"[0.4303313931392533, 1.4757337748104384]",0.26278370952060914,0.3637011407623394,0.7986341840478475,"[-0.3042389005922258, 0.8298063196334441]",22.99624016797849
497.0,24.0,0.00023896817200511197,0.0018008151620581157,1.0525528149596477,5.970518236857283e-07,4.485738720403669e-06,"[0.6393124211400407, 1.4657932087792547]",0.5864802359067554,0.003920341916559511,0.06512195874683574,"[0.18797802114048046, 0.9849824506730303]",21.759810514313735
498.0,24.0,0.00015130326433636206,0.0013817649711083293,1.020652110557795,2.128276452565095e-07,1.9365572816788852e-06,"[0.6350449000594229, 1.4062593210561671]",-0.557469501614051,0.004462616043042831,0.07030059916131232,"[-0.9417263261714843, -0.17321267705661753]",2.1293766433164367
499.0,24.0,0.008091715159871005,0.02185768546696652,1.075397158586599,0.0005074907370070807,0.0013712259848880862,"[0.469162352396005, 1.6816319647771927]",0.009390485798372872,0.9749375301821999,0.9955285224381598,"[-0.5764520623666741, 0.5952330339634199]",23.964130986411714
500.0,24.0,0.2634059378839603,0.4799670879809772,0.5066002862753607,0.09220501822819963,0.16801205945371653,"[-0.08306096714690814, 1.0962615396976294]",0.2825653804194346,0.6450898314941556,0.9284539889092625,"[-0.9198337508109431, 1.4849645116498122]",22.920679751030523
501.0,24.0,0.0014742867066206199,0.006047115285564479,1.0544602879126905,2.4623576370414637e-05,0.00010108200480465778,"[0.5645135905909142, 1.5444069852344668]",0.10819462196511598,0.6602593182295418,0.9311229984903988,"[-0.37424211974449084, 0.5906313636747228]",23.58672698635903
502.0,24.0,0.00016811382937781372,0.001459298747635282,1.294751267726198,2.66798685691778e-07,2.3183829941060833e-06,"[0.8015703902924437, 1.7879321451599526]",0.12244750437149854,0.5438725397097193,0.8910210101645429,"[-0.27294884511237666, 0.5178438538553738]",23.532284985840228
503.0,24.0,0.009668598730583018,0.025310467881107378,1.0715313243318174,0.0006852669467963812,0.0017938925308805791,"[0.4530007874784735, 1.6900618611851614]",0.4925469090035399,0.1015865059263894,0.46301962591790974,"[-0.09709885519406303, 1.0821926732011429]",22.118609393458865
504.0,24.0,0.16744299527109105,0.32443905303447207,0.548455815907896,0.04885567355729595,0.09469989059371185,"[0.002752251340285672, 1.0941593804755065]",-0.17086194674353994,0.745492265511526,0.9547509829752914,"[-1.2025771759505828, 0.8608532824635029]",0.6526445618529252
505.0,24.0,0.0007691661594502728,0.0038516082095657127,0.9601501297022309,6.940987015572677e-06,3.475707068388922e-05,"[0.5415395645724246, 1.3787606948320372]",0.307014673012481,0.1810740897783346,0.6110528830426148,"[-0.14289773720719973, 0.7569270832321617]",22.827290332519723
506.0,24.0,0.004465363823806434,0.013655546861793374,1.0885997664853306,0.00018467942738032567,0.0005649416561037799,"[0.5179769717218887, 1.6592225612487725]",-0.017623414652391922,0.9494402534522315,0.9908684119057948,"[-0.5623547610693583, 0.5271079317645745]",0.06731648534607146
507.0,24.0,0.0039275522546011405,0.012389754746375837,0.9250215340597947,0.0001475560126518947,0.000465476380605346,"[0.4473038331355991, 1.4027392349839902]",0.003406561479354586,0.9900742758421542,0.9984613511921684,"[-0.5332926781587785, 0.5401058011174876]",23.986987893638744
508.0,24.0,0.018672233210421947,0.04459624105522742,0.9700598698417491,0.001965737692045768,0.004693738519689035,"[0.35582370450630874, 1.5842960351771893]",0.5571634215283616,0.08995642575393566,0.4357585759523365,"[-0.08685784461155999, 1.2011846876682832]",21.87179249649043
509.0,24.0,3.0312791156442792e-05,0.0005491447673268622,1.5533904016238558,3.981158713230377e-09,7.212244045707205e-08,"[1.0360407769036963, 2.070740026344015]",-0.2855951137875685,0.1036966696778527,0.46921569989978595,"[-0.6295967396229554, 0.05840651204781827]",1.0908929779724121
510.0,24.0,0.0003638482187008008,0.00234753758375822,1.2986091251299294,1.4678214032539496e-06,9.47592900744964e-06,"[0.7700676563781071, 1.8271505938817518]",-0.14481427349438825,0.5015104165819024,0.8731021700276606,"[-0.5671091384648774, 0.27748059147610094]",0.5531497789654447
511.0,24.0,0.004197051644893916,0.013014113627578035,0.8882383912852599,0.00016610959604294474,0.0005149088532019366,"[0.4259249646898567, 1.3505518178806633]",-0.22506172661640633,0.41298758714847494,0.8276810186583298,"[-0.7638930380062007, 0.313769584773388]",0.8596724710031486
512.0,24.0,0.0071301530297156685,0.019712891981519678,0.9026959988190156,0.0004108779777187349,0.0011359634440661732,"[0.4019166552432999, 1.4034753423947315]",-0.049326983147272685,0.8667998047495461,0.9734244302898619,"[-0.625742187759794, 0.5270882214652486]",0.18841519669677756
513.0,24.0,0.00014414164231049066,0.0013435704982936766,1.284753686149936,1.880134457598104e-07,1.750545104671101e-06,"[0.8015142634729138, 1.7679931088269583]",-0.24252366495020272,0.22191418409777008,0.6612460789564066,"[-0.6316808996612008, 0.14663356976079533]",0.9263721622460978
514.0,24.0,0.0003784541072499087,0.0024090013192228435,1.0622887059195425,1.598286758281982e-06,1.017369037735189e-05,"[0.628396553956232, 1.496180857882853]",-0.19899418107909916,0.3567348284948524,0.793625869843943,"[-0.6221923768644246, 0.22420401470622625]",0.7601017815662963
515.0,24.0,6.63507079519256e-05,0.0008605798696747807,1.2697627680150527,2.9370596450046074e-08,3.8094158819774414e-07,"[0.8209579060396217, 1.7185676299904837]",0.17363058686425337,0.3530994580227682,0.7918103308023713,"[-0.19284781405582413, 0.5401089877843308]",23.336780011886578
516.0,24.0,0.11774874585379638,0.23526222947811468,0.6003498717511303,0.02977332116997087,0.05948715518475699,"[0.058880111242112565, 1.1418196322601482]",0.12378706134629347,0.7955192785959034,0.9628316126547152,"[-0.8124193981850462, 1.059993520877633]",23.527168255102026
517.0,24.0,0.06991413545073494,0.14580633044991645,0.5957478116729445,0.01421001332961786,0.02963506429534486,"[0.11952960785631006, 1.0719660154895791]",0.6015525050990886,0.14575237862614535,0.5465031069596751,"[-0.20893857862786525, 1.4120435888260425]",21.702238686820017
518.0,24.0,0.0015253765879684104,0.0061831235831715054,0.9320564125492037,2.6256732553343483e-05,0.00010643183037431489,"[0.497489325507081, 1.3666234995913262]",0.05602127922315958,0.8206862629343522,0.966095377463714,"[-0.42839822463895594, 0.5404407830852751]",23.78601447583927
519.0,24.0,0.00012247300881334863,0.0012066306287029421,1.38081338514123,1.2867217245389639e-07,1.2677061325507033e-06,"[0.8683187201092489, 1.8933080501732111]",0.2388302851448767,0.22290853433775792,0.662664232788248,"[-0.1452253805028807, 0.6228859507926341]",23.087735509419502
520.0,24.0,0.0003713109134765944,0.002381724910048713,1.1876347674508976,1.5395418566392567e-06,9.875188304292858e-06,"[0.7033016024013954, 1.6719679325003998]",-0.30452524165109995,0.1561630036429744,0.5686872770035791,"[-0.7254127469229288, 0.11636226362072893]",1.1632007401206357
521.0,24.0,0.0026329494702593288,0.009186843929725502,0.8001957297103138,7.246613556629481e-05,0.00025293328023091735,"[0.40494901785709464, 1.195442441563533]",-0.25626354914914096,0.32544416373793106,0.7674497923758702,"[-0.767044677705888, 0.2545175794076061]",0.9788546539526077
522.0,24.0,0.11015349777922674,0.22150311236522569,0.40506541573723076,0.027145058677584457,0.054584875683861764,"[0.045735071896877755, 0.7643957595775838]",-0.39631429001726115,0.39404955337208836,0.8163177410562709,"[-1.3076893145541573, 0.5150607345196351]",1.5138090785808505
523.0,24.0,8.001118410917601e-05,0.0009547873998708355,1.2188749824944043,4.638834792863337e-08,5.53560237811854e-07,"[0.7817085568560893, 1.6560414081327193]",-0.09460407298349427,0.6186233567591918,0.9174210890671123,"[-0.4670823757256187, 0.2778742297586302]",0.36136094044678907
524.0,24.0,0.0032261665451655507,0.010667712111219441,1.0440445947790378,0.00010434082400683379,0.0003450424074300059,"[0.5166869332512102, 1.5714022563068655]",-0.20467701980017772,0.4432855307079234,0.8471322596985049,"[-0.7279353157836155, 0.31858127618326004]",0.7818086265243845
525.0,24.0,0.0003257316527732515,0.0021846522654141616,0.8451129461816567,1.1632918328930886e-06,7.796862150757967e-06,"[0.5044172261494426, 1.1858086662138707]",-0.3192207292691158,0.1323837388074716,0.5255408448093354,"[-0.735006512200464, 0.09656505366223234]",1.219333368013907
526.0,24.0,0.00014435408771347992,0.0013435704982936766,1.3805069287560345,1.8790996295642383e-07,1.750545104671101e-06,"[0.8612616418961416, 1.8997522156159274]",-0.08300941388948946,0.6770830457892605,0.9341755514903409,"[-0.47368461824371105, 0.30766579046473214]",0.31707260504815876
527.0,24.0,8.742179153783409e-08,6.244413681273863e-05,1.6508561514924116,6.425095118315636e-18,4.58935365593974e-15,"[1.2756996865752661, 2.0260126164095573]",-0.207568810635113,0.08393680721757021,0.4220050639395184,"[-0.4429622525309542, 0.027824631260728233]",0.7928544538628115
528.0,24.0,0.07935947940303022,0.16403364903478754,0.4895351905415206,0.01697877199965113,0.035106877883274795,"[0.08760633420567088, 0.8914640468773704]",0.059330652163934516,0.8915662988872044,0.9795465253756226,"[-0.7936899406249999, 0.9123512449528689]",23.773373602349857
529.0,24.0,0.1893041289996505,0.36209665072618685,0.5645168013792285,0.058055381643062016,0.11104701921014157,"[-0.019266537816424956, 1.148300140574882]",0.3056189843445587,0.5746152558616764,0.9017816319235349,"[-0.7616124156121442, 1.3728503843012616]",22.832621470532132
530.0,24.0,0.011179474842935707,0.02852634560585789,0.7587348001207322,0.0008661365828730568,0.002209532099165961,"[0.3122603548457414, 1.205209245395723]",0.3544393926334264,0.2515597147781279,0.6995542680148162,"[-0.2514450566640144, 0.9603238419308672]",22.646141247261625
531.0,24.0,0.182709023039723,0.3509585536683116,0.47021491176220603,0.05521544915934905,0.10608155458088195,"[-0.010494116502471396, 0.9509239400268834]",-0.21029617826183689,0.697084037709797,0.9391521354987097,"[-1.2691597735563749, 0.8485674170327011]",0.8032722308089375
532.0,24.0,0.032583913391295675,0.07300899258636719,0.7316688100906414,0.0045975518184955926,0.010301482900505473,"[0.22564683540720298, 1.23769078477408]",-0.21497595056228214,0.5563357373224372,0.8951179890946906,"[-0.93119256539832, 0.5012406642737557]",0.8211476442687868
533.0,24.0,0.016821891198047483,0.040573784848160835,0.7147307361950493,0.0016609632795100073,0.004006182536203587,"[0.26930817550101666, 1.160153296889082]",0.23130697781102683,0.4821586949951573,0.8655838249888451,"[-0.4137284319133523, 0.8763423875354059]",23.116472426633464
534.0,24.0,4.5488712062646445e-05,0.0006965738145328718,1.4139096165612197,1.1346412638810122e-08,1.7381340829920636e-07,"[0.9285211799147284, 1.899298053207711]",0.007522923809006876,0.967033455204619,0.994148983552796,"[-0.3492383960781773, 0.36428424369619106]",23.97126454774303
535.0,24.0,0.015282671911470822,0.037320322128133875,1.0260148666132711,0.001424951273989982,0.003480584450390772,"[0.3955331355556634, 1.6564965976708788]",0.033861319741810725,0.917221355686257,0.9868519909818365,"[-0.6046849683793668, 0.6724076078629883]",23.870659286003416
536.0,24.0,0.01518542048858709,0.03713240340944741,0.8292943999144762,0.0014218028236139635,0.0034745914555570955,"[0.3197986680735787, 1.3387901317553736]",0.7026001180478652,0.02592986603685352,0.213773116931268,"[0.08431999261037826, 1.3208802434853522]",21.316265236697593
537.0,24.0,0.037409402932391506,0.08265444748650355,0.5648138900115542,0.0056521741025346165,0.012488232661366807,"[0.16478041496260581, 0.9648473650605027]",-0.12474250639418738,0.7394620517998387,0.9524292550958041,"[-0.8599077252176681, 0.6104227124292934]",0.4764812761513748
538.0,24.0,0.000701552844636533,0.0036501188586708267,1.1649261892507234,5.782263903159767e-06,3.008461968345352e-05,"[0.6613722779928716, 1.6684801005085754]",0.38968019893081784,0.08558001790584263,0.4251236536262876,"[-0.054575371061834355, 0.8339357689234701]",22.511531282763052
539.0,24.0,0.00666942961273263,0.018773236483406907,0.8982513041825565,0.00036782517442690387,0.0010352523907315053,"[0.40401651212485645, 1.3924860962402565]",-0.2175165099129348,0.4543050198659233,0.8513962141415355,"[-0.787273153794982, 0.35224013396911236]",0.8308518661617799
540.0,24.0,9.671239018121957e-05,0.0010511357399864928,1.424895927224518,7.337721002986964e-08,7.975783698898874e-07,"[0.9060586797974804, 1.9437331746515558]",0.1568961509343385,0.41554521038112235,0.8288815882747501,"[-0.22080046010878568, 0.5345927619774626]",23.40070084864099
541.0,24.0,0.15441036680296474,0.30175955990417186,0.47954390765212906,0.043591894477119225,0.08519033511260352,"[0.013789884116334528, 0.9452979311879236]",-0.008784647826244552,0.9863901320087214,0.9971100704756963,"[-1.0181247612261786, 1.0005554655736895]",0.03355488299683905
542.0,24.0,0.00045192430080569804,0.0027110036041133657,0.9610359087291962,2.3354846720312676e-06,1.4004651608831535e-05,"[0.5621371662946291, 1.3599346511637633]",-0.3454210629377057,0.11332551506273489,0.4939560215002053,"[-0.7729844189085675, 0.08214229303315618]",1.3194112707502212
543.0,24.0,0.0015408147064423913,0.00623190336811266,1.029183098712608,2.6883537228639667e-05,0.00010870819744698612,"[0.5487207591822323, 1.5096454382429838]",-0.3116335790769975,0.20475726647113113,0.639272616713638,"[-0.7932863512359797, 0.17001919308198465]",1.190352589044557
544.0,24.0,0.0008763767008883443,0.004209302117619329,1.0235193092525496,9.081340722366528e-06,4.3555590994563684e-05,"[0.5714965890433077, 1.4755420294617916]",-0.6162255119207947,0.006931992008910154,0.09495879464260486,"[-1.063535820505332, -0.1689152033362572]",2.3538080707566755
545.0,24.0,0.02863109406560743,0.06518919413845044,0.9972792432769372,0.003799804229497482,0.00865164897426567,"[0.3219457469899265, 1.6726127395639478]",-0.6460895783621297,0.06426844770883423,0.36921330413233866,"[-1.3304669206301714, 0.03828776390591204]",2.4678804018357936
546.0,24.0,0.009873511236613144,0.025759225767318403,0.9140652026020111,0.0007047216182765377,0.0018390438890306306,"[0.3852355991292903, 1.4428948060747318]",-0.011679922063323467,0.9696277282473701,0.9946639642340541,"[-0.612917194913007, 0.5895573507863601]",0.04461401595134446
547.0,24.0,0.005819161202804496,0.016823247189374085,0.8446309907547828,0.0002928073023605974,0.0008465085353009465,"[0.38752510192024975, 1.3017368795893158]",0.37982574100500255,0.18098480159042474,0.6110518262836153,"[-0.17667321048848794, 0.936324692498493]",22.549172539332282
548.0,24.0,0.04778279183958186,0.10304677989989619,0.5717686989291343,0.008126351125138176,0.017528798803145333,"[0.14836805088540905, 0.9951693469728595]",-0.12702449413773298,0.7460032935224151,0.9548690511802336,"[-0.8956346344154412, 0.6415856461399753]",0.4851978272584245
549.0,24.0,0.005193101459589311,0.015335978905153449,0.8681955222030265,0.0002400090602652541,0.0007088277030869878,"[0.4048753923667673, 1.3315156520392857]",0.15054321483960376,0.5940683756795798,0.9090257716643009,"[-0.4030911333279127, 0.7041775630071202]",23.424967277023967
550.0,24.0,8.762180187271345e-05,0.0009945720984416964,1.2843803001316052,5.802865012658425e-08,6.594164787111847e-07,"[0.8203351281607392, 1.7484254721024712]",-0.23453692766306666,0.21892801087670277,0.657423017751728,"[-0.6084510794122991, 0.13937722408616582]",0.8958650730039204
551.0,24.0,0.0015164380274783834,0.0061565121765735226,1.0353327855522862,2.61259680817252e-05,0.00010598770012870264,"[0.5527432103550365, 1.517922360749536]",0.37235820787957685,0.1279991802490305,0.5173774464390886,"[-0.10713570164623792, 0.8518521174053917]",22.577696414763018
552.0,24.0,2.0353521636999085e-05,0.00044070996318830403,1.1208205625555578,1.36855513392736e-09,2.988111646129607e-08,"[0.7582658510230983, 1.4833752740880173]",0.3599640814771492,0.03410009316661086,0.2556228873059285,"[0.026998268727771058, 0.6929298942265274]",22.62503849033707
553.0,24.0,0.0012879603053901744,0.005497056361033608,1.0459138579496685,1.9029561162216674e-05,8.121878430310146e-05,"[0.5665028271693163, 1.5253248887300206]",-0.1511634960771424,0.5332452733828961,0.8865258077853633,"[-0.6266797189701705, 0.3243527268158857]",0.5774020227775091
554.0,24.0,0.0008149071688857321,0.004018279925472052,1.2713029580004231,7.765368729486151e-06,3.8309663194307605e-05,"[0.7140674446409846, 1.8285384713598618]",0.17413542293447382,0.4526548561934868,0.8510636664122461,"[-0.2803263866549299, 0.6285972325238776]",23.334851680141938
555.0,24.0,5.381598531130223e-06,0.00024367575404235533,1.4052105839103666,2.8592129230274157e-11,1.2937615036323146e-09,"[0.9912777672147934, 1.8191434006059397]",0.26154463136009554,0.09234061930388525,0.44074458637199365,"[-0.0430090330927117, 0.5660982958129028]",23.000973097917438
556.0,24.0,0.0007803105017895409,0.0038919120053604087,1.0840991841916479,7.146699340523605e-06,3.5626616852061835e-05,"[0.6107940792969138, 1.557404289086382]",-0.3197267442918408,0.16401167349488988,0.5811866098930424,"[-0.7700037739452791, 0.13055028536159752]",1.2212662030253973
557.0,24.0,5.2709851336677925e-06,0.00024367575404235533,1.2931258310101397,2.6700566701647236e-11,1.2361373472984831e-09,"[0.9127849658227589, 1.6734666961975204]",-0.17391505484834102,0.26367575049724135,0.7132154463003554,"[-0.4788747053712006, 0.13104459567451854]",0.6643065757730777
558.0,24.0,0.019862474798259387,0.04710095991998906,0.8575587643029848,0.0021552751912519825,0.0051109205388949076,"[0.309707471278309, 1.4054100573276607]",0.2562090360964042,0.4471850852564361,0.8489224398758114,"[-0.40442736898537235, 0.9168454411781808]",23.02135357057074
559.0,24.0,0.0005734803556523019,0.0031895459157525135,1.1244178676503307,3.826076069301086e-06,2.1255978162783813e-05,"[0.6474641706579338, 1.6013715646427276]",-0.3200894694186083,0.15155203746396043,0.56026631225124,"[-0.7575600586045438, 0.11738111976732724]",1.2226517109512058
560.0,24.0,0.002181686216835337,0.008064071606189166,1.0825305707563073,5.1255266838515235e-05,0.0001894476753043727,"[0.5586266241795849, 1.6064345173330299]",-0.07957865160347932,0.756359485419858,0.955539980247545,"[-0.5822822050915368, 0.4231249018845782]",0.30396805841475644
561.0,24.0,0.00011719437093394203,0.00117470824818685,1.5776715917716961,1.1554395377660285e-07,1.1612457665990236e-06,"[0.9942864462616361, 2.161056737281756]",0.06590519080953428,0.7366824165098758,0.9523631024368666,"[-0.31824896147314435, 0.4500593430922129]",23.748260714573952
562.0,24.0,0.00016579073520826585,0.0014515543441387599,1.281912159937342,2.5817987698167257e-07,2.262750893792047e-06,"[0.7942057134841431, 1.7696186063905408]",0.03856943346255193,0.8483547266627984,0.9708072590103425,"[-0.35676292306164337, 0.4339017899867472]",23.85267561629234
563.0,24.0,1.6211684590387442e-06,0.00016648684428322347,1.4822254089589433,5.781662294073477e-13,5.960476591828327e-11,"[1.079048040507236, 1.8854027774106505]",-0.15411122781307895,0.28440516277874395,0.7346339657375438,"[-0.436277751493234, 0.1280552958670761]",0.5886615286179048
564.0,24.0,0.14577275143799984,0.2860532799018835,0.683119625686543,0.04026574280251498,0.07902991717863589,"[0.030324992342309565, 1.3359142590307767]",-0.33868466995624846,0.5002282844248334,0.8731021700276606,"[-1.3233748052728305, 0.6460054653603337]",1.293680144951618
565.0,24.0,0.17464002307582988,0.3368827605629435,0.5119010879313474,0.05180379968084433,0.09994944950963598,"[-0.004001847609453768, 1.0278040234721484]",0.03706352209040187,0.9446982611428746,0.9899384482268412,"[-1.0101804898475537, 1.0843075340283574]",23.858427774022005
566.0,24.0,0.012748187286493703,0.031950344076425316,1.1114850120446027,0.001066894941870277,0.002673922160075882,"[0.4457472007594283, 1.777222823329777]",-0.07240766067397875,0.8195803683059709,0.966095377463714,"[-0.6946168064399079, 0.5498014850919504]",0.2765768907356245
567.0,24.0,0.00632501738679325,0.018030266210927164,0.8350951225717212,0.00033576257204174685,0.0009575023212981853,"[0.37866818284581816, 1.2915220622976245]",0.06883892748853082,0.8121714712381757,0.9656985281831257,"[-0.49895260051369184, 0.6366304554907535]",23.737054665913337
568.0,24.0,0.0020001155004774505,0.007602111366314901,1.2088847119276982,4.366217952565416e-05,0.00016595279181168436,"[0.6291788222697909, 1.7885906015856055]",0.1068597022472515,0.6740198514664769,0.9338966192307091,"[-0.39105405648911834, 0.6047734609836213]",23.591826004080524
569.0,24.0,0.0033537984581862366,0.010981570897151316,0.9503043105945965,0.00011236840584219666,0.0003673370573461806,"[0.4680506689610333, 1.4325579522281597]",-0.43506992689009305,0.10117866675857977,0.4619576032715271,"[-0.9552865020861327, 0.08514664830594665]",1.661844706924508
570.0,24.0,0.011247946965207391,0.028664492775757878,0.7833910994001618,0.0008741483253141587,0.0022276970573755317,"[0.3220526033014684, 1.2447295954988553]",0.314168852352843,0.3107894190110433,0.7566701840184672,"[-0.2933486043897755, 0.9216863090954615]",22.799963380380895
571.0,24.0,0.05593197841748676,0.11872633924323235,0.558638645669699,0.010287247107288571,0.02183665274313006,"[0.13194243366277852, 0.9853348576766194]",-0.67980109070617,0.08356309453339943,0.4207321238751489,"[-1.449798795933345, 0.09019661452100503]",2.596648893723573
572.0,24.0,1.4612044785676962e-05,0.00038151552965214,1.3488217756516692,5.387005183119882e-10,1.4102107809214351e-08,"[0.9229358654110278, 1.7747076858923105]",-0.08288942063042448,0.6203419850869002,0.9175486145824342,"[-0.41084969581807995, 0.245070854557231]",0.3166142645605292
573.0,24.0,0.006796486590579329,0.019032446347183787,0.713945172586356,0.00037995467881888836,0.0010642988202209758,"[0.32017677654726895, 1.1077135686254431]",-0.25724233859983237,0.37667912258565717,0.8059627565530977,"[-0.8275677488699792, 0.31308307167031446]",0.9825933542563774
574.0,24.0,0.00750939966179368,0.02058497714307478,0.8548693843892653,0.00044938884326071104,0.0012318773115699315,"[0.3774118420531995, 1.332326926725331]",0.2878364848205459,0.3280701194091953,0.7695511873942718,"[-0.2889981161665168, 0.8646710858076087]",22.900545615326756
575.0,24.0,0.00041797331714274515,0.002575313106239958,1.2521383712456762,1.974437002597723e-06,1.2165354298199157e-05,"[0.7361303617680186, 1.7681463807233337]",-0.2290505584982716,0.29260811778570717,0.74134309041223,"[-0.6556216813691793, 0.1975205643726361]",0.8749086864710223
576.0,24.0,0.014389733546290246,0.03548639592180085,0.9319664636116844,0.0012950114033867483,0.0031936162845542493,"[0.36417858928605984, 1.499754337937309]",0.06258919823437292,0.8463230902419329,0.9708072590103425,"[-0.5703570286465356, 0.6955354251152814]",23.760926873204184
577.0,24.0,4.728283135697502e-06,0.0002413319386198876,1.59275945420154,1.9216554689291356e-11,9.87800657479172e-10,"[1.1276494145291531, 2.057869493873927]",-0.3128534628854309,0.041815232144463386,0.2893787691658366,"[-0.6141187058418344, -0.011588219929027477]",1.1950122019591956
578.0,24.0,0.008806655245364142,0.023409503576193893,0.7135383380498331,0.0005845245010343133,0.0015537599708514444,"[0.30684065855466, 1.1202360175450063]",-0.17009218075219135,0.572713786973511,0.9009085678948678,"[-0.7611196812181099, 0.4209353197137272]",0.6497042723517934
579.0,24.0,0.0015087689683995046,0.00613819759316316,1.306174826486917,2.5760880252143177e-05,0.00010497506215217268,"[0.6978006575174475, 1.9145489954563866]",0.1887213102784191,0.4435332305790516,0.8471322596985049,"[-0.29400830845533404, 0.6714509290121722]",23.279137694457848
580.0,24.0,0.0009233920714016945,0.0043777404514221616,1.2087606953602992,9.940271584285901e-06,4.71549885402557e-05,"[0.6725732420580551, 1.744948148662543]",0.08840430416951683,0.706848501987721,0.9433451247667436,"[-0.37230544908374125, 0.5491140574227749]",23.662320432019726
581.0,24.0,0.00034818453634714186,0.0022819749807965017,1.0649572570235233,1.335016192503684e-06,8.765700541718214e-06,"[0.633208094551959, 1.4967064194950876]",0.10669269994770669,0.6193547821934562,0.9174210890671123,"[-0.3142585566947827, 0.527643956590196]",23.59246390587605
582.0,24.0,0.01640603843802863,0.03965684901626451,0.994187832344637,0.001594470234024974,0.003854170253867474,"[0.37694870855875573, 1.6114269561305183]",-0.08025543086641473,0.807295712509545,0.964880279922775,"[-0.7251398048193649, 0.5646289430865354]",0.3065531647766347
583.0,24.0,4.3282393407216394e-05,0.0006741805826669221,1.3394664441913782,1.0025179362378403e-08,1.5639905401526367e-07,"[0.8813220323537304, 1.797610856029026]",-0.18999375238649296,0.29348601699778265,0.7430025746779307,"[-0.5444717703022495, 0.16448426552926348]",0.7257226763733107
584.0,24.0,0.005844871979386412,0.016892693582041655,0.9300146095216217,0.00029373910454850527,0.000848956949562154,"[0.4265857077114952, 1.4334435113317483]",-0.11976436563699444,0.6761463860014223,0.9341755514903409,"[-0.6816949555134193, 0.4421662242394304]",0.4574661791374271
585.0,24.0,0.012111312733536288,0.030543105132173155,0.7481300960116855,0.0009902818983348585,0.0024969286392709494,"[0.3028867340062122, 1.1933734580171587]",-0.6642937457092559,0.03018824240643834,0.23789001108304442,"[-1.2649510560570838, -0.06363643536142816]",2.537415199071807
586.0,24.0,0.00202625053912828,0.007646228449540679,0.7714877716011117,4.474299241932204e-05,0.00016884148082763032,"[0.4010155179922811, 1.1419600252099422]",0.1385198724190957,0.5858717623899724,0.9069222328018148,"[-0.3597913742542592, 0.6368311190924506]",23.470893062113014
587.0,24.0,6.321341760216763e-05,0.0008328513518072152,1.3207761404599905,2.5986132223108334e-08,3.4282496336554527e-07,"[0.8557335669270274, 1.7858187139929536]",-0.0517230192266549,0.7816986761986386,0.9603177840278116,"[-0.4175586072299172, 0.3141125687766074]",0.19756738035742247
588.0,24.0,0.0002545202308818709,0.001878378087689084,1.0066478026815744,6.751783108753633e-07,4.9828657629178105e-06,"[0.6095370402041609, 1.403758565158988]",-0.02039852974997114,0.9223096721104391,0.9878688510655973,"[-0.4303496390235906, 0.3895525795236483]",0.07791664419635978
589.0,24.0,0.00019606791490260113,0.0016083083373425887,1.4470308847374997,3.783580961828696e-07,3.1038400015001607e-06,"[0.888686875643145, 2.0053748938318545]",0.15773782908519696,0.4398446434944254,0.8461805376960858,"[-0.24249290297008114, 0.557968561140475]",23.397485874924154
590.0,24.0,0.1573286725575012,0.3068031836144719,0.5958318329370661,0.04475234888436574,0.08727057114735907,"[0.013956590892524656, 1.1777070749816074]",0.023521269588770544,0.96376735669225,0.9938808419181301,"[-0.9913233371888563, 1.0383658763663974]",23.9101553682516
591.0,24.0,0.0005572789082794841,0.00312468665707022,1.1553371689680896,3.6354329815206085e-06,2.0355167869656263e-05,"[0.6663890162279704, 1.6442853217082087]",0.573565321582171,0.008932548956057279,0.11014240389713044,"[0.14361173047793735, 1.0035189126864046]",21.80914185321852
592.0,24.0,1.6850158050483633e-05,0.00041028872094084595,1.4796602447720715,8.074456757642229e-10,1.9645880188910533e-08,"[1.0076001625565716, 1.9517203269875714]",0.24133454772938023,0.15187198252607342,0.5608271142026345,"[-0.08875851563507775, 0.5714276110938382]",23.07816993096053
593.0,24.0,0.0068787242814812724,0.01916613062547025,0.9662907058455976,0.0003870090559295189,0.0010783200220939506,"[0.43261690669628383, 1.4999645049949115]",0.1208775456651745,0.6794322712931806,0.9355046644618973,"[-0.45243771816334977, 0.6941928094936988]",23.538281786365708
594.0,24.0,0.06694455353178162,0.1399927928309946,0.6487001548759408,0.013289650256649308,0.027790987571412185,"[0.1351806199809078, 1.1622196897709738]",0.08462605626726738,0.8401293021606185,0.9708072590103425,"[-0.7375897454845374, 0.9068418580190721]",23.676752275936597
595.0,24.0,0.0030573428759838885,0.010232071204765356,1.012557054683483,9.486201434551704e-05,0.000317519532428835,"[0.5041310758976901, 1.520983033469276]",-0.251455032514067,0.3426284080314346,0.7833296937161284,"[-0.7707919850125277, 0.2678819199843937]",0.9604874733587285
596.0,24.0,0.008532116943923663,0.022794862260015127,1.0420244423268323,0.0005567327170477109,0.0014866027157482268,"[0.4503639205404917, 1.633684964113173]",-0.39073899770606957,0.18937141918334643,0.6211815709445905,"[-0.9742581267658237, 0.19278013135368455]",1.4925130306486494
597.0,24.0,0.001368607380731688,0.005740802771525537,0.9059352411445827,2.135594694164329e-05,8.961790575595169e-05,"[0.48816864859557296, 1.3237018336935924]",0.04677950414135612,0.8482514016775274,0.9708072590103425,"[-0.4323746648429226, 0.5259336731256348]",23.821315456332368
598.0,24.0,0.003245431481808167,0.010696873704048013,0.7739796575130262,0.00010565003046190502,0.00034813553253338475,"[0.38272867343285943, 1.165230641593193]",-0.2979405584164656,0.26314868189649043,0.7124967575272063,"[-0.8198022331718532, 0.22392111633892198]",1.1380491028689625
599.0,24.0,0.0015039292609417558,0.006130979457569327,1.3358115336824519,2.5894462269164418e-05,0.00010530484859359259,"[0.7134606266573245, 1.9581624407075793]",0.6768336772166723,0.004745078378173574,0.073049998709892,"[0.20706004980005333, 1.1466073046332914]",21.414685790877655
600.0,24.0,0.00983503520332932,0.025678943089632686,0.7758737873650241,0.0007003435430440358,0.0018295285868443988,"[0.3272207330644371, 1.224526841665611]",0.0678897609901119,0.824702669071027,0.9667127758422541,"[-0.5328376688797629, 0.6686171908599867]",23.740680214874313
601.0,24.0,4.886440060003179e-05,0.0007239170459263968,1.26822589930974,1.3614587754484302e-08,2.0169759636273037e-07,"[0.8304654126051603, 1.7059863860143196]",0.00901220546626913,0.9607269475294209,0.9938808419181301,"[-0.3497024340565001, 0.36772684498903835]",23.965575910845203
602.0,24.0,0.02435604516149138,0.05643198600901617,0.9983662772438321,0.0029704406552018645,0.006879204852250728,"[0.33969695146587986, 1.6570356030217843]",-0.7906056804309802,0.018790722591543376,0.1766045356348062,"[-1.4500886275049667, -0.13112273335699387]",3.0198912498509243
603.0,24.0,0.0006179536873431493,0.003331286724221829,1.0931344295664023,4.439016751660831e-06,2.3942916675624763e-05,"[0.6263265554649187, 1.5599423036678859]",-0.14809009588079824,0.5123855389861699,0.8792582667193836,"[-0.5911354050033167, 0.29495521324172025]",0.5656624987771625
604.0,24.0,3.0279176415819525e-06,0.0002018611761054635,1.6332429348139208,4.652039648239286e-12,3.1013597654928575e-10,"[1.1703762229578978, 2.096109646669944]",-0.2546655764590735,0.08856103351426041,0.43342698102247407,"[-0.5477509200250352, 0.038419767106888214]",0.9727508478914055
605.0,24.0,0.03786588722339632,0.0834785873531665,0.799061912753909,0.005754781229190073,0.01268690747175942,"[0.2319176340388318, 1.3662061914689863]",-0.10162533313325639,0.7869661568785452,0.9611891631115267,"[-0.8386477022520764, 0.6353970359855636]",0.38818017867643984
606.0,24.0,2.156744609034663e-05,0.0004530976069400552,1.3358290528136483,1.5839452544382759e-09,3.32761608075268e-08,"[0.9020384932800418, 1.7696196123472547]",-0.012754896874139554,0.9409483006085998,0.9892223513547096,"[-0.3502252661609691, 0.32471547241269]",0.04872011726752019
607.0,24.0,0.013951864098330793,0.034517229337780286,0.920685737921379,0.0012356454564384535,0.0030570149837665845,"[0.36210384850849153, 1.4792676273342664]",0.2884204690107861,0.3669613984643221,0.7999730025151883,"[-0.33816613038244747, 0.9150070684040197]",22.898314960033215
608.0,24.0,0.0015298513544633903,0.006198749410305472,1.1171869787038575,2.662427427730309e-05,0.00010786900295812599,"[0.5959134946314126, 1.6384604627763024]",0.45322644159291325,0.06300060127669128,0.3645868129438153,"[-0.024567014601332926, 0.9310198977871594]",22.268802515532904
609.0,24.0,0.026533949960903552,0.06089958678196822,0.748834941224255,0.00336410692080994,0.007722926815449817,"[0.24831793526879475, 1.2493519471797152]",0.12477797301252203,0.7244630347853487,0.9485309517985501,"[-0.5690094615611243, 0.8185654075861684]",23.52338325134568
610.0,24.0,8.995693173253342e-06,0.00030913034959633475,1.4441393906562066,1.330942565508234e-10,4.573685792124515e-09,"[1.0035042294385672, 1.884774551873846]",-0.006918854882419723,0.9658878027471923,0.9940815958765544,"[-0.32400722347470257, 0.3101695137098631]",0.026428078921742235
611.0,24.0,0.004898317866283501,0.014648079743670757,0.7446636777299277,0.0002184289268878923,0.0006530012761969873,"[0.3498472207194211, 1.1394801347404342]",-0.48978367375389453,0.0763661992807954,0.4042144658105994,"[-1.0314686673866493, 0.051901319878860264]",1.8708358253673725
612.0,24.0,0.01446149907602994,0.03561068474767284,0.9972969510318865,0.0013051692652172472,0.0032147026236878005,"[0.38928358929617446, 1.6053103127675987]",0.023501886685665774,0.9420402693132445,0.9897460278558988,"[-0.6100497743302589, 0.6570535477015904]",23.910229405487776
613.0,24.0,0.0072213687555638065,0.019915523319260362,1.0158663221834563,0.00042343162368005865,0.0011667997345826912,"[0.45103133641719095, 1.5807013079497216]",-0.6245025477477677,0.02964702289528517,0.23566790854757688,"[-1.1873206844981123, -0.061684410997423056]",2.385424018740951
614.0,24.0,5.30655071728048e-06,0.00024367575404235533,1.348307207377936,2.7154346770239276e-11,1.2513523857253123e-09,"[0.9515887072228788, 1.7450257075329934]",0.013295179993937367,0.9320863002576011,0.9892015094756179,"[-0.2924781208756028, 0.31906848086347755]",23.94921615323204
615.0,24.0,0.0006143668702598195,0.0033173157141458934,1.1570013552124987,4.40227597644062e-06,2.3783230558836416e-05,"[0.6631066578501223, 1.650896052574875]",0.29263011006084216,0.1931959960427746,0.6246233302385211,"[-0.14815700417728078, 0.7334172242989652]",22.882235315670997
616.0,24.0,1.1398538556403229e-05,0.00033697493027143397,1.444147781179534,2.664151225504087e-10,7.899492606181287e-09,"[0.9960859933169335, 1.8922095690421346]",0.20148364808457764,0.21924409801318323,0.657423017751728,"[-0.11995521487681116, 0.5229225110459664]",23.23038915492364
617.0,24.0,0.00040765832666235605,0.002540615952438092,1.164297066430511,1.8814496230185414e-06,1.1707838351079909e-05,"[0.6854686592535468, 1.6431254736074752]",-0.3708123321998382,0.08583782155299423,0.42540732248787405,"[-0.7939056845316304, 0.052281020131953904]",1.4163987750969178
618.0,24.0,0.0017990716146162858,0.006997555871708618,0.9675513380575516,3.591706095525862e-05,0.0001398095015774956,"[0.5086370616623195, 1.4264656144527836]",0.23096635014180578,0.3564738211745204,0.793582666635651,"[-0.2599601053255629, 0.7218928056091745]",23.117773528488915
619.0,24.0,0.00674487658896223,0.01893033002796023,0.8984791520910379,0.0003754485572569318,0.0010534471303505382,"[0.4033701492769765, 1.3935881549050992]",0.3073789611603983,0.28939596039784254,0.7391577605577169,"[-0.2612680085428072, 0.8760259308636038]",22.8258988542929
620.0,24.0,0.1168228490751382,0.23355227723938066,0.583869942582738,0.02947023193265946,0.05891689710647633,"[0.058242365054799294, 1.109497520110677]",-0.28194553556828783,0.5523819597974424,0.8939184893512985,"[-1.21194908884591, 0.6480580177093344]",1.0769526160412353
621.0,24.0,7.707477506103993e-05,0.0009323511532191524,1.2389424318362274,4.24824700104618e-08,5.143156175600701e-07,"[0.7958420447141742, 1.6820428189582808]",0.21316398810392378,0.2593340621233329,0.7076689218930793,"[-0.1572315289514975, 0.5835595051593451]",23.185773542497884
622.0,24.0,0.007025708837218285,0.019505021757963033,0.8241023745021858,0.00040082461144029627,0.0011127834853978241,"[0.3677688254420341, 1.2804359235623375]",0.05030855312406857,0.8639245845003267,0.9730053822856072,"[-0.5250366620049639, 0.625653768253101]",23.807835482172077
623.0,24.0,0.00021491599725984492,0.0016989406898011456,1.119836196502538,4.6967192183003917e-07,3.709888798025586e-06,"[0.6842058615474156, 1.5554665314576606]",-0.457277901786985,0.024419784676180306,0.20782795469089624,"[-0.8555290921182495, -0.05902671145572064]",1.7466729224661337
624.0,24.0,0.0005793079170305017,0.0032014997783936998,0.9382516566935512,3.93060315370645e-06,2.16834650583358e-05,"[0.5397831655449115, 1.3367201478421908]",0.5137307939771496,0.020115138139960423,0.18505186881288338,"[0.08050784764798369, 0.9469537403063155]",22.037692913280303
625.0,24.0,0.0008023196912266623,0.003975816111133113,1.0290523977330586,7.519032862272154e-06,3.725982587845468e-05,"[0.5786934732228983, 1.4794113222432188]",0.10464386547734605,0.6517520882295187,0.9299133911664488,"[-0.34978733990410804, 0.5590750708588001]",23.60028987708089
626.0,24.0,0.01629420469778826,0.03944372960006841,0.8940018419043614,0.0015812412379734072,0.0038295985419554545,"[0.33938962032242004, 1.4486140634863027]",-0.30743055797226493,0.3465876430574516,0.7861077966350677,"[-0.9476073663117567, 0.3327462503672268]",1.174298231010851
627.0,24.0,2.0811275945057502e-05,0.00044070996318830403,1.49291868713938,1.4408825493029722e-09,3.059437751211255e-08,"[1.009338793987304, 1.976498580291456]",-0.1604779063811268,0.34916475442513273,0.7887384329942547,"[-0.496439610792697, 0.1754837980304434]",0.6129804493822739
628.0,24.0,0.002672009200169685,0.009283268387465854,0.993257980245573,7.426102731533698e-05,0.000257956273507398,"[0.5019279427916401, 1.4845880176995059]",-0.12332019727091748,0.637838586772171,0.9251781493276053,"[-0.6367923799148537, 0.39015198537301876]",0.47104845548962027
629.0,24.0,0.00020152338636298818,0.0016369691031257766,1.0563753699357916,4.0205303614207483e-07,3.266068530804832e-06,"[0.6478385560554634, 1.4649121838161199]",-0.1092703851133221,0.5937816921916756,0.9090257716643009,"[-0.5108086477069056, 0.29226787748026145]",0.4173821261841664
630.0,24.0,2.829778104447308e-06,0.0001973797818783904,1.3110290153175885,3.716900668521107e-12,2.6175356820571175e-10,"[0.9411762679479051, 1.6808817626872719]",0.1690709939226318,0.2573171632534794,0.706034507547217,"[-0.12346628518009312, 0.46160827302535673]",23.35419637401008
631.0,24.0,0.0037195690186129864,0.011868439753072706,1.11791177371684,0.00013407384120341095,0.0004278042157096712,"[0.5441617385140144, 1.6916618089196658]",0.011271124697076473,0.966962404755665,0.994148983552796,"[-0.5220917989360075, 0.5446340483301605]",23.956947474966125
632.0,24.0,9.950512226348574e-06,0.000324120919425035,1.330263378797802,1.791275642297109e-10,5.834774079143677e-09,"[0.9214882560494713, 1.7390385015461327]",-0.11309653939310227,0.4871756346550611,0.8690287084616835,"[-0.4321273282166507, 0.20593424943044614]",0.43199695898398777
633.0,24.0,0.0037888183735941302,0.01204328790080779,0.9358827962978813,0.0001385326131130607,0.00044048525632133764,"[0.45453785647583866, 1.417227736119924]",-0.06428114738764545,0.8135966571557889,0.9660181871838728,"[-0.598610178426348, 0.4700478836510571]",0.2455358965046988
634.0,24.0,0.002336140198092911,0.008425976206124692,1.054675880661849,5.81698771504212e-05,0.00020984804166818613,"[0.5404798866204926, 1.5688718747032055]",-0.1590813656983956,0.5375156089243118,0.8891776466962708,"[-0.664768664516, 0.34660593311920884]",0.6076460569130194
635.0,24.0,0.0009551234707095116,0.004467368899483216,0.9910416305099412,1.065009718252554e-05,4.981336380975464e-05,"[0.54994015302795, 1.4321431079919325]",0.22179556735797323,0.3455147718959436,0.7854187167032912,"[-0.23903330469325718, 0.6826244394092036]",23.152803338378572
636.0,24.0,0.005782452022943088,0.016736474740790416,0.9053598625863635,0.00028836348245117333,0.0008346265772827014,"[0.41592242264692975, 1.3947973025257971]",0.10051062804633304,0.7256477757628641,0.9490709376786874,"[-0.46086167587710103, 0.6618829319697671]",23.616077681115726
637.0,24.0,0.00022607831584980407,0.001744431449458365,1.225209428033153,5.195107912820807e-07,4.008570920386425e-06,"[0.7467507861646474, 1.7036680699016584]",0.05256583575298812,0.7995568369587347,0.9642437759616215,"[-0.35317955046177213, 0.4583112219677484]",23.799213297651725
638.0,24.0,0.00012591636745742482,0.0012302092423316193,1.0351492962885367,1.3680113308979332e-07,1.3371904377442284e-06,"[0.65013021324887, 1.4201683793282034]",0.10065243860122663,0.6095173368480229,0.9143882220641197,"[-0.28558409209023683, 0.4868889692926901]",23.615536004696672
639.0,24.0,0.06145979082324437,0.1293617992490936,0.5739007553883667,0.011739709414405254,0.024709975614408027,"[0.12751925435751205, 1.0202822564192213]",-0.04862085990337306,0.9061351304952106,0.9836767310696306,"[-0.8567899593876139, 0.7595482395808678]",0.18571800458400853
640.0,24.0,0.08737366335330028,0.17944888756069066,0.6348252291971465,0.01950739077791201,0.04006447068784557,"[0.10211992580267337, 1.1675305325916194]",-0.2631666550030207,0.5521355976790041,0.8939184893512985,"[-1.1306897577687238, 0.6043564477626824]",1.0052225760165652
641.0,24.0,0.00045063359056760316,0.002709763022054138,1.146163075124909,2.316381883270226e-06,1.3928934956525713e-05,"[0.6705914610930804, 1.6217346891567375]",-0.2772317019973256,0.20501067651531946,0.6392760095475456,"[-0.7059536555750414, 0.15149025158039026]",1.0589470981116875
642.0,24.0,0.0004455042343951072,0.0026897557180023124,1.4754104377459902,2.2522044125941933e-06,1.3603082369120845e-05,"[0.8639647524020045, 2.086856123089976]",-0.10182836721276622,0.6428102329550243,0.9269467971048314,"[-0.5321678615060628, 0.3285111270805303]",0.38895571173332233
643.0,24.0,0.05867747108194586,0.12400141817824568,0.7518655797877707,0.011010664991482629,0.023268522805331,"[0.17223509350227273, 1.3314960660732686]",0.4515198280429269,0.2623285073649473,0.7114958160155879,"[-0.3379877408022528, 1.2410273968881067]",22.275321299111173
644.0,24.0,0.00016160687018825217,0.0014276225281647718,1.3459101996972762,2.4356821939700927e-07,2.153565158240577e-06,"[0.8349379487678668, 1.8568824506266857]",-0.06152195387160564,0.7598244255041317,0.9564730066413967,"[-0.45594895544905595, 0.33290504770584467]",0.23499655361610253
645.0,24.0,1.781640628392326e-05,0.0004182254996226117,1.0080479033213736,9.525250069968527e-10,2.2307377213041045e-08,"[0.6850655442505886, 1.3310302623921586]",-0.43352423953208685,0.009688824932003653,0.11673283050606811,"[-0.7620038719061104, -0.1050446071580633]",1.6559406161204757
646.0,24.0,0.00017172529052202496,0.0014705185053282004,0.9313440014130928,2.809298187481467e-07,2.403163547888338e-06,"[0.5759180161159504, 1.2867699867102353]",0.24128180362115081,0.23105142904903664,0.6712708572023145,"[-0.1535762485649097, 0.6361398558072113]",23.07837139861358
647.0,24.0,6.431209984774212e-05,0.0008439908116501591,1.2047356435169179,2.773275150064788e-08,3.6299412958963196e-07,"[0.7796839038469198, 1.6297873831869159]",0.6822647527948735,0.00016966626775783572,0.00798686937592691,"[0.3266570700362581, 1.037872435553489]",21.39394061028782
648.0,24.0,0.002663098167806806,0.009262950148893239,0.6043436955105964,7.38119874226822e-05,0.0002569160717810031,"[0.30550514201029083, 0.903182249010902]",-0.12230215248798704,0.6405008537555479,0.9259807051547606,"[-0.6355966152288584, 0.3909923102528843]",0.4671598108618052
649.0,24.0,0.03389029079754147,0.07546268269325644,0.7121706849709822,0.0048891742061918314,0.010889029412453967,"[0.21618394080129505, 1.2081574291406694]",-0.4094938317653103,0.2616360980674146,0.7103370046460175,"[-1.1244781763772336, 0.3054905128466129]",1.564151219786163
650.0,24.0,0.01645498560213593,0.0397655524459544,0.7641679357371428,0.0016032184400453164,0.0038743799904430074,"[0.2894961558173044, 1.2388397156569813]",0.17815467132500462,0.5876636075602639,0.9077706636973603,"[-0.46581568411136287, 0.8221250267613721]",23.319499282169126
651.0,24.0,0.26751181326262957,0.4866430608263907,0.4819566614118841,0.09417680824942917,0.1713551824043471,"[-0.08241034402130298, 1.0463236668450713]",0.12794223917123215,0.8365410102253482,0.9708072590103425,"[-1.0874622970354018, 1.343346775377866]",23.51129664493567
652.0,24.0,0.1154107424794485,0.2310525374963934,0.6485899815943008,0.028984772171834643,0.058015957109356774,"[0.06645106848576599, 1.2307288947028356]",-0.3550254864994855,0.45146469470852024,0.8506966171255329,"[-1.2791422159266115, 0.5690912429276406]",1.3560974663999539
653.0,24.0,0.002889836826608347,0.009826034772554735,1.2223133788563727,8.571278658585648e-05,0.0002915400904280833,"[0.6123875152001382, 1.8322392425126073]",-0.24047022320676525,0.3613203628429482,0.7969055401945917,"[-0.7567784032599425, 0.275837956846412]",0.9185285925544343
654.0,24.0,0.0020420961966219177,0.0076886151981246905,0.8278867386820546,4.5498455214906206e-05,0.00017130442475491795,"[0.429951917830733, 1.2258215595333763]",0.2636481273913365,0.2983862782127569,0.7474056670384028,"[-0.23326575294304513, 0.760562007725718]",22.99293833492993
655.0,24.0,0.00011738410027759177,0.0011750160187947124,1.1799856669278017,1.1699120254468472e-07,1.1734323224140894e-06,"[0.7434680555914157, 1.6165032782641877]",-0.35224352651613344,0.06993656384247825,0.3861764983019229,"[-0.7331829450916818, 0.028695892059414974]",1.34547116201193
656.0,24.0,0.006923584229436549,0.019275011774600635,1.083164802654946,0.00039170170803334034,0.0010904835969747782,"[0.4844067638858369, 1.6819228414240552]",0.21217803523127277,0.4676063699039561,0.8568927430895292,"[-0.3603346915119675, 0.784690761974513]",23.189539605058
657.0,24.0,0.002850369604062729,0.009721588008399484,0.9636987086227395,8.366573379698251e-05,0.00028535379876187757,"[0.4835301719262046, 1.4438672453192745]",0.2693056921391488,0.3053928553382671,0.751652013858742,"[-0.24568146554453085, 0.7842928498228284]",22.97132802943849
658.0,24.0,0.004231577988437188,0.013104917895438798,0.7983882587667719,0.00016821676203777352,0.0005209562156635909,"[0.38249239527086304, 1.2142841222626808]",-0.09538781513000227,0.7296502789542996,0.9506810952450392,"[-0.6363648757410052, 0.44558924548100065]",0.3643546149282179
659.0,24.0,0.0006528919687593279,0.0034581142413099997,1.1035003087165496,4.974681974225853e-06,2.6348951134670833e-05,"[0.6298054608256868, 1.5771951566074125]",-0.2306914322651279,0.3088533001846676,0.7550655330470177,"[-0.6750045995840552, 0.21362173505379944]",0.8811763625746623
660.0,24.0,0.020165618906447164,0.04772922815099203,0.8714793629485763,0.0022027408336385396,0.005213587771925538,"[0.3135499677758512, 1.4294087581213013]",0.032927413614137535,0.9227199692375425,0.9878688510655973,"[-0.6323423001196629, 0.6981971273479379]",23.87422654464189
661.0,24.0,0.00668419283998601,0.018791841473886402,0.8238667142623152,0.0003689072014150121,0.0010377136467370242,"[0.3704615857597778, 1.2772718427648526]",0.15995970520884484,0.5828373717953323,0.9046577798681021,"[-0.410851679599905, 0.7307710900175947]",23.38899893329176
662.0,24.0,0.005752772402893196,0.016665041723329072,0.922245202990665,0.00028744123923088303,0.0008326802990465905,"[0.42379333918271717, 1.420697066798613]",-0.4307877169102392,0.12762337486520825,0.5169030978744765,"[-0.9849758414476498, 0.12340040762717142]",1.6454878696688795
663.0,24.0,0.005716855426123962,0.016585017192120573,1.1228639890734728,0.00028345163839563203,0.000822314007530119,"[0.5165858146881234, 1.7291421634588224]",-0.2669226410412566,0.34857605877246023,0.7883800057321287,"[-0.8250450688446838, 0.2911997867621705]",1.0195693858766306
664.0,24.0,0.010230266423934696,0.026536412639426375,0.8330526068669483,0.0007512008874782256,0.0019461162888036933,"[0.34858149000016253, 1.317523723733734]",-0.4653316924894826,0.12536785678985177,0.512412982837937,"[-1.0604102937514281, 0.12974690877246298]",1.7774361368884546
665.0,24.0,0.008183052180820216,0.022038923191005158,0.8063298144589652,0.0005171210892750622,0.0013931063827453186,"[0.3511162569032462, 1.2615433720146843]",0.06354652712542208,0.8318308551640775,0.9692738932231153,"[-0.5229688827322649, 0.6500619369831091]",23.757270146199982
666.0,24.0,0.010445001928974247,0.026954843687675475,0.8565370195964065,0.0007727933079264334,0.0019943053107778926,"[0.35725027999611786, 1.355823759196695]",-0.08612774574266613,0.7803834379923498,0.9596987437192043,"[-0.6915637000425165, 0.5193082085571843]",0.3289837553353742
667.0,24.0,0.00271012532038387,0.009354450511990464,1.0309264223403556,7.615607539222338e-05,0.00026296987359193154,"[0.520187296189479, 1.541665548491232]",0.07594500023564965,0.7723986500597271,0.9589249382121035,"[-0.43867983807317334, 0.5905698385444726]",23.709911467425147
668.0,24.0,5.7229960990151866e-05,0.0007937581274639648,1.324220332693927,2.0313975407415397e-08,2.825309514244144e-07,"[0.8615206274310663, 1.7869200379567878]",-0.14093275899154545,0.44614972509636286,0.848193393719321,"[-0.5035018310575894, 0.22163631307449844]",0.5383234856899972
669.0,24.0,0.0015357473260723192,0.006220118777125634,1.0698177397437671,2.6671475487212418e-05,0.00010798168213446324,"[0.5705988304366247, 1.5690366490509096]",-0.24309500788475447,0.32369607012734514,0.7657132670039258,"[-0.7258813071906585, 0.23969129142114953]",0.9285545314997267
670.0,24.0,0.0007204236218108865,0.0037015223380453275,1.1167940554171218,6.064033857372495e-06,3.1149508664127274e-05,"[0.6329730332380026, 1.600615077596241]",0.17360718967071165,0.44874218270666955,0.849596270386384,"[-0.2755778947491554, 0.6227922740905787]",23.336869382582737
671.0,24.0,0.00026165806659238743,0.0018995686347630604,1.0543727563940977,7.195736628327444e-07,5.225662039453482e-06,"[0.6373972629610849, 1.4713482498271104]",0.20052782636763755,0.33744399573277584,0.7775336483984394,"[-0.2092052061043157, 0.6102608588395908]",23.234040124946812
672.0,24.0,2.6793944282736763e-05,0.0005143391584132497,1.1490828273465221,2.846478437429911e-09,5.484544195433354e-08,"[0.7699448987110195, 1.5282207559820247]",0.06172938327663502,0.7241281244674951,0.9485258871013498,"[-0.28106243858474045, 0.4045212051380105]",23.764211124420225
673.0,24.0,0.00944382428128894,0.024852169161286682,0.9341518935361772,0.000658439538030613,0.0017322797633007446,"[0.3966504725195198, 1.4716533145528348]",-0.416268000384874,0.16706271257831107,0.5853633937572217,"[-1.006749387214605, 0.17421338644485707]",1.5900266378935606
674.0,24.0,0.0024306978372481045,0.008674867370621358,1.123686358911803,6.284181196730976e-05,0.00022419483398968877,"[0.5733484866887967, 1.6740242311348092]",0.37926917640251734,0.13994604820232534,0.535576150793438,"[-0.12436088516280641, 0.8828992379678411]",22.551298459515536
675.0,24.0,0.0032854118498025094,0.010793074408024012,0.9831899900006896,0.00010765929717574798,0.0003537932868082418,"[0.485593252089008, 1.4807867279123712]",0.12520770243098145,0.6403982797762511,0.9259807051547606,"[-0.40011989009053295, 0.6505352949524958]",23.521741805878325
676.0,24.0,0.002429671826616697,0.008674301415982496,0.9570568982240824,6.24278393628559e-05,0.00022287697023511566,"[0.4885106737824775, 1.4256031226656871]",0.04258454922514332,0.8696745394406078,0.9742530297363818,"[-0.466120358566819, 0.5512894570171056]",23.837339003795478
677.0,24.0,0.0009430544417669041,0.00443035379347545,1.0458231904594908,1.0357741416323454e-05,4.8671228414327426e-05,"[0.5809758042423181, 1.5106705766766635]",0.011641107652111238,0.9606045184210263,0.9938808419181301,"[-0.450271131271056, 0.4735533465752785]",23.955534244178438
678.0,24.0,0.00015212194930712143,0.0013837656190825037,1.199065882888212,2.1358873294311375e-07,1.9399521611545298e-06,"[0.7459950255721106, 1.6521367402043132]",-0.33069493277430073,0.0961019526701256,0.449524991159006,"[-0.720195976877537, 0.058806111328935484]",1.2631615969553278
679.0,24.0,0.0007136723910810801,0.0036824185886469214,1.268798809760722,5.942274495681527e-06,3.0716216605686785e-05,"[0.7196463709310031, 1.8179512485904405]",0.09381411892476166,0.6824881407013637,0.9356843168376249,"[-0.3556742376336205, 0.5433024754831438]",23.64165646179152
680.0,24.0,0.0014365973007719782,0.0059419198050692,0.9546144933444006,2.3424665085229553e-05,9.691628086565806e-05,"[0.5122394948753, 1.3969894918135013]",0.017115567835490175,0.9444653898796602,0.9899384482268412,"[-0.46446020273461824, 0.4986913384055986]",23.93462334660377
681.0,24.0,0.0036594098539698815,0.011728877737082954,1.001174777139701,0.00013027946710451256,0.0004176962715758658,"[0.48828858770189376, 1.5140609665775084]",-0.04539816025030241,0.8672441854960189,0.9734244302898619,"[-0.5776952313272739, 0.48689891082666903]",0.17340819866672702
682.0,24.0,4.1923991640625996e-05,0.0006644055727516006,1.1503809388560777,9.265780689051111e-09,1.4684280014344074e-07,"[0.7578247006114782, 1.5429371771006772]",-0.2682517113928533,0.13606001323316458,0.529210475430434,"[-0.6209653327952458, 0.08446191000953912]",1.0246460606647945
683.0,24.0,0.07859203822265215,0.16261543186975408,0.8468547220055225,0.016760564049004504,0.0346794207510956,"[0.15293276743678086, 1.540776676574264]",0.2459767265126871,0.5695342016874931,0.9003534678471261,"[-0.6016997649177497, 1.0936532179431238]",23.06043811415862
684.0,24.0,0.0003990202815929464,0.0025059488695314863,1.1513655737503388,1.7877688557190645e-06,1.1222654461513275e-05,"[0.6788751943086253, 1.6238559531920522]",-0.183970900277167,0.39662359283046855,0.8177212773481959,"[-0.6093460159853921, 0.24140421543105806]",0.7027170759402545
685.0,24.0,0.022113383042147737,0.05176353708367916,0.7122100960863944,0.002541310326597065,0.005948760127802119,"[0.2497412573182351, 1.1746789348545537]",0.00712023395218786,0.9835006464115011,0.9971100704756963,"[-0.6676944604706482, 0.6819349283750239]",23.972802709692925
686.0,24.0,0.0008413446786854209,0.004104120383831321,0.7428899773606349,8.321839272434489e-06,4.056854424608385e-05,"[0.4161847856149183, 1.0695951691063514]",0.3814120112953985,0.0982843111817171,0.45569238513787313,"[-0.07076606242802858, 0.8335900850188256]",22.543113433145173
687.0,24.0,0.00014767745130525565,0.001360011384254292,1.3406325847582474,1.9794955890142004e-07,1.8261029418950188e-06,"[0.8354482283725388, 1.845816941143956]",0.02647933209711706,0.894562109679532,0.9799823477491091,"[-0.36510792223540867, 0.4180665864296428]",23.898856401767326
688.0,24.0,0.05458706654208308,0.11609329336895594,0.621036930916474,0.009876350959754011,0.021004574563492154,"[0.14927362948400985, 1.0928002323489383]",-0.041156246055224166,0.9186033473939538,0.9874079467440474,"[-0.8304923483121616, 0.7481798562017132]",0.15720527997108585
689.0,24.0,0.03455274616334735,0.0768009472401586,0.6976722126328954,0.005034599064825387,0.011187997921834194,"[0.21014842065847794, 1.1851960046073127]",0.42832607433897607,0.24140521363037704,0.6858102659953893,"[-0.2882909132708359, 1.144943061948788]",22.363914912331328
690.0,24.0,0.030784329691197602,0.069427897364,0.8417837769671925,0.004217980638200826,0.009512811543078092,"[0.2651862789323557, 1.4183812750020293]",0.17259161810626367,0.633868637744949,0.922680123566674,"[-0.5376357688072994, 0.8828190050198267]",23.340748580211827
691.0,24.0,0.009397182381868794,0.02474896597805845,0.9869267394146531,0.0006498916710401863,0.001712494521845023,"[0.4196529979093374, 1.554200480919969]",0.05828734968499383,0.8482901044881559,0.9708072590103425,"[-0.5388938216652207, 0.6554685210352084]",23.777358724269778
692.0,24.0,0.0003207293446140955,0.0021716647530040075,1.0943067182376893,1.117913377265614e-06,7.573938870363238e-06,"[0.6538647859937983, 1.5347486504815804]",0.030848118469083197,0.8850585468860755,0.977965245177984,"[-0.38739580892252584, 0.44909204586069223]",23.882168867053466
693.0,24.0,0.0007902520778275156,0.003929647328829018,0.9564192210798105,7.293844020651286e-06,3.630584380612885e-05,"[0.5384532957697702, 1.3743851463898507]",-0.0972883668359108,0.6743646848682787,0.9338966192307091,"[-0.5511137646949121, 0.35653703102309053]",0.37161418769454774
694.0,24.0,0.04503329223596021,0.09766491484701846,0.7806844987643508,0.007443249309769216,0.016142375427823066,"[0.20896450067719274, 1.3524044968515088]",-0.00917566929144531,0.9811475151578675,0.9969357229189564,"[-0.7702321499353226, 0.751880811352432]",0.03504847497384072
695.0,24.0,0.01083047119817306,0.02778919358566022,0.9671270950190307,0.0008195586488792901,0.0021030501639191434,"[0.40063702603071083, 1.5336171640073506]",0.004945843492107471,0.987294541061572,0.9971100704756963,"[-0.6037772938640558, 0.6136689808482707]",23.981108269451333
696.0,24.0,0.014399703917722634,0.03549370836081755,0.9078657969297059,0.001296275383970616,0.003195945226752012,"[0.3547127995123166, 1.4610187943470954]",-0.006883072574440874,0.9830017685902872,0.9971100704756963,"[-0.6400728693879437, 0.626306724239062]",0.026291400573180548
697.0,24.0,0.00023371994206762849,0.0017837974971246404,1.2001658534088282,5.60402295178121e-07,4.279545485987554e-06,"[0.7301218498959805, 1.670209856921676]",0.16997059577433937,0.4120480537338531,0.8271241167372688,"[-0.23614710059946764, 0.5760882921481464]",23.350760148053748
698.0,24.0,0.0007133272363661284,0.0036824185886469214,0.7371522055524035,5.943906563877578e-06,3.0716216605686785e-05,"[0.41809916370600525, 1.0562052473988017]",0.17191386895247263,0.4527770344605859,0.8510636664122461,"[-0.27687139706169156, 0.6206991349666369]",23.34333739128388
699.0,24.0,6.83158296983859e-05,0.0008736039603374155,1.264995262140877,3.1572498577356576e-08,4.0374039101478997e-07,"[0.8168521512655038, 1.7131383730162504]",-0.1821559215953874,0.33095789952977295,0.7726587671904179,"[-0.5493890991137556, 0.1850772559229807]",0.6957843680487752
700.0,24.0,0.0021102574492519845,0.007874094959895463,1.0016221557251503,4.8189212041969936e-05,0.00017981049269391765,"[0.5185937596420438, 1.484650551808257]",-0.02432977717675655,0.9241927929998992,0.9879295512207908,"[-0.5254717952013305, 0.47681224084781737]",0.0929329032481244
701.0,24.0,0.0008541829903586109,0.004140489531549252,1.2774755878822537,8.533905638957994e-06,4.138654529077592e-05,"[0.7149909603285021, 1.8399602154360053]",0.2020356611297922,0.38535769193294045,0.8110539041812019,"[-0.25413033753567704, 0.6582016597952615]",23.22828062040851
702.0,24.0,2.957478623978166e-06,0.00019982963675528148,1.2139200749806986,4.273630967678439e-12,2.8875884916746204e-10,"[0.8704876142494364, 1.5573525357119609]",0.020436521682240638,0.8916312366307082,0.9795465253756226,"[-0.2735647131808143, 0.3144377565452956]",23.921938237312002
703.0,24.0,0.0019810788291328646,0.007549806970816455,1.0999222225268117,4.301821810983102e-05,0.00016389615350403415,"[0.5729124390169819, 1.6269320060366415]",0.2708282873094534,0.2837501472332007,0.7337854815726432,"[-0.22436470677939363, 0.7660212813983005]",22.965512144294124
704.0,24.0,0.005205926027862542,0.015356713946497172,0.8308448122509412,0.00024221250326109196,0.0007144911600622181,"[0.3871751173750746, 1.2745145071268078]",-0.41701480120687595,0.13582050965062292,0.5291021022618735,"[-0.9649957609269684, 0.13096615851321647]",1.5928792069094013
705.0,24.0,0.12946859980035938,0.2569331212549303,0.8320236175228307,0.03403892405729675,0.0675509506991402,"[0.0626669423759374, 1.601380292669724]",-0.13708861899993963,0.779471415367231,0.9596392629361795,"[-1.0966641174902643, 0.822486879490385]",0.5236399525315659
706.0,24.0,3.170781341481221e-06,0.0002058948923039754,1.037173894977555,5.353332423172e-12,3.4761898851766234e-10,"[0.7423856698114815, 1.3319621201436287]",-8.104031289413172e-05,0.9995709392296561,0.999870900499806,"[-0.2954537944912556, 0.2952917138654673]",0.0003095511932835582
707.0,24.0,0.00036153834033890165,0.0023400539827760627,0.9344761460239961,1.4512519689699792e-06,9.393216627637406e-06,"[0.5543178262312858, 1.3146344658167064]",-0.23661616944723196,0.2706371633394996,0.7202045575339596,"[-0.6576044368813154, 0.1843720979868515]",0.9038071915919152
708.0,24.0,1.2623493821796852e-05,0.00035571079434320164,1.4577384965013966,3.556383988983891e-10,1.0021748408411262e-08,"[1.0022290257439432, 1.91324796725885]",-0.07569463890082151,0.6476266652249916,0.9294020283387066,"[-0.4002870324842578, 0.24889775468261477]",0.2891322227189235
709.0,24.0,0.0009126622392562771,0.0043439421192588154,1.1256416785098906,9.7596389019755e-06,4.640817357097242e-05,"[0.6267719387455413, 1.62451141827424]",-0.31407000303560206,0.17817973793089115,0.6050245770149105,"[-0.7712704414631019, 0.14313043539189774]",1.1996590430400635
710.0,24.0,3.683140901485934e-05,0.0006127549407572603,1.3084356070161482,6.594993718893437e-09,1.0973367252734504e-07,"[0.8663532686863884, 1.750517945345908]",0.12234781073976109,0.4941503813853443,0.8710087226182522,"[-0.22837530454214433, 0.4730709260216665]",23.53266578746309
711.0,24.0,0.010647072006174159,0.027384444460324484,0.6646332530879399,0.0007984437314873843,0.0020536104204922434,"[0.27616692435473283, 1.0530995818211468]",0.22464779117912848,0.46682322959680167,0.8568927430895292,"[-0.3804466898843628, 0.8297422722426198]",23.14190864589998
712.0,24.0,0.0012323220490677814,0.005348620004634468,1.1952681904541624,1.7508717201023633e-05,7.59926961849984e-05,"[0.6497605897459993, 1.7407757911623256]",-0.23840170999426835,0.3224633441389595,0.7653393711230922,"[-0.7106624508377071, 0.23385903084917037]",0.9106274540915595
713.0,24.0,0.00025763780482188797,0.0018846949877241257,1.1454674957579087,6.981305968058574e-07,5.107027043203054e-06,"[0.6930031684098596, 1.5979318231059578]",0.31764863955807066,0.1264940303197826,0.5145422813302919,"[-0.08977905739407355, 0.7250763365102149]",22.786671572350016
714.0,24.0,0.02378363904170654,0.0552208939904958,0.9823648372754875,0.0028434764914876,0.00660352181023595,"[0.33716066211916607, 1.627569012431809]",-0.03846730998946413,0.9120348658244221,0.9856022475955274,"[-0.7209423228559528, 0.6440077028770246]",0.14693430077451505
715.0,24.0,0.0017776651779604414,0.006938583832788609,0.8703667963196257,3.5029230403430634e-05,0.00013677950177052182,"[0.45812103209016647, 1.2826125605490848]",0.019503623018553462,0.9380966699658979,0.9892015094756179,"[-0.47270933184810093, 0.5117165778852079]",23.92550164772151
716.0,24.0,9.036417915100216e-05,0.0010074044498439483,1.4056660524216267,6.229964696219205e-08,6.953505382963025e-07,"[0.8966087330141932, 1.9147233718290602]",0.12433311684424453,0.5168131369149176,0.8811227277424873,"[-0.25157516280842124, 0.5002413964969104]",23.52508247674119
717.0,24.0,0.0002075289125788627,0.0016575791739525773,1.231670660689913,4.2918229040356263e-07,3.427973565523663e-06,"[0.7541684045932195, 1.7091729167866065]",-0.06617196159950733,0.747441571941725,0.9550093072477082,"[-0.46893204935212696, 0.3365881261531123]",0.25275827478356816
718.0,24.0,0.0003050071341636373,0.002098020502254088,1.4285039913944824,1.003083091299773e-06,6.903531254643998e-06,"[0.8560652937407743, 2.0009426890481903]",-0.07839094172700811,0.7120432467041975,0.945608561360156,"[-0.4946409283822262, 0.33785904492820995]",0.29943134086756945
719.0,24.0,0.000560193690610159,0.0031321938870661936,0.9627613458716221,3.640448266489865e-06,2.0371842565695943e-05,"[0.5552877479152867, 1.3702349438279575]",-0.270660558830242,0.22522512725737198,0.6639891723389504,"[-0.7080834538051963, 0.16676233614471236]",1.0338471801083462
720.0,24.0,0.002927820760771664,0.009914733358522396,1.0153232485676553,8.759168000788165e-05,0.0002967197832245313,"[0.5080098687847656, 1.522636628350545]",-0.12777005875785186,0.6291830748865954,0.9216098943702877,"[-0.6463797967008166, 0.39083967918511286]",0.48804567433089685
721.0,24.0,0.0027941443176430327,0.009575545982327047,1.0743007166086793,8.063899878650276e-05,0.000276350235731675,"[0.5402247641621228, 1.608376669055236]",-0.2240520085612845,0.39353924657642114,0.8163177410562709,"[-0.738732467387849, 0.29062845026528006]",0.855815632132706
722.0,24.0,0.004375615058228771,0.013440959523758239,0.9878521253389044,0.00017842728524543742,0.0005483321611722109,"[0.47123439580087445, 1.5044698548769344]",0.14668063953693178,0.5962215704599101,0.9098026124541037,"[-0.39591288768237776, 0.6892741667562413]",23.439721227883602
723.0,24.0,0.03031570539124663,0.06849458967746641,0.8534046896021908,0.0041438119933083295,0.009358202333577979,"[0.26999288356005224, 1.4368164956443294]",-0.6518790547675257,0.06430411616785482,0.36921330413233866,"[-1.3424813608936907, 0.0387232513586393]",2.489994572743778
724.0,24.0,0.003973019086785126,0.01250163337566119,1.0939564120929652,0.00015090318053799019,0.000474836943165482,"[0.5281638773783651, 1.6597489468075652]",-0.2292126393561258,0.4013798029857292,0.8206211468997754,"[-0.7645679686761405, 0.30614268996388894]",0.8755277897440159
725.0,24.0,0.0034903772986482713,0.01129206502312608,1.0665705287911391,0.00012004819726338687,0.0003885054927617698,"[0.5230383479549133, 1.6101027096273648]",0.2160433397826278,0.42233472263614213,0.8326729046370046,"[-0.31168488642814374, 0.7437715659933993]",23.17477522923631
726.0,24.0,0.00058263789660165,0.0032118957916298235,0.8654228238972969,3.93121221507628e-06,2.16834650583358e-05,"[0.49788163289114545, 1.2329640149034482]",-0.08239100820304124,0.7143123309666833,0.9463597389595698,"[-0.523517312549931, 0.35873529614384847]",0.3147104693241339
727.0,24.0,1.4146289524155711e-05,0.00037523314387680933,1.334542526336174,4.91224921097396e-10,1.3029838755899099e-08,"[0.914146401216693, 1.7549386514556553]",-0.0075996178344297505,0.963709424969441,0.9938808419181301,"[-0.33496762328824914, 0.31976838761938964]",0.029028401855011675
728.0,24.0,4.881333324212809e-06,0.0002413319386198876,1.5320708775114031,2.1352612802420995e-11,1.0676306401210497e-09,"[1.0836544153136298, 1.9804873397091765]",-0.40860053440780586,0.007696758118585061,0.10150719854807147,"[-0.7090940065882112, -0.10810706222740046]",1.5607390752238168
729.0,24.0,0.02197563759774535,0.051477248999169244,1.0500001304728592,0.00251994147276912,0.005902884686739563,"[0.3687668787327245, 1.731233382212994]",0.20925266502767137,0.5416622782259091,0.8903061772286474,"[-0.462755947808729, 0.8812612778640717]",23.200713696136646
730.0,24.0,0.0014393284607895959,0.005945181581121833,1.0839203186365982,2.35284628809877e-05,9.718489418004005e-05,"[0.5815059265396177, 1.5863347107335786]",-0.12250018041978805,0.617773543447985,0.9174210890671123,"[-0.6036463782353048, 0.3586460173957287]",0.4679162218429987
731.0,24.0,0.0022553043021815277,0.008243071279903244,1.220585751322382,5.447346901198825e-05,0.00019917173313341224,"[0.6277789753403732, 1.8133925273043907]",-0.05899096931854686,0.8187632768289712,0.966095377463714,"[-0.5635830728585639, 0.4456011342214702]",0.22532890475589767
732.0,24.0,0.012445321730447309,0.03128537969681032,0.8350947855663539,0.0010262671737125146,0.0025805058428778342,"[0.3365740625639191, 1.3336155085687886]",-0.02952471306635651,0.9256785485033042,0.9886559313289589,"[-0.6498652563302794, 0.5908158301975663]",0.11277609666913223
733.0,24.0,0.005263164643241772,0.015485957153224813,0.95220512419984,0.0002455408907923138,0.0007230297137582856,"[0.4432452961428155, 1.4611649522568646]",-0.12912246577130126,0.6482579147662478,0.9294020283387066,"[-0.6838889007685294, 0.42564396922592684]",0.4932114886011998
734.0,24.0,0.04268572059093214,0.09297695619893735,0.6516674098030719,0.006882486200110758,0.01499203585468532,"[0.17904749057712827, 1.1242873290290156]",-0.20150780790277611,0.5991436180421711,0.91161020243821,"[-0.9528846668548605, 0.5498690510493083]",0.7697031287841338
735.0,24.0,0.0020355723689512648,0.007675612250947454,1.173491955359596,4.515825260106372e-05,0.0001702799871834982,"[0.6096786825203353, 1.7373052281988566]",0.18551665692211294,0.46530871992946166,0.8563025696728113,"[-0.3124827845172106, 0.6835160983614366]",23.2913785685991
736.0,24.0,0.39429905561502643,0.655853385919871,0.3803641353687912,0.16371413087736109,0.272243000161739,"[-0.1549316068960357, 0.9156598776336181]",0.9035848855444168,0.2041566781609938,0.639272616713638,"[-0.4911205437478019, 2.2982903148366356]",20.548559975099558
737.0,24.0,0.015356435198836216,0.03746385752338672,0.8296710747577771,0.001442966064786759,0.0035194294263091687,"[0.31926039593871447, 1.3400817535768397]",0.44740495903605293,0.16407489007442422,0.5811866098930424,"[-0.1827781161382772, 1.077588034210383]",22.291038940934044
738.0,24.0,0.0014757103452222428,0.0060504729201403965,1.1246334858389422,2.467089593247735e-05,0.00010119317445642884,"[0.6020277169071735, 1.6472392547707109]",-0.11528387157783637,0.6395237372120353,0.9259147211178932,"[-0.5977117509706223, 0.3671440078149496]",0.44035195248921405
739.0,24.0,1.7747015198386218e-05,0.0004182254996226117,1.3477935053556744,9.268624769117807e-10,2.1963565803596698e-08,"[0.916262405464914, 1.7793246052464349]",-0.015376902289520267,0.9278276632331939,0.9892015094756179,"[-0.3481074757191466, 0.31735367114010604]",0.058735440211637596
740.0,24.0,0.014771758040667745,0.03623193044068615,0.8350679757607052,0.0013503320749030769,0.00331207278612479,"[0.3244061046161756, 1.3457298469052348]",-0.08841725970584147,0.7849692143953945,0.9608848990282411,"[-0.7235472434082475, 0.5467127239965646]",0.3377290544837887
741.0,24.0,6.581434277338662e-05,0.0008558432090167311,1.0741693042875105,2.8733120665623903e-08,3.7364266145154624e-07,"[0.6947606780805498, 1.4535779304944711]",-0.09523388150319434,0.6108524671596991,0.9152719016477362,"[-0.4620461301295344, 0.2715783671231457]",0.3637666317854688
742.0,24.0,6.733756170350133e-05,0.0008676161301255521,1.239296559748047,3.060498898182774e-08,3.940069904445555e-07,"[0.8006900419804379, 1.677903077515656]",-0.29902053887362356,0.10868498715663509,0.4815462434941741,"[-0.6643704804421364, 0.06632940269488935]",1.1421743243457465
743.0,24.0,0.00012048742310825222,0.0011953117371850419,1.0359257555362975,1.238221815316422e-07,1.2283946580520058e-06,"[0.6519490731154884, 1.4199024379571066]",-0.23628815477186116,0.22729532319799506,0.6673380011685116,"[-0.6198672505774263, 0.14729094103370394]",0.9025542678241085
744.0,24.0,0.14025890782122774,0.27604587250782864,0.5244561934292011,0.0380888121603146,0.07498821223539524,"[0.02881205068132897, 1.0201003361770733]",0.05660955850586369,0.9100318178001573,0.9847157609726442,"[-0.925286543905102, 1.0385056609168295]",23.783767414501007
745.0,24.0,0.0007364923093273093,0.0037518711631549123,0.8376047002433178,6.328839309126818e-06,3.225708108627328e-05,"[0.47400768807679333, 1.2012017124098422]",-0.04305593303054511,0.8515902620755905,0.9708072590103425,"[-0.49411258695684945, 0.40800072089575923]",0.16446154970987675
746.0,24.0,0.00034359900880730193,0.0022679802561538084,0.8125913626326432,1.298607381455542e-06,8.571665884194997e-06,"[0.48352923700562284, 1.1416534882596636]",-0.15124062513636982,0.48043710495924685,0.8644064500886054,"[-0.5713459260101644, 0.2688646757374248]",0.5776966340822788
747.0,24.0,0.003273676332390092,0.010766812283849642,0.9576133188686169,0.00010730176163274271,0.0003528231143638559,"[0.47306244528270824, 1.4421641924545257]",-0.30092159318841993,0.25880463672126885,0.7076268546120582,"[-0.8232245871803818, 0.22138140080354196]",1.149435816936611
748.0,24.0,0.0009277892542874732,0.0043828559823815266,1.159962022158031,1.0074906317672314e-05,4.7590488038130914e-05,"[0.6450819060531291, 1.6748421382629326]",0.2898023918585375,0.2153074740378903,0.6542767589910653,"[-0.1685956562389837, 0.7482004399560587]",22.893036403580624
749.0,24.0,0.0012793634806723697,0.00546502981918996,1.0824287589206378,1.8777047574704443e-05,8.024555292603367e-05,"[0.5866254595383703, 1.5782320583029055]",-0.11823386036528394,0.6260162608229448,0.9196654338518361,"[-0.5937403646107519, 0.357272643880184]",0.4516200796313248
750.0,24.0,5.9605949862755016e-05,0.0008149303663577321,1.367842896454759,2.2447168642170402e-08,3.070748104264077e-07,"[0.8884216024411042, 1.847264190468414]",-0.02553123032243576,0.8907241510383506,0.9795465253756226,"[-0.38975742321887813, 0.3386949625740066]",0.09752211621680007
751.0,24.0,0.0006247456556112183,0.0033588476108130016,0.9662344592879811,4.53294195951987e-06,2.4370655696343388e-05,"[0.5532239766658837, 1.3792449419100785]",-0.00211182138622501,0.9925655512749355,0.999042938587908,"[-0.44632381609012317, 0.44210017331767315]",0.008066563501077336
752.0,24.0,4.37572917368059e-05,0.0006790293256461826,1.3041831539597672,1.027479155514463e-08,1.5954645271963712e-07,"[0.8577817766031012, 1.7505845313164334]",0.025000019435066356,0.8904332591026448,0.9795465253756226,"[-0.330695104277324, 0.3806951431474567]",23.904506959908378
753.0,24.0,1.7811852672834903e-05,0.0004182254996226117,1.248901151504926,9.370012184583533e-10,2.2047087493137725e-08,"[0.8489197461667957, 1.6488825568430563]",0.08418695693281908,0.6198749342873291,0.9175486145824342,"[-0.24846268122095444, 0.4168365950865926]",23.678429511846655
754.0,24.0,0.0011026990346709854,0.004942622297942562,1.013018822397978,1.419335678982778e-05,6.359030819815313e-05,"[0.5556242804139033, 1.4704133643820525]",0.4342871770087662,0.06592854779444933,0.3735328486937639,"[-0.02858899046940394, 0.8971633444869362]",22.34114517738312
755.0,24.0,0.0019104987487475733,0.007325532012068917,1.2322376248240066,4.021110220336549e-05,0.00015418367409265912,"[0.6440772560317934, 1.8203979936162198]",-0.26784970039069744,0.2872982426386841,0.7385558936727097,"[-0.7612168006732323, 0.22551739989183733]",1.0231104917487042
756.0,24.0,0.0006847628068230112,0.003579161139162171,1.1670460086836338,5.472053311046789e-06,2.8589620224904855e-05,"[0.6638660070294413, 1.6702260103378264]",-0.16818849642040323,0.46094993391598715,0.8548774738797981,"[-0.6152938139661437, 0.2789168211253373]",0.6424327338360173
757.0,24.0,0.011550650217120404,0.029331260073947193,0.9120269553193302,0.0009106099722423867,0.0023123666131091587,"[0.37308873797600683, 1.4509651726626536]",-0.16224400872777345,0.6038614540459127,0.9122797909689765,"[-0.7751166932182941, 0.45062867576274723]",0.6197264634256741
758.0,24.0,0.0022175975359750794,0.008164939381351544,1.2387469098010018,5.281528288048449e-05,0.0001945159231184375,"[0.6381988658687697, 1.839294953733234]",-0.07080753351857716,0.7828851629838071,0.9605790545529682,"[-0.5744352125727655, 0.4328201455356112]",0.27046485522303887
759.0,24.0,0.0004966622238203073,0.002887571068722717,1.547100065120294,2.827119924514889e-06,1.6465948997236245e-05,"[0.8995956919785322, 2.194604438262056]",-0.10924482840041705,0.6222021897747794,0.9179731333354668,"[-0.5437935650032696, 0.3253039082024355]",0.41728450673165396
760.0,24.0,3.3540480393895495e-05,0.0005812908213846706,1.3241309938052384,5.1943879647777624e-09,9.00240548488347e-08,"[0.8798015730544715, 1.7684604145560052]",-0.27747688024679906,0.11675239734908795,0.49852374971028296,"[-0.6241945796372136, 0.06924081914361546]",1.0598836100399032
761.0,24.0,0.00036188930488701646,0.002340810510265307,1.0604419975358927,1.4700002091101271e-06,9.48387231683953e-06,"[0.628809388446127, 1.4920746066256585]",-0.5601582843986828,0.00798941769369389,0.1038935980974498,"[-0.9740633374447076, -0.14625323135265794]",2.139647037022226
762.0,24.0,0.008330297207080856,0.022351213327289662,1.0031004786195157,0.0005329352596250845,0.0014308654379974772,"[0.43547641458936315, 1.570724542649668]",0.13518396602706684,0.6518576813344124,0.9299133911664488,"[-0.4520627194153388, 0.7224306514694725]",23.48363528592061
763.0,24.0,9.7816357730812e-05,0.0010563321569202159,0.9209377362393244,7.5561186080074e-08,8.159955300223974e-07,"[0.5852739553174349, 1.256601517161214]",-0.22831199333428565,0.2356010840165813,0.6772092095906332,"[-0.6055995269805138, 0.1489755403119425]",0.8720875753515701
764.0,24.0,0.00016290376765937877,0.0014375179776267572,1.1318934956887907,2.496128518610373e-07,2.2031143147487845e-06,"[0.7017899457493975, 1.561997045628184]",0.3007035562696654,0.1329436794457658,0.5260929143085311,"[-0.09153014111144497, 0.6929372536507757]",22.8513970227449
765.0,24.0,0.0073550578631701065,0.020215097229874333,0.8696146283822429,0.00043462205904451625,0.0011943447624196653,"[0.3851470123412869, 1.354082244423199]",0.3576748317515346,0.22158544359064403,0.660857272862046,"[-0.2158476295421501, 0.9311972930452193]",22.63378278017235
766.0,24.0,0.0003188599931710931,0.0021626498918014114,0.8871555860422414,1.1124250796290926e-06,7.546981544295065e-06,"[0.5301601466169042, 1.2441510254675787]",0.3554034701634219,0.0927050565115169,0.4414526500548424,"[-0.05890620221207171, 0.7697131425389154]",22.642458742355483
767.0,24.0,0.01523432818308211,0.03722044510892282,0.8783565293715989,0.0014192684853481057,0.0034692458698315953,"[0.33880556168617537, 1.4179074970570225]",-0.18485231708991012,0.5693407034813125,0.9003501129545338,"[-0.8215647968489548, 0.45186016266913454]",0.7060838401643913
768.0,24.0,0.005420692088313206,0.015880243840410667,0.9228709077742365,0.00025811290344145995,0.0007562640007074713,"[0.42786334273822096, 1.417878472810252]",-0.0260242477599002,0.9270877598234066,0.9891919854953037,"[-0.5834154433426949, 0.5313669478228945]",0.09940530410967122
769.0,24.0,0.004961151146939447,0.014783826247775465,1.0253674121610223,0.00022163557846588454,0.0006607387949662968,"[0.4811782945468408, 1.5695565297752039]",0.004468534434615812,0.9873306755357762,0.9971100704756963,"[-0.5470772273430728, 0.5560142962123045]",23.98293145575251
770.0,24.0,0.04942790209244033,0.10631942803278195,0.6723502595819624,0.008560693800496393,0.018410094194615898,"[0.17112404361204392, 1.1735764755518807]",-0.37188872583982224,0.3418860179994664,0.7829552424665039,"[-1.1387802897276855, 0.3950028380480409]",1.4205102959413052
771.0,24.0,4.164093194860067e-05,0.0006630721647866349,1.3124273583340726,9.046423193507016e-09,1.4405132473737287e-07,"[0.8648902146621411, 1.7599645020060042]",-0.019234119515576076,0.9152794803888192,0.986565242976216,"[-0.3736011527745673, 0.33513291374341514]",0.07346892472618137
772.0,24.0,1.581504375125136e-05,0.00039636701130955795,1.1450175959666067,6.808205788509336e-10,1.706317240227904e-08,"[0.7813193966804732, 1.5087157952527401]",-0.3610749944490914,0.030417872690627845,0.238758812328319,"[-0.6880139346031731, -0.03413605429500982]",1.3792048846428377
773.0,24.0,0.47311236377177607,0.736361655675916,0.34944888409769503,0.21330709833318673,0.33204716427955594,"[-0.20088820507835392, 0.899785973273744]",-0.10684425680519194,0.8980993340447865,0.9813148317797055,"[-1.7420655507500542, 1.5283770371396703]",0.4081149986766282
774.0,24.0,3.1267525996721294e-05,0.0005557854792150056,1.5642784875433033,4.288259148877557e-09,7.630354357433376e-08,"[1.0422112925436413, 2.0863456825429654]",-0.02869930521373032,0.8711566049746355,0.9747752097735655,"[-0.3755133370118032, 0.3181147265843426]",0.10962327091363643
775.0,24.0,0.01908463163426154,0.04543450223656383,0.8157611203411084,0.002035939829205344,0.0048451685606981055,"[0.29748102626294093, 1.3340412144192757]",0.6552726760714851,0.04533126130553323,0.3016468940219791,"[0.013620166593204086, 1.296925185549766]",21.497042748724052
776.0,24.0,0.0036491750758668793,0.011714847755591907,0.8332072837993492,0.00012963772815619018,0.00041617248204234406,"[0.40650384771965464, 1.2599107198790436]",0.04820000523811263,0.859086923863751,0.9718046448331139,"[-0.4839171891632239, 0.5803171996394492]",23.81588954182318
777.0,24.0,0.0030483508661975673,0.010219077660736061,1.3514819002108962,9.480679413852932e-05,0.00031750433402052687,"[0.67289918851755, 2.0300646119042423]",0.4560664640340777,0.08206394732450428,0.4176698883840759,"[-0.057998587011809155, 0.9701315150799645]",22.257954428892827
778.0,24.0,0.0005793179929453333,0.0032014997783936998,1.1566621821141505,3.900620703958008e-06,2.1586168809950237e-05,"[0.6656055538846004, 1.6477188103437006]",-0.27046759284171795,0.22699660833900992,0.6670485111343224,"[-0.709249839234401, 0.1683146535509651]",1.033110104326213
779.0,24.0,0.001257858295266966,0.005405493318723533,1.132669049321564,1.8164761319739375e-05,7.806085655238236e-05,"[0.6147458827266872, 1.650592215916441]",0.06793156965193603,0.7792589292618992,0.9596392629361795,"[-0.4070973260767617, 0.5429604653806337]",23.740520517549673
780.0,24.0,0.0025114525893663196,0.00888066686480311,1.1043918682336207,6.631160543420347e-05,0.00023464828532980704,"[0.5617774094999193, 1.647006326967322]",-0.03987444525907158,0.8783359050981058,0.9766268042296392,"[-0.5504110345009753, 0.4706621439828321]",0.15230916158468238
781.0,24.0,0.16865979767565434,0.3265436547447325,0.6013253380661826,0.04944572850769372,0.09573229139921341,"[0.001458073317427644, 1.2011926028149376]",-0.4732089631529064,0.3633224644572157,0.798335452553759,"[-1.4934719539138868, 0.547054027608074]",1.8075250944282149
782.0,24.0,0.016846555419343073,0.04061368230314145,0.9875720215908309,0.001664319940013671,0.004013310682453993,"[0.3719982543589829, 1.6031457888226788]",0.20771289429164064,0.528342891170682,0.8840013597459259,"[-0.4379421355198593, 0.8533679241031406]",23.206595187109464
783.0,24.0,5.98503957814583e-05,0.0008151517773106611,1.4038420370532756,2.2884121055200903e-08,3.110987608220814e-07,"[0.9115085279466424, 1.8961755461599088]",0.33375556457994104,0.0703381658341351,0.3873223776594489,"[-0.027707220674571154, 0.6952183498344533]",22.725147650704226
784.0,24.0,0.00016912120133839135,0.001459298747635282,1.2942543668932636,2.7016003181485256e-07,2.333407072938451e-06,"[0.8010374437311998, 1.7874712900553273]",-0.03279038343709306,0.8710749650889784,0.9747752097735655,"[-0.42878952852974894, 0.3632087616555628]",0.12525003863740738
785.0,24.0,0.0007685367831639695,0.003850552994973165,1.0276171690771123,6.893862320247616e-06,3.4573030693318034e-05,"[0.5797364088960006, 1.475497929258224]",-0.020163935976011516,0.9304682240505858,0.9892015094756179,"[-0.4730921049056737, 0.4327642329536507]",0.07702056198649761
786.0,24.0,0.0003441737515759695,0.0022687788502041496,1.0833426211322694,1.3185363353539532e-06,8.668877944470435e-06,"[0.6443640928423937, 1.5223211494221451]",0.5150169768822481,0.014595560675646201,0.1510927606174555,"[0.10170553161001294, 0.9283284221544833]",22.0327800564707
787.0,24.0,0.16255314410443303,0.31606677834811014,0.5396228994013252,0.04689939735725824,0.09119073956301428,"[0.00739795491784867, 1.0718478438848018]",-0.2924616524991519,0.5735476291902932,0.9014551440610434,"[-1.3109037901447007, 0.7259804851463969]",1.1171212238415407
788.0,24.0,0.0004796624914017657,0.0028315377296444255,1.294866874954026,2.6369871023285547e-06,1.55574460314369e-05,"[0.754572643446572, 1.83516110646148]",0.24456349950282874,0.26682187853109973,0.7161616784382053,"[-0.18711051042173749, 0.6762375094273949]",23.06583624370254
789.0,24.0,0.00034358423272542234,0.0022679802561538084,1.18676694606444,1.2968990810118915e-06,8.566044128215927e-06,"[0.7062068938853805, 1.6673269982434997]",0.07251195636255581,0.7354672628111145,0.9523631024368666,"[-0.3481357234073459, 0.4931596361324575]",23.72302472907925
790.0,24.0,0.011102386802279197,0.02838033436165439,1.037224846755084,0.0008540386376948104,0.0021831253519805994,"[0.4275904117775621, 1.6468592817326058]",-0.16380413037061903,0.5984096842845052,0.9115151321926965,"[-0.7733674426736972, 0.4457591819324591]",0.6256856891364786
791.0,24.0,0.00015731264441099177,0.0014083495470992998,1.0947541232178983,2.3017133962318765e-07,2.0606207665459953e-06,"[0.6799825213708466, 1.50952572506495]",-0.27091540023214655,0.17508587405697196,0.6002258281006924,"[-0.6624847705844381, 0.12065397012014495]",1.034820602559968
792.0,24.0,3.5822639267453824e-06,0.0002119682796890759,1.3100629477125543,7.931039385527959e-12,4.692922713330153e-10,"[0.9346600625260624, 1.6854658328990462]",-0.10781964521390286,0.47754420574807743,0.8630489258696656,"[-0.4053490549911129, 0.18970976456330718]",0.4118407079569693
793.0,24.0,0.012272709610534118,0.030898060449481665,1.008681546229405,0.0010042340600889437,0.002528283132147391,"[0.4076549565052864, 1.6097081359535235]",0.15680217560799825,0.6190210681007091,0.9174210890671123,"[-0.4612649819628193, 0.7748693331788158]",23.40105980794617
794.0,24.0,0.0005495162685716147,0.0030941705688813524,0.9054895157153919,3.5022401468691878e-06,1.9719820646785968e-05,"[0.5229167502658565, 1.2880622811649274]",-0.3023631888120759,0.17416546316953263,0.5989183740355317,"[-0.7384536482040336, 0.13372727057988182]",1.1549423066032787
795.0,24.0,0.02338270177961343,0.05441634112081319,0.8690721126774399,0.00278478961731687,0.006479268537265868,"[0.2994938808032852, 1.4386503445515946]",-0.5173388266976167,0.129260819841657,0.5197960095194571,"[-1.1857303516566369, 0.15105269826140355]",1.9760887565348901
796.0,24.0,2.889137666183982e-05,0.0005340365371874273,1.3933202394527058,3.5008881814023855e-09,6.471142664329733e-08,"[0.9309489237300141, 1.8556915551753974]",0.25808416828131886,0.14044578704206112,0.5362156158566631,"[-0.08505697128265688, 0.6012253078452946]",23.014191093222422
797.0,24.0,0.005179722601674804,0.015306508870197412,0.9544214278449664,0.00023873829703064677,0.0007054914214853628,"[0.4452740606743705, 1.4635687950155623]",-0.03872508714988765,0.8910918985627451,0.9795465253756226,"[-0.5930508347299798, 0.5156006604302045]",0.14791893699765735
798.0,24.0,0.00039439638426649475,0.002485169403065499,1.2374637279912541,1.740691695486351e-06,1.0975357474693261e-05,"[0.7302108689639828, 1.7447165870185255]",-0.06645430483200876,0.759715449833829,0.9564591353912479,"[-0.4923040304191656, 0.3593954207551481]",0.25383674648999566
799.0,24.0,0.0022871974444267852,0.008311037225388028,1.231521350295146,5.595271131035375e-05,0.00020331653819169243,"[0.6324690421031639, 1.8305736584871282]",-0.15561071026345186,0.5455481220776115,0.8915641805484744,"[-0.6601919591878963, 0.3489705386609926]",0.5943891296752583
800.0,24.0,0.0003886243281291268,0.002462765070526786,1.0324407807620763,1.689431975976783e-06,1.0706159543579107e-05,"[0.6097603324315201, 1.4551212290926325]",0.15879909871222164,0.4635894982289942,0.8554890168462709,"[-0.26584229954420113, 0.5834404969686444]",23.39343212355389
801.0,24.0,0.003935484383772811,0.012410862137410316,1.1417302249613925,0.00014810469834286582,0.00046705991278103384,"[0.5519524706877565, 1.7315079792350285]",-0.06081560795295804,0.8242354783625134,0.9666963285808975,"[-0.5974928504409562, 0.47586163453504016]",0.2322985109484493
802.0,24.0,0.00040780663749386844,0.002540615952438092,1.1843189921873543,1.8916941925391428e-06,1.1756955826843647e-05,"[0.6971444519910828, 1.6714935323836257]",0.5081435428269581,0.01766390775502019,0.1708308293522262,"[0.08837296750132972, 0.9279141181525864]",22.059034640612673
803.0,24.0,0.0003428360386522543,0.0022659354834914363,1.3449968653152986,1.2926028803957933e-06,8.54331051153862e-06,"[0.8004386192702317, 1.8895551113603655]",-0.15782015154821227,0.4613963312833148,0.8550833639977362,"[-0.5777807879808455, 0.262140484884421]",0.6028285737218405
804.0,24.0,3.3936086558485693e-07,0.00010500246353468055,1.6374919672077097,1.909841498056437e-15,5.968254681426365e-13,"[1.2336415158402405, 2.041342418575179]",0.49112986192338237,0.00013314105519881961,0.0068277464204522876,"[0.2391790667841655, 0.7430806570625992]",22.12402211459649
805.0,24.0,0.00564918148306873,0.016431592446389556,0.9212400877340132,0.0002784418656492904,0.0008096593941532144,"[0.42445611834139874, 1.4180240571266278]",0.3916135205951239,0.16603155202023545,0.5842585000380387,"[-0.16254567753169724, 0.945772718721945]",22.50414653797599
806.0,24.0,0.002593715884424776,0.009088002398124653,1.1483944114352338,7.032002864980485e-05,0.00024639113051788664,"[0.5821810182147145, 1.7146078046557531]",0.05602623529867312,0.8302664297229537,0.9686926026402447,"[-0.45624036092036946, 0.5682928315177157]",23.785995545025276
807.0,24.0,0.00531164491912494,0.015608712662723892,1.053840630661938,0.0002493767863279211,0.0007330299421749592,"[0.48994585088657305, 1.6177354104373027]",-0.10381167675392167,0.7142157176864325,0.9463571189696999,"[-0.6594289757731566, 0.4518056222653133]",0.3965313961450713
808.0,24.0,0.02461527916159876,0.05692710259389167,0.8738693912271825,0.0030173327672975104,0.006974879258662761,"[0.29640080267560664, 1.4513379797787584]",-0.6416614114409827,0.059767562470302286,0.3538636025476749,"[-1.3097253234964765, 0.026402500614511104]",2.450966050131716
809.0,24.0,0.00046295396210542484,0.002755678345865624,1.1023027304350206,2.4395782789079686e-06,1.4525861017757313e-05,"[0.6439066540113235, 1.5606988068587175]",0.029548085298385374,0.893390386104856,0.9795465253756226,"[-0.4025901400535924, 0.46168631065036314]",23.887134627980664
810.0,24.0,0.0032423378589734775,0.01069047580971003,1.1005159581522481,0.00010530012299334955,0.0003472887598735674,"[0.5443148894617521, 1.656717026842744]",-0.2177552970786545,0.41477885072818466,0.8285634253459541,"[-0.7410978477021057, 0.30558725354479677]",0.8317639659482885
811.0,24.0,8.512401536333346e-05,0.0009779338427282139,1.222098316151966,5.4160853152276215e-08,6.21823801977913e-07,"[0.7815550968339278, 1.6626415354700044]",-0.2576231187630036,0.17554600550040678,0.6009791355714028,"[-0.6303775635888733, 0.11513132606286608]",0.9840478273411783
812.0,24.0,3.092548514431699e-05,0.000553228714567388,1.369914378831544,4.17126116675919e-09,7.462005665043274e-08,"[0.9130713503176837, 1.8267574073454043]",0.11885665185651106,0.5010049985039813,0.8731021700276606,"[-0.22733377638883467, 0.4650470801018568]",23.54600103210441
813.0,24.0,0.0032523578999243095,0.010712641304098517,1.023493721758765,0.00010632436036473415,0.0003499814363552803,"[0.5059052479188294, 1.5410821955987006]",-0.4088440178355315,0.122732534351713,0.5086304780427393,"[-0.928033430457128, 0.11034539478606509]",1.5616691134098206
814.0,24.0,0.007886254036195084,0.021400960749511762,0.801511397157679,0.00048735880053760085,0.0013225476269677092,"[0.35107870247505824, 1.2519440918402998]",-0.2557519545993481,0.3883943487968686,0.8128805960587455,"[-0.8369061723722738, 0.3254022631735777]",0.9769005067176059
815.0,24.0,0.00017919811004766067,0.0015109452786480663,1.191571765965931,3.101352187259622e-07,2.61496811741958e-06,"[0.7351803394278434, 1.6479631925040188]",0.3007491540681473,0.13597860990428326,0.529210475430434,"[-0.09461186685236755, 0.6961101749886621]",22.85122285198436
816.0,24.0,1.7849883613237424e-06,0.00016839473692111678,1.4901582676811802,8.001255908491304e-13,7.548354630652174e-11,"[1.0823099220284653, 1.898006613333895]",0.052471403409402484,0.7176159946695388,0.9465980671013572,"[-0.23190015406091402, 0.336842960879719]",23.79957400263419
817.0,24.0,0.0019490671866732538,0.007442549512966967,0.9809047637753727,4.161561475609213e-05,0.00015895956744114642,"[0.5118010610320545, 1.450008466518691]",-0.10625727340494429,0.6749232929860063,0.9338966192307091,"[-0.6028239592284805, 0.39030941241859196]",0.4058728872447329
818.0,24.0,0.05949539103213594,0.12559719449469273,0.7776010608618705,0.01119964537049613,0.023642907685235654,"[0.1767235150289127, 1.3784786066948285]",0.09403945174895867,0.8183449641368432,0.966095377463714,"[-0.7084623482416726, 0.89654125173959]",23.640795753804035
819.0,24.0,0.0006964956582528625,0.0036304251121478835,1.1964325251569088,5.669606160644019e-06,2.954458655885367e-05,"[0.6797327159135937, 1.7131323344002238]",0.21685275957665073,0.34191655438512225,0.7829552424665039,"[-0.2303591631274094, 0.6640646822807108]",23.171683473366183
820.0,24.0,0.0026092099944683444,0.009132691615219965,0.7206188803670464,7.110882936327701e-05,0.00024898049496945734,"[0.36508179008219466, 1.076155970651898]",0.10067604923895779,0.7001320993971454,0.9400237903147177,"[-0.41165797995382725, 0.6130100784317428]",23.615445818703762
821.0,24.0,5.0388410717390485e-06,0.0002413319386198876,1.4754155242482265,2.3160434255780423e-11,1.1134824161432896e-09,"[1.0428130574067591, 1.908017991089694]",-0.07943536468333434,0.609214906288175,0.9143882220641197,"[-0.38399746357277426, 0.22512673420610557]",0.30342074269584074
822.0,24.0,0.00143137184817925,0.005924552351735306,0.8407163168305686,2.340027369602882e-05,9.685543748356299e-05,"[0.4511441145983133, 1.2302885190628239]",-0.3550615612292045,0.14466838490822614,0.5450956477325777,"[-0.8321601539126662, 0.1220370314542572]",1.3562352617172855
823.0,24.0,0.006671114043806568,0.018773236483406907,0.9933376883314026,0.000367443034026375,0.0010347593185761053,"[0.44682643121701593, 1.5398489454457893]",-0.08970706867323752,0.7583097059733281,0.9562405337785495,"[-0.6611140808545856, 0.4816999435081105]",0.3426557618311168
824.0,24.0,0.0017372345743939316,0.006835407204526403,1.1134463932947065,3.361116503542411e-05,0.00013230312805177677,"[0.5872716193393711, 1.6396211672500418]",0.18847382679933755,0.4507141632150159,0.8504782689258926,"[-0.30130301828442946, 0.6782506718831045]",23.280083011714552
825.0,24.0,0.006671287516748783,0.018773236483406907,0.757491568450448,0.0003673772774286578,0.0010347593185761053,"[0.3407428474731924, 1.1742402894277035]",0.049282370566150036,0.8658193454493472,0.9734244302898619,"[-0.5223636156031005, 0.6209283567354006]",23.811755210810656
826.0,24.0,0.0001886545513809753,0.0015734324552208114,1.4797744772370711,3.4683239650707463e-07,2.8926805380072944e-06,"[0.9106453411295714, 2.048903613344571]",0.15421500321871395,0.4486936944401799,0.849596270386384,"[-0.2447527814281017, 0.5531827878655295]",23.41094207853142
827.0,24.0,0.00011436149350014274,0.0011596576555544488,1.2376799284091478,1.1044810729839601e-07,1.1172701629145367e-06,"[0.7807249461522145, 1.694634910666081]",-0.44220309481152587,0.021965945194171773,0.19490634599974954,"[-0.8205176726449048, -0.0638885169781469]",1.6890914013549216
828.0,24.0,0.000833758214549964,0.0040792274796359745,1.2130623309404327,8.120490900416154e-06,3.9747875185590575e-05,"[0.6802143088437376, 1.7459103530371278]",-0.1220579757084197,0.5998194577061646,0.91161020243821,"[-0.5780278679406394, 0.3339119165238]",0.46622712426685153
829.0,24.0,3.7846109746369907e-05,0.0006224689103021367,1.493341158133093,7.068527793042703e-09,1.1645021075852889e-07,"[0.9877703990881943, 1.9989119171779919]",0.04877203513714079,0.7858170695544063,0.9608848990282411,"[-0.3029951066422517, 0.4005391769165333]",23.813704548558537
830.0,24.0,0.0003067629111974975,0.0021068881263564387,1.0444272660889746,1.016376458384934e-06,6.981255613478691e-06,"[0.6256762114963967, 1.4631783206815525]",-0.1274810011231402,0.5482359690852552,0.8928806760019607,"[-0.5436299822675413, 0.28866798002126093]",0.4869415554972294
831.0,24.0,4.710942921645345e-07,0.00011087752898012906,1.5833420608023165,6.611807550936056e-15,1.5742398930800135e-12,"[1.1850596768371864, 1.9816244447674467]",-0.13641456677460795,0.30572461548675745,0.7518643526041306,"[-0.3974560438373092, 0.1246269102880933]",0.5210652626860388
832.0,24.0,0.006826472973887518,0.019070021942461858,0.672323251252718,0.000382438544248662,0.0010688612192528283,"[0.30133199727119386, 1.043314505234242]",0.20068897727208856,0.491437702654671,0.8697731756428894,"[-0.3710108457637039, 0.772388800307881]",23.23342457383416
833.0,24.0,0.02414032589865118,0.05599704453410155,0.7459112539166641,0.002909305103011888,0.006748562057554832,"[0.2548532147254232, 1.236969293107905]",-0.036306782092757395,0.9171524240739508,0.9868519909818365,"[-0.7203971269615226, 0.6477835627760078]",0.13868169210774356
834.0,24.0,0.0020520427614946816,0.0077173477303297535,1.1077205291414094,4.580954643747421e-05,0.00017234592339155085,"[0.5750728034756949, 1.640368254807124]",-0.1482108382382794,0.5603745322993962,0.8963105579420086,"[-0.6470864069410567, 0.3506647304644978]",0.5661237006099712
835.0,24.0,0.0009670879707036439,0.004516991922950228,1.1067876005233352,1.0884693063076098e-05,5.0839295016702927e-05,"[0.6136395249832065, 1.599935676063464]",0.026041640673166278,0.9122240772295669,0.9856022475955274,"[-0.4369810253772983, 0.4890643067236309]",23.900528259855424
836.0,24.0,0.002672652968751419,0.009283268387465854,1.014628973144026,7.426561114277988e-05,0.000257956273507398,"[0.512725585559484, 1.5165323607285677]",-0.08575544764175103,0.7435637948852403,0.9543661614745291,"[-0.5995379528326557, 0.4280270575491536]",0.3275616813418295
837.0,24.0,0.02900391387273466,0.06593297084049707,0.6673456949566058,0.003855154687162492,0.008763706949676044,"[0.21472473901804223, 1.1199666508951693]",-0.20861773898302172,0.5605526229369322,0.8963105579420086,"[-0.9111410942797948, 0.4939056163137514]",0.7968610650192648
838.0,24.0,0.001547690897886046,0.00625077099307773,1.0698424494485042,2.699756375779181e-05,0.00010912515666043576,"[0.5702846770246229, 1.5694002218723853]",-0.09365713203800397,0.7050346621345389,0.9423077547908834,"[-0.57859395795954, 0.39127969388353206]",0.3577438924718076
839.0,24.0,0.016954994458631766,0.04086525538354246,0.8300072540713157,0.0016839931682679074,0.004058792885678253,"[0.3120801914673501, 1.3479343166752813]",-0.32709470187248435,0.3190090081985836,0.7622676420515737,"[-0.9704425611492808, 0.31625315740431215]",1.2494097278922172
840.0,24.0,0.005710687821566218,0.016571932157766155,0.7746918470160798,0.0002830152788233173,0.0008215247571068718,"[0.3564512432751875, 1.192932450756972]",0.28314069362136074,0.31970404586614054,0.7628347551089013,"[-0.2745564086666854, 0.8408377959094069]",22.918482216472622
841.0,24.0,0.005100116676612438,0.015133877378671922,0.9690236060553463,0.00023247124850561717,0.0006902352984133527,"[0.4530397935331777, 1.4850074185775148]",-0.05184736562194914,0.8542680922890721,0.9710102122541093,"[-0.6051003209572556, 0.5014055897133574]",0.19804234860062414
842.0,24.0,0.008237943274548314,0.02215692112573511,0.9831544157634157,0.0005230470364891588,0.0014071752394112424,"[0.42762482425713966, 1.5386840072696917]",-0.10915665239481687,0.7153590279568883,0.9463672813293932,"[-0.6958353140992, 0.47752200930956623]",0.4169476991999731
843.0,24.0,0.00016426201652972952,0.0014421599344137798,1.3798864492046257,2.530262395779203e-07,2.223429170280495e-06,"[0.8552903081073381, 1.9044825903019134]",-0.11859950208954118,0.555869990766197,0.8951179890946906,"[-0.513261439596371, 0.27606243541728875]",0.45301672813891314
844.0,24.0,1.0844315014570254e-05,0.0003311127243035013,1.3876340716959177,2.340576119018325e-10,7.114213127715274e-09,"[0.9584642089985062, 1.816803934393329]",-0.45726177954300695,0.004647372506314205,0.07221507974687864,"[-0.7738889346710993, -0.14063462441491464]",1.7466113400303855
845.0,24.0,0.004249498347854082,0.013136007257663314,1.0089186347895218,0.00017028118287544929,0.0005263715081157629,"[0.4829269455192776, 1.5349103240597661]",-0.3770275368257696,0.16813430496330195,0.5870841641586949,"[-0.9131963169236474, 0.1591412432721082]",1.440139108021988
846.0,24.0,0.013745026649066417,0.034064502228169556,0.7630793764756105,0.0012081362436881478,0.0029941418678764505,"[0.3010373138315788, 1.2251214391196423]",0.37097849583440645,0.24310421289350892,0.6880067848665263,"[-0.25193557582730075, 0.9938925674961137]",22.582966526571795
847.0,24.0,0.027477174426042295,0.06286244435150376,0.8997173692801785,0.003547977701084383,0.008117084651302639,"[0.29493506653419455, 1.5044996720261625]",0.11310003493149523,0.7507597354700526,0.9552799279805988,"[-0.584776697270702, 0.8109767671336925]",23.567989689042875
848.0,24.0,0.0610727797533547,0.12860134713277468,0.8717031672274137,0.011633315762362638,0.024496348204595998,"[0.19455090864684466, 1.5488554258079827]",-0.07682276909291819,0.8519763268098592,0.9708072590103425,"[-0.8837465665470414, 0.730101028361205]",0.29344136263548504
849.0,24.0,0.0033636523774552736,0.01100311539893776,1.1081918469589491,0.00011224764967139253,0.0003673370573461806,"[0.5458528010481376, 1.6705308928697606]",-0.10913560915361309,0.6847492882092946,0.9370333060910837,"[-0.6359993009618831, 0.4177280826546569]",0.41686731993942294
850.0,24.0,0.0006450541985928163,0.003431139354217108,1.206790693826782,4.840583532192162e-06,2.576148766467356e-05,"[0.6894059308394084, 1.7241754568141556]",0.08348996887435867,0.7132687130642352,0.9463571189696999,"[-0.36181843697531335, 0.5287983747240307]",23.681091810121377
851.0,24.0,0.0005225103262113472,0.002989034282306499,1.1198485690660527,3.1388974436360403e-06,1.7967358005930398e-05,"[0.6490010598007108, 1.5906960783313946]",0.02723643848089541,0.9027586389366626,0.982851517978372,"[-0.4096897164789461, 0.4641625934407369]",23.895964468405133
852.0,24.0,0.009540907063758687,0.02505490300356798,0.7662751128417302,0.0006696344332559895,0.0017575706909606023,"[0.3247713884524176, 1.207778837231043]",-0.4203617349088189,0.16339869736103485,0.580663458994438,"[-1.011504186132456, 0.17078071631481817]",1.6056635519381632
853.0,24.0,0.0066842580122613935,0.018791841473886402,0.7727036977131924,0.0003685739187173746,0.0010370678635829337,"[0.3474838481427442, 1.1979235472836405]",0.04284603006964627,0.8832414251589971,0.9769289073763932,"[-0.5289630339636361, 0.6146550941029286]",23.836340220541242
854.0,24.0,0.0005549819933686572,0.0031161257348043636,1.0283327993038949,3.557997769814367e-06,1.998875151581105e-05,"[0.5935521861535998, 1.4631134124541898]",0.10738856237249017,0.6316194916513155,0.9222068793273697,"[-0.33161093265630603, 0.5463880574012864]",23.58980590720526
855.0,24.0,0.005069125215500121,0.015064265127786391,0.9522060726505114,0.00023001899076984962,0.0006835631226444267,"[0.44554926148696383, 1.458862883814059]",-0.013098103097150648,0.9629701897099648,0.9938808419181301,"[-0.5660521957114939, 0.5398559895171926]",0.05003106847293095
856.0,24.0,0.04961997306026285,0.10666374260589606,0.664495228503855,0.008587065473614135,0.018458868171999432,"[0.1689276273382519, 1.1600628296694582]",-0.003140362567770616,0.9936636261517208,0.999042938587908,"[-0.7781776313464793, 0.7718969062109381]",0.011995301418274817
857.0,24.0,0.001156488038552968,0.005114940462419141,0.9048888685195684,1.5448584718869486e-05,6.835656955251985e-05,"[0.49455329880351595, 1.3152244382356209]",0.11151133116662759,0.6424888029405693,0.9268447820839142,"[-0.35929414578809343, 0.5823168081213486]",23.574058090417772
858.0,24.0,0.0024974879332740024,0.008853200756022694,0.9623036321267342,6.623549018381114e-05,0.0002344619121550837,"[0.48953285303139915, 1.4350744112220692]",0.5118818777383831,0.045321611950780966,0.3016468940219791,"[0.010662167417210933, 1.0131015880595553]",22.044755253090603
859.0,24.0,0.0033824902313736404,0.011046669599522012,0.826719128084775,0.00011347880000593774,0.0003707245998233837,"[0.40692049748004183, 1.2465177586895082]",-0.18464689731217732,0.4917176690542887,0.8697731756428894,"[-0.7109879363635369, 0.3416941417391822]",0.705299194411551
860.0,24.0,6.462683056200344e-05,0.000845530715305593,1.197902388252991,2.7886127069200203e-08,3.640486562558773e-07,"[0.775188229215052, 1.6206165472909297]",-0.48420698175709553,0.008503236081798496,0.10804620180175979,"[-0.8448614032149606, -0.12355256029923051]",1.8495344310299746
861.0,24.0,0.0071029729391763625,0.01966117401800691,1.3552339181360793,0.00040906511444999984,0.0011318901894023239,"[0.6036534395359505, 2.1068143967362083]",-0.23826406190691962,0.41578186057279587,0.8288815882747501,"[-0.8121290658854539, 0.3356009420716146]",0.9101016771273509
862.0,24.0,0.0008090237319023516,0.003999128679695262,1.2651781974304792,7.669432518258236e-06,3.7892453153449785e-05,"[0.7109566296798897, 1.8193997651810687]",0.2606075471246374,0.2594260559112397,0.7076689218930793,"[-0.19231374435696214, 0.713528838606237]",23.004552496033437
863.0,24.0,3.2829751949593954e-05,0.0005758971084667824,1.54078229289817,4.900775161150503e-09,8.597851159913162e-08,"[1.0246085798922846, 2.0569560059040555]",0.23252294431437104,0.18871556035281079,0.620366733572685,"[-0.11420609372159851, 0.5792519823503406]",23.111827776722073
864.0,24.0,0.010932632172764387,0.027989329679376312,0.810659726758639,0.0008347018545280367,0.0021369735138966634,"[0.3350976985249357, 1.2862217549923423]",0.3121485689345329,0.31209173532472756,0.757560761484743,"[-0.29308899100483055, 0.9173861288738964]",22.80768029460019
865.0,24.0,0.04236089015626935,0.09237001778514904,0.7298639233394294,0.006800276784132198,0.014831574229295959,"[0.20131303950388546, 1.2584148071749732]",0.09990359357794265,0.7945717792606048,0.9628316126547152,"[-0.6521070374872687, 0.851914224643154]",23.61839638198624
866.0,24.0,0.0004373486349682456,0.0026525057733772527,1.1615477909928162,2.184924103725244e-06,1.3241964265001477e-05,"[0.6807999411696875, 1.642295640815945]",0.40898255076578405,0.059231843395706835,0.3529782685976294,"[-0.01593366226676851, 0.8338987637983366]",22.437801729775043
867.0,24.0,0.006014637940208313,0.017268555670997165,1.0203222532928682,0.00030836379417972115,0.0008858483027282997,"[0.46608157781556403, 1.5745629287701723]",-0.10448961559937064,0.71653892556302,0.9465980671013572,"[-0.6685284024504715, 0.4595491712517302]",0.39912093178588454
868.0,24.0,0.0004157252083251265,0.0025677900452447592,0.9650041310899379,1.945838684036448e-06,1.2026197058321681e-05,"[0.5675707462854294, 1.3624375158944464]",0.0551228124363039,0.8006669341549897,0.9643261963868218,"[-0.37278034919811126, 0.48302597407071907]",23.789446366167237
869.0,24.0,1.4840441845193786e-05,0.00038279795803455196,1.6406732462887978,5.625087975037229e-10,1.4535111046607826e-08,"[1.1220679167061327, 2.159278575871463]",0.054176723836723895,0.7464531313551366,0.9549099799861029,"[-0.2742425635390214, 0.38259601121246917]",23.793060158420662
870.0,24.0,0.0015433476654948956,0.006238268656002003,0.8006825470991528,2.6857716444594495e-05,0.00010864772024512335,"[0.4269124485889315, 1.174452645609374]",0.10575655913553028,0.6689176831271982,0.9332201550489372,"[-0.3789548925970429, 0.5904680108681035]",23.59603970038056
871.0,24.0,0.003280033871547593,0.010782491359459542,0.9488090714413906,0.00010732879138948498,0.0003528231143638559,"[0.468705528667526, 1.428912614215255]",0.11075818284538297,0.679457037798676,0.9355046644618973,"[-0.4146045032759913, 0.6361208689667572]",23.576934905094753
872.0,24.0,0.00040424755647136356,0.0025265472279460224,1.114050814176124,1.8438228072141497e-06,1.1523892545088436e-05,"[0.6562777101562869, 1.5718239181959612]",0.29941793111950155,0.1665118593547018,0.5847239461865604,"[-0.12475894651912256, 0.7235948087581257]",22.856307749087584
873.0,24.0,0.0018239302863247379,0.007066758180258574,1.0477014701092238,3.686722134549375e-05,0.00014284084209799982,"[0.5500485623362104, 1.5453543778822372]",-0.25200450176612677,0.314708305702198,0.7590518680559124,"[-0.7432754947838041, 0.23926649125155058]",0.9625862912997443
874.0,24.0,0.029133330507408108,0.06612194849616003,0.7441954017882491,0.0038827710368913295,0.008814463193850918,"[0.2390594645711992, 1.249331339005299]",0.24412097126365762,0.49564608749200323,0.871424115982267,"[-0.45810829428706135, 0.9463502368143766]",23.067526577063866
875.0,24.0,0.00037286083409335556,0.0023870732016219947,1.0490200825858293,1.564374227457989e-06,1.0002392758682794e-05,"[0.6209306264502136, 1.4771095387214452]",0.5111997544237541,0.016107907048761683,0.16156376177293563,"[0.09484854433403561, 0.9275509645134725]",22.047360772226316
876.0,24.0,0.001889721922413625,0.0072653668681800275,1.0319249297693804,3.950217194954906e-05,0.0001517563271208185,"[0.5398683575656691, 1.5239815019730918]",-0.37045946596439094,0.1388440763963762,0.5344267759675758,"[-0.8610226995520249, 0.12010376762324304]",1.4150509253619978
877.0,24.0,0.025233614598561323,0.05820903021582774,0.6813493258830972,0.0031206162918191566,0.007198653499006128,"[0.22952222135597178, 1.1331764304102225]",-0.2932033419744622,0.4013231667939139,0.8206211468997754,"[-0.9779347436048507, 0.3915280596559263]",1.1199542689511774
878.0,24.0,0.005107250893583406,0.01515055144937231,0.9546293616502082,0.0002330349179580804,0.000691498272872642,"[0.446224881361613, 1.4630338419388034]",-0.05515349559002036,0.8451108832762443,0.9708072590103425,"[-0.6084842263488175, 0.49817723516877677]",0.210670834846771
879.0,24.0,0.0012518620874074485,0.005388988753368267,1.0807765642124791,1.800483277104707e-05,7.754019281243355e-05,"[0.5868081678345509, 1.5747449605904074]",-0.1053341523738176,0.6635458905219257,0.93180039273632,"[-0.5799096302045876, 0.36924132545695243]",0.40234682464051136
880.0,24.0,0.0005833500710233303,0.0032129785982328647,0.9459454938761641,3.958845443273471e-06,2.1799809709655678e-05,"[0.5440799891077468, 1.3478109986445814]",-0.28996264039869235,0.1951882903051081,0.6279387127314469,"[-0.728687344898282, 0.14876206410089726]",1.1075757007543103
881.0,24.0,0.03650607345591669,0.08078352169930668,0.7925281098815958,0.005447212781359362,0.012054022530115869,"[0.23364169191780604, 1.3514145278453857]",-0.012955723242456862,0.9723593801364013,0.9946639642340541,"[-0.745805808755879, 0.7198943622709653]",0.04948721748882163
882.0,24.0,0.00593733617490451,0.017110478890214727,1.0427648335145634,0.00030240403675852763,0.0008714813739438837,"[0.47712676078369565, 1.608402906245431]",-0.2808254181518768,0.32601274729314944,0.7675814161498792,"[-0.841221160300295, 0.27957032399654147]",1.072674082673272
883.0,24.0,2.7320288368956568e-05,0.0005200855242046424,1.3156422847019698,3.0078079588364768e-09,5.7291580168313844e-08,"[0.8808864385461153, 1.7503981308578243]",0.18666476954447653,0.2854407791892396,0.7352930942535796,"[-0.15584054805354963, 0.5291700871425027]",23.286993101421288
884.0,24.0,0.0014122161399694746,0.005876887806781001,1.3872811731973618,2.2810732255601807e-05,9.484074926942505e-05,"[0.7453117784998791, 2.0292505678948443]",0.3609170058933291,0.13750940581254073,0.5319010823051668,"[-0.1153944015674036, 0.8372284133540617]",22.6213985871876
885.0,24.0,3.465081296644458e-07,0.00010500246353468055,1.1569283909848596,2.0154859503938777e-15,6.10753318301175e-13,"[0.8713582435653295, 1.4424985384043896]",-0.16193169215748782,0.2150708183037051,0.6542767589910653,"[-0.4179367896797703, 0.0940734053647947]",0.6185335020023829
886.0,24.0,0.00027018231382806775,0.001945157046998328,0.887224385633997,7.730918562039502e-07,5.565816099380492e-06,"[0.5353600346597613, 1.2390887366082326]",-0.24888578250695925,0.23439408765704262,0.675980281718279,"[-0.6591125705836909, 0.16134100556977243]",0.9506736612306466
887.0,24.0,0.0017410312000027035,0.006843676100639557,0.7404014076364769,3.378184359313358e-05,0.00013277725753293323,"[0.3904163944030607, 1.090386420869893]",-0.23672557782236758,0.3428731010012973,0.7835515434786378,"[-0.7258893177571106, 0.2524381621123754]",0.9042251008011589
888.0,24.0,0.003978191020627023,0.012512997896386744,1.1450345318086714,0.00015110054443083745,0.00047530841280540246,"[0.5527737266199982, 1.7372953369973447]",0.1685467466151751,0.5379667261064186,0.8892239089696594,"[-0.3678237601082619, 0.7049172533386121]",23.356198851219304
889.0,24.0,0.015464475214273805,0.03770903490434968,0.9293588143044108,0.0014546607379131943,0.003546223154347134,"[0.35720105765547594, 1.5015165709533456]",0.2535075659471353,0.4351749209025312,0.8422197037014344,"[-0.3832002095140268, 0.8902153414082974]",23.031672426439652
890.0,24.0,0.0024193512605737003,0.008646716442364906,1.1519647434447948,6.193889989252689e-05,0.00022152682364995308,"[0.5882592587770034, 1.7156702281125864]",-0.005427340663592517,0.9833114117376426,0.9971100704756963,"[-0.5139659899344599, 0.5031113086072748]",0.020730914266905518
891.0,24.0,0.009053725949794972,0.023989734896118102,0.8287904423291153,0.0006120429682897459,0.0016217354750655696,"[0.35468220938863665, 1.302898675269594]",0.1989141272326549,0.5106846880751144,0.878165481881163,"[-0.39379058112058907, 0.7916188355858989]",23.240204001602706
892.0,24.0,0.007189499127474113,0.019849528237090318,0.9369772560680079,0.00041671887049585346,0.0011508391894389767,"[0.4166301725488415, 1.4573243395871742]",-0.08856458504593423,0.7634528255890332,0.9565635162989086,"[-0.6653499343949474, 0.4882207643030789]",0.3382917958306317
893.0,24.0,0.4667413984402354,0.7297871714561623,0.36259903457509574,0.20924628820047952,0.32715179518524007,"[-0.20339176200976866, 0.9285898311599601]",-0.4317664186101613,0.5969718774598926,0.9102956350410072,"[-2.032202277931866, 1.168669440711543]",1.6492262347894004
894.0,24.0,0.06585372589508466,0.13779812909622235,0.6298665103290021,0.013005667849331493,0.027214203493056064,"[0.1328022933672781, 1.126930727290726]",0.3670680725073421,0.37562556847782835,0.8058196345601851,"[-0.4449548613539356, 1.1790910063686197]",22.597903243421815
895.0,24.0,0.06593520536663819,0.13793976018125145,0.5283294787725485,0.01302768007702903,0.02725456083060467,"[0.11129288509523322, 0.9453660724498638]",0.35751872712990806,0.38851891290283425,0.8129569926917439,"[-0.4550970681540729, 1.170134522413889]",22.634379055904464
896.0,24.0,1.9804742983975886e-05,0.00043885497354344434,1.438794029612354,1.2551576588734933e-09,2.7830546759944418e-08,"[0.9744487914152701, 1.903139267809438]",0.07267772793333638,0.6709203720076619,0.9335673496623571,"[-0.2625792611478585, 0.40793471701453127]",23.722391528321317
897.0,24.0,5.9883526166922e-05,0.0008151517773106611,1.2133856644292793,2.278875312052071e-08,3.104734757564129e-07,"[0.7879012517867907, 1.638870077071768]",0.19888925470819263,0.28330552756602057,0.7333821578204002,"[-0.16443193834188713, 0.5622104477582723]",23.240299007647874
898.0,24.0,0.004901064781190637,0.01465191264929936,0.795393243699654,0.00021777442762840781,0.0006512393170705976,"[0.373767179537725, 1.217019307861583]",0.30118612474955686,0.28064559543385303,0.7308792065649767,"[-0.24597326264055408, 0.8483455121396678]",22.849553746929978
899.0,24.0,0.00032658693361511167,0.002187454344374492,1.169940544969094,1.1627319182416666e-06,7.796862150757967e-06,"[0.6983042660869252, 1.641576823851263]",0.06721689643155315,0.753085472276702,0.9552799279805988,"[-0.35158087131474297, 0.4860146641778493]",23.743250368166937
900.0,24.0,0.0006716718911438226,0.0035332556083315235,0.96080596951317,5.299819467903475e-06,2.784981328378074e-05,"[0.5471602420671628, 1.3744516969591771]",0.4201725747582481,0.06226757685302574,0.36260577157681145,"[-0.02154030051629008, 0.8618854500327863]",22.395058986613822
901.0,24.0,0.004342647163653027,0.01335788115549993,0.9020824101540491,0.00017595046942902378,0.0005415526913789589,"[0.4307606118619981, 1.3734042084461002]",-0.05412694092728643,0.8450615899512618,0.9708072590103425,"[-0.5969837213493459, 0.488729839494773]",0.20674968487249565
902.0,24.0,0.002314547393928856,0.008368793784510234,1.2126648862256093,5.711791334893488e-05,0.00020664946942451114,"[0.6220743442485251, 1.8032554282026934]",-0.006258451437338941,0.9806644614731134,0.9969040046072112,"[-0.5123816600357233, 0.4998647571610454]",0.023905523576473676
903.0,24.0,0.0013305276430724178,0.0056249138289451725,1.2193629163627908,2.026997447987886e-05,8.56719124255235e-05,"[0.6586013726365993, 1.7801244600889823]",0.19169762524837886,0.4304888360032243,0.8389751037742516,"[-0.28489000165995054, 0.6682852521567082]",23.267769008705827
904.0,24.0,0.0010419973225984942,0.004757648943028551,1.0068871970810302,1.261067586475146e-05,5.763563009484214e-05,"[0.5549582010885896, 1.4588161930734709]",0.11850858155271382,0.6181323777247492,0.9174210890671123,"[-0.34743529045752297, 0.5844524535629506]",23.547330562729837
905.0,24.0,0.011031114378043926,0.02821978607839326,0.9077375765121274,0.0008502638185573429,0.0021751440740786464,"[0.3744069724679684, 1.4410681805562864]",0.5423176525916773,0.0755865207277239,0.4017443958557029,"[-0.05587566502902663, 1.1405109702123812]",21.92849915673699
906.0,24.0,0.2221391750779389,0.4155240835726504,0.629559128467857,0.07262339283334195,0.13584622677392807,"[-0.05778485394196353, 1.3169031108776776]",0.31594882937554214,0.5824219341988186,0.9046577798681021,"[-0.8102633921678504, 1.4421610509189347]",22.793164368978832
907.0,24.0,0.006808352977036803,0.019050478780369442,1.0032977572337767,0.0003808990294507916,0.0010660482212448688,"[0.4498385164841642, 1.5567569979833893]",-0.22975953367386026,0.4303116184725826,0.8388140710966522,"[-0.8007549649209351, 0.3412358975732146]",0.8776167721604073
908.0,24.0,0.008058698542979598,0.021786154482237356,0.9699668700634119,0.0005040526921403904,0.0013626728633154648,"[0.42345283514973464, 1.516480904977089]",-0.007963080637193087,0.9787350841909476,0.9963708482041612,"[-0.5934998535611705, 0.5775736922867843]",0.03041672749556735
909.0,24.0,0.00010413866314865913,0.0010985091049436617,1.156553831163974,8.88444347820203e-08,9.361900398526902e-07,"[0.7327077713237583, 1.5803998910041899]",-0.5381772269158498,0.004710309071782814,0.07291500111118907,"[-0.9114013693508755, -0.16495308448082413]",2.055685582155507
910.0,24.0,0.09552395970503559,0.19454981609986882,0.640375581238249,0.022148353459552537,0.0451086628504125,"[0.0917675827344937, 1.1889835797420043]",0.2422585340322767,0.5921732356297916,0.908193718744134,"[-0.6441095889025633, 1.1286266569671168]",23.074640563261607
911.0,24.0,0.003769873211310938,0.011994505922083797,0.9368998312119872,0.00013730410806450674,0.00043720306106663894,"[0.4553099925959567, 1.4184896698280176]",0.050541428920055864,0.8528566260490561,0.9709205669957378,"[-0.4835438924825891, 0.5846267503227008]",23.80694596215469
912.0,24.0,0.03217616685189081,0.07214387186522603,0.8217167615346571,0.004518418335906318,0.010131034702941135,"[0.2545271821844949, 1.3889063408848195]",0.35250831246140724,0.3310283351874278,0.7726587671904179,"[-0.3582652052381432, 1.0632818301609577]",22.65351743017883
913.0,24.0,0.06015746955210352,0.12680748219246105,0.7190298630628091,0.011394441085584421,0.024018636352412356,"[0.16208512569783273, 1.2759746004277854]",-0.26127773247438757,0.5225313021874196,0.8835497162452141,"[-1.0621163670981881, 0.539560902149413]",0.9980074234353746
914.0,24.0,0.014252535417079026,0.03517407556041221,0.7324269009758221,0.0012756127543918888,0.0031481065014607322,"[0.2868052312631574, 1.1780485706884867]",-0.09623844567695894,0.7652967286397292,0.9575323787835143,"[-0.7280753450271656, 0.5355984536732478]",0.36760378427925267
915.0,24.0,0.07672745006953073,0.1590206219057632,0.4415472500608176,0.016176191350511505,0.033525785182407265,"[0.08169402804430292, 0.8014004720773322]",-0.060646908068090255,0.888356099006742,0.979163537493745,"[-0.9073617754293862, 0.7860679592932057]",0.23165412485463152
916.0,24.0,0.0027034571149614148,0.009349412375824775,1.1417554424135248,7.58103632065902e-05,0.0002624103953153001,"[0.5762650889062709, 1.7072457959207785]",0.062401364054418096,0.8121226511583756,0.9656985281831257,"[-0.4521560976481902, 0.5769588257570264]",23.7616443469215
917.0,24.0,0.002314808360795531,0.008368793784510234,0.9152948701040193,5.731378282424358e-05,0.00020720818085409826,"[0.46943983268641776, 1.361149907521621]",0.2642265161072377,0.3037623714050117,0.7514276816848787,"[-0.23934715683008967, 0.767800189044565]",22.990729052773986
918.0,24.0,0.01474990982241039,0.03618721742495189,0.8942503102759188,0.0013479644367457879,0.003307888188333222,"[0.3474833428759897, 1.441017277675848]",-0.1637911001546355,0.6126747740398963,0.9164376456696585,"[-0.7979024868643309, 0.47032028655505986]",0.6256359173776787
919.0,24.0,1.4949824320849673e-08,4.6959787989594754e-05,1.7075069516160926,1.3445165155410471e-21,8.628469674116914e-18,"[1.3569352027448855, 2.0580787004872994]",-0.37120760970959576,0.0005718955891576336,0.01833140245497695,"[-0.5824230199561229, -0.15999219946306859]",1.417908623966621
920.0,24.0,0.0002768119176585689,0.0019786412984886983,1.1955566616411335,8.125211125070907e-07,5.812025125229547e-06,"[0.7204778887536787, 1.6706354345285883]",-0.11473252394629707,0.5856937368863888,0.9069222328018148,"[-0.5272751950804735, 0.29781014718787935]",0.43824595966709834
921.0,24.0,0.0005171104819569294,0.002971962305452036,1.2030647186344254,3.073522264254124e-06,1.7684247780518548e-05,"[0.6976977759390531, 1.7084316613297976]",-0.08998552858408093,0.6860212284574786,0.9372486972514004,"[-0.5262597392891186, 0.3462886821209567]",0.34371940034144455
922.0,24.0,4.7677337461455497e-07,0.00011087752898012906,1.2474418529258706,6.917228692346717e-15,1.608657835429469e-12,"[0.933423629283739, 1.5614600765680022]",0.12347143601852029,0.354374364983592,0.7924292598023077,"[-0.13782830164938242, 0.384771173686423]",23.52837385504795
923.0,24.0,8.391910546763772e-05,0.0009735395065851244,1.1630953157813733,5.2130926326228197e-08,6.050977637411107e-07,"[0.7443456559371249, 1.5818449756256217]",0.1424849272905062,0.45473127423452986,0.8517161907370853,"[-0.23108888526650828, 0.5160587398475207]",23.45574766813504
924.0,24.0,0.0001296935319150939,0.0012530776030443855,1.277675000598073,1.4645428479598896e-07,1.4150172444056905e-06,"[0.8013168262483414, 1.7540331749478046]",0.0012626808949640633,0.9949037143829167,0.999042938587908,"[-0.3861956909984998, 0.38872105278842795]",23.99517691425645
925.0,24.0,0.035269291389461804,0.07820241993228781,0.882724292105281,0.005173082342189001,0.011472792952293193,"[0.26395652841530093, 1.5014920557952611]",0.018931426340988544,0.9593761356742874,0.9938808419181301,"[-0.7095231733817433, 0.7473860260637204]",23.927687278033236
926.0,24.0,2.0691345735147656e-05,0.00044070996318830403,1.2288605730827333,1.4265431015509854e-09,3.0481690204080884e-08,"[0.8309192054954935, 1.6268019406699732]",0.2940931793400585,0.08472361125400625,0.4244669902505323,"[-0.04026949024802934, 0.6284558489281464]",22.876646802682043
927.0,24.0,0.006539241576698128,0.01849835857050197,0.9187318747445284,0.0003556369512836738,0.0010063297998972095,"[0.41447890688819333, 1.4229848426008636]",-0.1880226102156115,0.5171003653640592,0.8811227277424873,"[-0.7568791655186682, 0.38083394508744517]",0.7181934678925265
928.0,24.0,0.00017964272646970567,0.0015134180831483208,1.147870099757994,3.1009421665572493e-07,2.61496811741958e-06,"[0.7082192676912966, 1.5875209318246915]",0.0924154910621553,0.6488533774188421,0.9299133911664488,"[-0.3053637473777452, 0.4901947295020558]",23.646998826700635
929.0,24.0,0.00025666842935558195,0.0018817333530467887,1.5022904243440658,6.902355383919687e-07,5.063712317874077e-06,"[0.9091435445024697, 2.095437304185662]",-0.2250603433434355,0.2805086561195911,0.7308719544543801,"[-0.6338070152797357, 0.18368632859286466]",0.8596671872896057
930.0,24.0,0.00022707697512064855,0.0017485762166692136,0.9422930500943345,5.334398951447048e-07,4.103383808805422e-06,"[0.5739433075640248, 1.3106427926246442]",-0.603590620998137,0.002833824445988755,0.05328883800749113,"[-0.9998827883510797, -0.20729845364519428]",2.3055463424582463
931.0,24.0,4.3394708253142696e-05,0.0006748788219773359,1.4829338225717295,1.0088944700152657e-08,1.56904272164116e-07,"[0.9756233253037434, 1.9902443198397155]",0.1809927720963973,0.31716638336932046,0.7602537785596664,"[-0.1736409121001693, 0.5356264562929639]",23.308658535766885
932.0,24.0,0.05421214545299458,0.11539409419539078,0.5296170340307839,0.00980011467891802,0.020860184501741208,"[0.12771640680929186, 0.9315176612522759]",0.35595689801872954,0.3718712766174148,0.8038721932931578,"[-0.4253233667293963, 1.1372371627668554]",22.640344803663876
933.0,24.0,0.01139769743661449,0.02897965277552629,0.9010879365997989,0.0008963349878211795,0.002278431590801168,"[0.3693212345726158, 1.432854638626982]",0.5282624759142474,0.08514622308534107,0.4251236536262876,"[-0.07314866904232031, 1.1296736208708151]",21.98218597699882
934.0,24.0,0.001856715323337146,0.007168785032189753,0.9572065623706234,3.8012265453408035e-05,0.0001467655036811121,"[0.5017608982045829, 1.412652226536664]",-0.08921643708712423,0.7234533921770356,0.9484629638926688,"[-0.5833873656486501, 0.40495449147440166]",0.34078168721911006
935.0,24.0,0.0005276183019049406,0.0030063720906264423,0.9523489573412793,3.2161265144707507e-06,1.8325507204961545e-05,"[0.5514974311768468, 1.3532004835057119]",-0.262421684838511,0.23722492800161987,0.6791847408833963,"[-0.6975808531466572, 0.17273748346963513]",1.0023769995972605
936.0,24.0,0.0003090852330521779,0.002114126081068248,1.2430721859955096,1.0324435456464087e-06,7.067155509174206e-06,"[0.7443615857155155, 1.7417827862755038]",-0.08391296924465586,0.6930770812453214,0.9381119128929635,"[-0.5006183451689589, 0.33279240667964716]",0.320523932275324
937.0,24.0,0.08887084791578452,0.1822991752118657,0.6337595522940915,0.019963194563359966,0.040950142694071726,"[0.0999713575725647, 1.1675477470156184]",0.006433741984837482,0.9885057184477574,0.997608546444396,"[-0.8688622489700252, 0.8817297329397001]",23.975424915852845
938.0,24.0,0.00010429433867547238,0.0010989919776129861,1.427211870951985,8.787881631442383e-08,9.26991733274513e-07,"[0.9043702446976152, 1.9500534972063548]",-0.1714841577112356,0.3762561959376889,0.8059627565530977,"[-0.5513405307315562, 0.208372215309085]",0.6550212326806394
939.0,24.0,0.027770761709077576,0.06341804455144456,0.7680784272604743,0.003626646970257216,0.00828001591382926,"[0.250566985823209, 1.2855898686977394]",-0.6111021513803223,0.07935298077955308,0.40988109906793946,"[-1.293786990160732, 0.07158268740008722]",2.33423827503048
940.0,24.0,0.002368653985113588,0.008514212743039496,1.1967173585864441,5.959928915571345e-05,0.00021423180861147897,"[0.612438825148287, 1.7809958920246012]",-0.06478010680676771,0.8023424827019596,0.9644549957475566,"[-0.5720043649692307, 0.44244415135569526]",0.24744178109563242
941.0,24.0,0.002220471828009977,0.008169506357652602,1.0060906385615864,5.2932284305637444e-05,0.00019474718287578163,"[0.5182724328517485, 1.4939088442714243]",-0.040832753255449994,0.8737892119865792,0.9753998944222592,"[-0.544654631403485, 0.46298912489258504]",0.15596962849575716
942.0,24.0,0.214792130337848,0.4038964466676344,0.4717660867709535,0.06922913358645803,0.13022786603923633,"[-0.03714117065069483, 0.9806733441926019]",0.1475419235998654,0.7961118933740099,0.9628316126547152,"[-0.9716403207414293, 1.26672416794116]",23.43643136509907
943.0,24.0,0.004529162891251295,0.013787406061647776,1.0582340891112834,0.00018929070085625777,0.0005767541159544722,"[0.5026063262099678, 1.613861852012599]",-0.013912887773589233,0.960141854071356,0.9938808419181301,"[-0.5595546368905979, 0.5317288613434195]",0.0531433166843885
944.0,24.0,3.606987953729233e-05,0.0006082610377283698,1.557295766225829,6.2408364811332025e-09,1.0541953515427707e-07,"[1.0319682620487047, 2.0826232704029533]",-0.08279075093397292,0.6432827445932847,0.9269467971048314,"[-0.4331730188940193, 0.2675915170260735]",0.3162373740823618
945.0,24.0,0.00028762896324465944,0.0020260762722864993,1.3530533322068694,8.847031375543911e-07,6.234694415464349e-06,"[0.8135693903738523, 1.8925372740398865]",-0.18377507494732104,0.3834713529724213,0.8098655817791369,"[-0.5970683244090891, 0.229518174514447]",0.7019690782787923
946.0,24.0,0.07621872270469185,0.1580317700698566,0.6530009305486038,0.01605455374114924,0.0332874844311616,"[0.1214261253395491, 1.1845757357576585]",0.3558848719144079,0.4052661836434359,0.8233770492552538,"[-0.4822275483576941, 1.1939972921865099]",22.640619923116702
947.0,24.0,0.0005607502582559156,0.0031326830070162884,1.0310598313147354,3.6459393120357922e-06,2.0379761386449367e-05,"[0.5946505671859734, 1.4674690954434975]",-0.25188569107658587,0.25943142676600284,0.7076689218930793,"[-0.6896538214085428, 0.18588243925537112]",0.9621324678949621
948.0,24.0,0.0009137432877353648,0.004344951439540489,1.0311374422346549,9.736532675806214e-06,4.633419680312708e-05,"[0.5742036450716694, 1.4880712393976403]",-0.09360933826892559,0.6901381233819924,0.9373185088522442,"[-0.5538195950047056, 0.36660091846685433]",0.35756133372146
949.0,24.0,2.4205190242031258e-05,0.0004939834743271685,1.68071442250443,2.1817241229210563e-09,4.4524982100429716e-08,"[1.1301922951435115, 2.2312365498653484]",0.27329641233377,0.11355011030690804,0.4941258063834118,"[-0.06520143677218171, 0.6117942614397217]",22.956084601147193
950.0,24.0,0.00029778096791493845,0.002072240556123441,1.3113857393661836,9.517886084402834e-07,6.623441951567734e-06,"[0.7869858798560285, 1.8357855988763387]",-0.009291418665221762,0.9650465457134462,0.9938808419181301,"[-0.42485846307773484, 0.4062756257472913]",0.03549060501375225
951.0,24.0,1.682963075627647e-05,0.00041028872094084595,1.3393531497594973,8.023293242412111e-10,1.9645880188910533e-08,"[0.9121258037703132, 1.7665804957486815]",-0.1706667932730621,0.3118658589328622,0.757560761484743,"[-0.5014251481109564, 0.16009156156483223]",0.6518991305052112
952.0,24.0,0.17502788948444237,0.3375658427858098,0.5866996063822796,0.05199064672128214,0.10027125693593471,"[-0.0050580495463142805, 1.1784572623108733]",0.20089345831607464,0.7063254263852015,0.9429567332117558,"[-0.8440864306755353, 1.2458733473076846]",23.232643513780108
953.0,24.0,3.2029542013472354e-05,0.0005648949208725283,1.4534543604123558,4.576213384322421e-09,8.070923076406386e-08,"[0.9674819185297812, 1.9394268022949304]",-0.1256442280016632,0.4779722139059023,0.863077309328101,"[-0.47269798835666565, 0.22140953235333927]",0.4799255989783159
954.0,24.0,0.002620403484488692,0.009165454650187801,1.0203783217117808,7.164983580347392e-05,0.00025069921554749446,"[0.5167178138585855, 1.524038829564976]",0.07869703342474033,0.7635422664576436,0.9565635162989086,"[-0.4340247621436495, 0.5914188289931301]",23.69939947497083
955.0,24.0,5.260058680372276e-07,0.00011689019289716169,1.4666509153182141,1.0033861691720606e-14,2.2297470426045794e-12,"[1.0952014477495957, 1.8381003828868325]",-0.08618593705235877,0.5207651874759252,0.8830050096912935,"[-0.3492351235852511, 0.17686324948053356]",0.329206029765356
956.0,24.0,0.00026659339811487925,0.0019248620802518356,0.9601271863164537,7.497352250337363e-07,5.413250722265244e-06,"[0.5798102100551739, 1.3404441625777335]",-0.20237263391183813,0.3337710684621812,0.7747226475057227,"[-0.6127443045187909, 0.20799903669511466]",0.7730065208062936
957.0,24.0,0.004150527482676656,0.012896043236626381,0.8889166650959014,0.00016349015020227585,0.0005078911158815652,"[0.42673736858727757, 1.3510959616045253]",0.3980999104864642,0.14405725468942276,0.5438174959963109,"[-0.13601566594041758, 0.932215486913346]",22.479370353639315
958.0,24.0,0.007063885316842777,0.019578396110983304,0.9731563556434918,0.0004044518436079268,0.0011216079966941952,"[0.43392418911800956, 1.512388522168974]",-0.013228943655323455,0.9640857007236144,0.9938808419181301,"[-0.5890654450462524, 0.5626075577356054]",0.050530842591093465
959.0,24.0,0.008382882354224366,0.022462171367160683,0.862915535325892,0.0005382055579301902,0.0014425236074247928,"[0.3742442336114619, 1.3515868370403221]",-0.04794976096417347,0.8731040573761828,0.9752862410683755,"[-0.6363645250449592, 0.5404650031166123]",0.18315459546055232
960.0,24.0,0.053971368329141504,0.11505301285257195,0.8447108327660221,0.009715110399934251,0.020710105307896506,"[0.20444559428134468, 1.4849760712506996]",-0.08681418969699983,0.8288819425957684,0.9685463222666142,"[-0.874063379485584, 0.7004350000915843]",0.3316057780990804
961.0,24.0,6.2081707245726834e-06,0.00026530644122105485,1.4199271549063432,4.4400338695982586e-11,1.8974503716231874e-09,"[0.9975297520919169, 1.8423245577207696]",0.31489404659896447,0.0443049833626909,0.29814928238688354,"[0.008021098901533852, 0.621766994296395]",22.797193342405563
962.0,24.0,0.0019278399571240955,0.0073778796675242845,1.253188268989827,4.089472004395434e-05,0.00015650486048202961,"[0.6544596226311332, 1.8519169153485209]",-0.2699459144706706,0.28396022044828617,0.7341267333202849,"[-0.7637409268639378, 0.22384909792259655]",1.0311174397312615
963.0,24.0,0.014130061018627751,0.03491490244286571,0.8339822768921411,0.0012646665630882906,0.0031241762922141567,"[0.32696106631906663, 1.3410034874652155]",-0.47073538636920187,0.1379101968891119,0.5321286642954828,"[-1.092609873082527, 0.15113910034412348]",1.7980767270943605
964.0,24.0,0.0007887440820142729,0.003926053170802753,1.4703121443725153,7.308077329524378e-06,3.635859367922576e-05,"[0.8277096859410451, 2.1129146028039854]",0.34644438718652193,0.13147291646084222,0.5237964799236742,"[-0.1037379321693081, 0.796626706542352]",22.67667991854774
965.0,24.0,6.129967396924863e-05,0.0008173507895384916,1.3362562202258084,2.4081602176555166e-08,3.219465531625022e-07,"[0.8668807780326713, 1.8056316624189455]",-0.07540748753742843,0.6854398634056278,0.9370333060910837,"[-0.4402896390829798, 0.28947466400812294]",0.2880353853053335
966.0,24.0,0.014525145977939882,0.03570586523584042,1.0365732544986905,0.001314828112474923,0.0032337140001842666,"[0.4041981816398208, 1.6689483273575603]",0.11059156008724269,0.7321938854810888,0.9512605204558294,"[-0.5228099705882142, 0.7439930907626996]",23.577571357148905
967.0,24.0,5.316399439870312e-06,0.00024367575404235533,1.229642333783417,2.7334651919085633e-11,1.253883115554387e-09,"[0.8677863014277498, 1.5914983661390842]",0.08348740901070961,0.5924120921458642,0.9083288748019998,"[-0.2221709208190018, 0.38914573884042103]",23.681101588080256
968.0,24.0,0.008370158731436065,0.0224401038376302,1.0277973029265242,0.0005388933632386114,0.001443980072986633,"[0.4456952004599216, 1.6098994053931266]",-0.3463228323836738,0.24461263880125328,0.6899722244086041,"[-0.9297006157926685, 0.23705495102532093]",1.3228557763067426
969.0,24.0,0.00997322733475492,0.025951671440944367,0.805723734340646,0.0007167763219214481,0.001865633320982426,"[0.33893332707796897, 1.272514141603323]",-0.12017658842716461,0.6953148112077685,0.9388952763058601,"[-0.7215812485528519, 0.48122807169852266]",0.4590407542104843
970.0,24.0,0.0015065894189033265,0.00613819759316316,1.3000605648518144,2.5735563314364854e-05,0.00010495871943084528,"[0.6945661992532173, 1.9055549304504116]",0.2694992029023213,0.27251797843091174,0.7228593592331877,"[-0.2118798381529166, 0.7508782439575592]",22.970588872770477
971.0,24.0,0.00666705222806646,0.018773236483406907,1.0527593609105113,0.000369846989992524,0.0010397722518766489,"[0.4732772346219932, 1.6322414871990292]",0.543293848805309,0.05740910304766628,0.346929377190324,"[-0.01709236333210884, 1.1036800609427266]",21.924770361869143
972.0,24.0,0.013360410660596964,0.03322658706937817,0.7612745857065942,0.0011508369456602013,0.002862066514947031,"[0.30228785243183093, 1.2202613189813576]",-0.14125998493504266,0.658093200047411,0.9301211184160023,"[-0.7668755381611844, 0.48435556829109905]",0.539573396723969
973.0,24.0,0.02181669287878038,0.05114086469475007,1.013200813946689,0.0024895552466801764,0.005835806954243264,"[0.35664066817797, 1.6697609597154082]",-0.10469287500711744,0.760398312608424,0.9565482608929913,"[-0.7775541094699009, 0.568168359455666]",0.3998973255332325
974.0,24.0,0.0022486815205761445,0.008230898684392916,1.0920359509923157,5.417134075352223e-05,0.0001983571613091257,"[0.5618339972378097, 1.6222379047468216]",-0.018374612608734964,0.9430973190579494,0.9899283388510246,"[-0.5229254959382705, 0.4861762707208006]",0.07018585017789206
975.0,24.0,0.02304976168465214,0.053718202623477096,0.8347780214006201,0.00270944485576307,0.00631572227450599,"[0.28920209159084187, 1.3803539512103984]",0.03353873994018031,0.9228921230778041,0.9878688510655973,"[-0.6455999203424658, 0.7126774002228264]",23.87189145008272
976.0,24.0,0.00015309396635588649,0.0013854657588768008,1.028611803566313,2.1657957780441207e-07,1.9599961792254485e-06,"[0.6397533062247593, 1.4174703009078666]",0.31199810031666697,0.11692018723997193,0.4985346155634678,"[-0.07803398012458379, 0.7020301807579177]",22.808255042383713
977.0,24.0,0.00010931344232167943,0.001130438907152838,1.4947833707446894,9.802466827164822e-08,1.0138354092738188e-06,"[0.945152935588952, 2.044413805900427]",-0.05307705774923477,0.7853927729851304,0.9608848990282411,"[-0.43511828282074166, 0.3289641673222721]",0.20273942653355284
978.0,24.0,9.079806606845813e-05,0.0010076592585816402,1.4034806123069985,6.294270741902566e-08,6.993634157669518e-07,"[0.895042007755217, 1.91191921685878]",0.03363299262544661,0.8609943071216245,0.9723255868115467,"[-0.3428160066769141, 0.4100819919278073]",23.871531431344486
979.0,24.0,0.00030899731455427166,0.002114126081068248,1.1823771023058642,1.0434007688090538e-06,7.1270544317558315e-06,"[0.7078148005321563, 1.6569394040795722]",0.46195248990050786,0.027514581142006906,0.22225025155094433,"[0.051175171811719766, 0.872729807989296]",22.235471466209408
980.0,24.0,9.02722752245932e-05,0.0010074044498439483,1.412944732258273,6.23034082313487e-08,6.953505382963025e-07,"[0.9012504411374187, 1.9246390233791275]",-0.21423169163663225,0.26290227486370965,0.7122055216654198,"[-0.5892783612899961, 0.16081497801673156]",0.8183047845818082
981.0,24.0,4.26748128188781e-06,0.0002306746638858276,1.3576815584475959,1.3787129075440486e-11,7.452502202940803e-10,"[0.964048843257376, 1.7513142736378158]",-0.051833459617153466,0.7359337208417214,0.9523631024368666,"[-0.3530753313094059, 0.24940841207509895]",0.19798923157497877
982.0,24.0,0.018846592045843123,0.04495847339180134,0.8236004589042253,0.0019911189518631695,0.004749806659978935,"[0.30145938033207953, 1.345741537476371]",-0.43620270968007,0.18830944479058065,0.6202550882430193,"[-1.086053539178689, 0.21364811981854903]",1.6661716184558901
983.0,24.0,0.03396449675483531,0.07559425051154087,0.723585702228928,0.004893311754703697,0.010893392152056315,"[0.21960034569276088, 1.2275710587650952]",0.20366295436367832,0.580120678742946,0.903509696208661,"[-0.5178951720142227, 0.9252210807415794]",23.222064818119716
984.0,24.0,0.000406027300722578,0.0025329214018875736,1.1643740502581932,1.8694428028020168e-06,1.1660011397713624e-05,"[0.6856436193566608, 1.6431044811597255]",0.4302914009617167,0.04545588837145573,0.30183192809731557,"[0.00870023933850711, 0.8518825625849262]",22.356407917608145
985.0,24.0,0.04200701674396127,0.09171957068045752,0.8232824260122313,0.00671466917431416,0.014664051483542608,"[0.22800459054660593, 1.4185602614778567]",-0.02526637792078379,0.9474520917577803,0.9904370601691201,"[-0.7766494234755611, 0.7261166676339935]",0.09651045456289596
986.0,24.0,1.0805663069216433e-05,0.0003311127243035013,1.0998384571487252,2.3041369628638892e-10,7.0679047940610105e-09,"[0.7598082632648646, 1.4398686510325858]",0.3684276059369527,0.02320377718304413,0.201290517563984,"[0.050328538142147605, 0.6865266737317577]",22.592710208246906
987.0,24.0,0.0002499451901551876,0.0018500754267593458,1.1901393654353642,6.600447148235518e-07,4.885601145992242e-06,"[0.7210582724568376, 1.6592204584138908]",-0.6349206253086663,0.0017992186240388041,0.0395432664623913,"[-1.0335798542861547, -0.23626139633117782]",2.4252181437329137
988.0,24.0,0.0027102660503822876,0.009354450511990464,1.0476026184939462,7.615224390702507e-05,0.00026296987359193154,"[0.5286033883082722, 1.5666018486796203]",0.052835401970154905,0.8405579756137831,0.9708072590103425,"[-0.4619055324245024, 0.5675763363648122]",23.798183630548863
989.0,24.0,5.83482043108575e-05,0.0008048028180807932,1.2856914228867613,2.1387250822587697e-08,2.9499656307017515e-07,"[0.8357388718935677, 1.735643973879955]",-0.23585909418934747,0.20181549210944916,0.6358396096706023,"[-0.5980313751188753, 0.12631318674018033]",0.900915377121878
990.0,24.0,1.3991962055700475e-05,0.0003733662596979804,1.2992511496299541,4.763428514494275e-10,1.2730613883706409e-08,"[0.8902892787610728, 1.7082130204988355]",-0.04838841561615226,0.7718324903175866,0.9589249382121035,"[-0.3754453123003953, 0.2786684810680908]",0.18483013280869662
991.0,24.0,0.0070529933061305025,0.01955904965649058,0.8256255956573835,0.00040370534593816757,0.0011198483937258463,"[0.36820425836827314, 1.2830469329464937]",-0.1393451777475141,0.634750582245279,0.9235422410086993,"[-0.7142550235467366, 0.43556466805170846]",0.5322593720288555
992.0,24.0,0.0065151211291854865,0.018456433793726593,1.036908991833438,0.000353376866118324,0.0010010676094003514,"[0.4680595287912378, 1.6057584548756383]",0.17814984070809814,0.5392647313912975,0.8896052435427867,"[-0.3905957486236744, 0.7468954300398707]",23.31951773376654
993.0,24.0,0.0017520376475140171,0.006865351283362136,0.9024495859470887,3.4090342001448524e-05,0.00013363520972735604,"[0.4756505915951409, 1.3292485802990366]",-0.0335340037353582,0.8936087889176929,0.9795465253756226,"[-0.5249787609026617, 0.45791075343194526]",0.12809045894746415
994.0,24.0,0.02052182185497842,0.04843479314368284,0.8743147212207877,0.002265106880368608,0.0053472778101241935,"[0.3130358850876961, 1.4355935573538794]",-0.15772816604098683,0.6424624524526988,0.9268447820839142,"[-0.8236102797699468, 0.5081539476879732]",0.6024772149658146
995.0,24.0,0.005143169097408066,0.015234505620284557,0.9006046290601251,0.0002359254629614464,0.000699038408774656,"[0.42056178060644095, 1.3806474775138091]",-0.09675455764420704,0.7319073103563962,0.9512605204558294,"[-0.650290069424211, 0.4567809541357969]",0.3695751867778867
996.0,24.0,0.030949857187416524,0.06976974117992904,0.7659310425114618,0.00424911191133523,0.00957870133303704,"[0.2408625696494191, 1.2909995153735045]",-0.017148230007694387,0.962371400087391,0.9938808419181301,"[-0.7295554484049095, 0.6952589883895207]",0.06550141370403198
997.0,24.0,0.08856385695257486,0.18170672333314497,0.6930715842707484,0.019881618636785864,0.04079117488056189,"[0.10971238833472075, 1.276430780206776]",0.2216376496818242,0.6181533644018831,0.9174210890671123,"[-0.6498340491736415, 1.0931093485372898]",23.15340653946883
998.0,24.0,0.0008346099423335204,0.0040792274796359745,1.477737928167482,8.136011745815634e-06,3.979975575860251e-05,"[0.8285693633712675, 2.1269064929636965]",0.11311090790756495,0.6269111620153001,0.920090014308269,"[-0.34297402888416534, 0.5691958446992953]",23.567948157333575
999.0,24.0,0.00423363132522116,0.013107217725142908,0.9505210323699977,0.00016841876295533835,0.0005214203187471775,"[0.4553367779533246, 1.4457052867866709]",-0.1315045494627567,0.6335742232790498,0.922680123566674,"[-0.6721863449552874, 0.409177246029774]",0.502310378065689
1000.0,24.0,0.000706440247246701,0.003667914056317243,0.9632666664128526,5.82019939948198e-06,3.0234802075231064e-05,"[0.5467557841112709, 1.3797775487144344]",0.07621146528983669,0.7394660736563823,0.9524292550958041,"[-0.37294510276362897, 0.5253680333433024]",23.708893645892307
1001.0,24.0,9.109239697578027e-05,0.0010076592585816402,0.9995909237945542,6.378843325069462e-08,7.050816912921372e-07,"[0.6373092629727748, 1.3618725846163335]",0.26371709931574827,0.16773900153005283,0.5867051470096287,"[-0.11096504398474788, 0.6383992426162444]",22.992674881585017
1002.0,24.0,0.0005797916098670991,0.0032014997783936998,1.1536607020010659,3.902965518048921e-06,2.1587198661775004e-05,"[0.663865103357771, 1.6434563006443605]",0.2316560656203306,0.30148582429644,0.7501149821647681,"[-0.2077695494592669, 0.671081680699928]",23.115139009423295
1003.0,24.0,0.001018595358670558,0.004678894619524841,1.1557026335840361,1.2135239806171253e-05,5.574294812205445e-05,"[0.6379743962179867, 1.6734308709500856]",0.37380128493381193,0.1118483123187966,0.49103821403013537,"[-0.08699410314205064, 0.8345966730096746]",22.572184266448364
1004.0,24.0,0.0005097404713378748,0.0029381730847622438,1.002505952493244,2.988296666729632e-06,1.7223611911986353e-05,"[0.5819078573650294, 1.4231040476214587]",0.18522513397534723,0.40382164803391696,0.822520795762232,"[-0.24964296654435253, 0.6200932344950469]",23.292492104231158
1005.0,24.0,0.0018446757310965514,0.007125051105046548,1.213677361082729,3.7538357523579615e-05,0.00014499172469517038,"[0.6366059622981911, 1.7907487598672667]",0.016139405029179876,0.9489554192840035,0.9908684119057948,"[-0.47797721575584956, 0.5102560258142093]",23.938352013865053
1006.0,24.0,0.0009739765739036033,0.004536453534716364,0.985339744802187,1.1037397059772432e-05,5.140846324998804e-05,"[0.5460027141172197, 1.4246767754871543]",-0.008439842554701649,0.9715220349023169,0.9946639642340541,"[-0.4718027915740595, 0.4549231064646562]",0.03223782387595434
1007.0,24.0,0.00021428969819698118,0.001696672194750445,1.3032834635247807,4.661888067520792e-07,3.6882025850639176e-06,"[0.796433176742463, 1.8101337503070987]",0.4329051114076119,0.033336358808505905,0.2525481727917114,"[0.03418568394785393, 0.8316245388673699]",22.346424279113542
1008.0,24.0,0.0012130542722103936,0.005287943645206598,0.8899117710133004,1.69333143556782e-05,7.386605540648063e-05,"[0.48446498640385155, 1.2953585556227494]",-0.02333244704842663,0.9230527687574346,0.9878688510655973,"[-0.49678948465720185, 0.4501245905603486]",0.08912338277248805
1009.0,24.0,0.0099613609695026,0.025931380111360276,0.8266578184770362,0.0007161452269790406,0.0018649615285912513,"[0.3477736374471504, 1.305541999506922]",-0.21488619180634672,0.4826550033085252,0.8657488848583411,"[-0.8148092043489064, 0.3850368207362129]",0.8208047910761572
1010.0,24.0,0.002495200791757602,0.008848229758005682,0.9036374667353066,6.558457087610674e-05,0.00023273446017071234,"[0.45994931041098863, 1.3473256230596247]",0.13442558502115354,0.6051188401350164,0.9129671430493577,"[-0.375133532839257, 0.6439847028815641]",23.486532087980727
1011.0,24.0,0.033161477667118924,0.07405421542456214,0.679130610800764,0.004717292847624841,0.010536727379103956,"[0.20807665894253607, 1.150184562658992]",0.12221106095041723,0.7393759176694312,0.9524292550958041,"[-0.5977881704881202, 0.8422102923889546]",23.533188133181667
1012.0,24.0,0.009326093702744164,0.024607107395103335,0.7402171358106484,0.0006452557470974507,0.0017016238056367372,"[0.3149925628492842, 1.1654417087720126]",0.43689043380862636,0.14587927504503478,0.5467738944716447,"[-0.15193152499859142, 1.0257123926158442]",22.331201468875072
1013.0,24.0,0.007800695549217458,0.021214836957349624,0.8995653262177918,0.00047776584931881846,0.0012996894703993973,"[0.3947972302200511, 1.4043334222155326]",0.1266185809581808,0.6700375301019912,0.9333950467214768,"[-0.4558031431656515, 0.7090403050820131]",23.51635264687738
1014.0,24.0,0.0010001661909597045,0.004617572442103899,1.2357688074683986,1.176336834305612e-05,5.428411787289395e-05,"[0.6830298412781518, 1.7885077736586452]",-0.5387441478259545,0.020442469331458712,0.1866442134454761,"[-0.9942496231021677, -0.08323867254974127]",2.0578510605199543
1015.0,24.0,0.00021999702245272944,0.0017133724490087964,1.3520351131036727,4.888305074370202e-07,3.8100585147078737e-06,"[0.8252756796578998, 1.8787945465494458]",-0.029427884312263508,0.886714877699091,0.978668406393285,"[-0.43429011523494054, 0.3754343466104135]",0.11240623807279627
1016.0,24.0,0.00042914370542305563,0.002619924941532696,1.3172354612204642,2.09898847653694e-06,1.2790910886879585e-05,"[0.772985204430955, 1.8614857180099733]",-0.4007134908104888,0.06422032820462523,0.36921330413233866,"[-0.8250969284532135, 0.023669946832235833]",1.5306127878263538
1017.0,24.0,1.5689303179984442e-06,0.00016515055978930993,1.5028776494656932,5.269178065236089e-13,5.546503226564304e-11,"[1.0947983130813361, 1.9109569858500504]",-0.4361953317749272,0.00212910381245644,0.04444893136652276,"[-0.7145276026915188, -0.15786306085833557]",1.6661434369341348
1018.0,24.0,0.0026800037358818657,0.009302338548704844,1.0307722750856496,7.495808359207565e-05,0.0002601807830339314,"[0.52059801764605, 1.5409465325252492]",0.33192117033691915,0.2022502980894837,0.6360361539397172,"[-0.17825025747573398, 0.8420925981495723]",22.732154520576778
1019.0,24.0,0.004534078243811882,0.013798168727364217,0.8230309059088768,0.0001896463951699495,0.0005774859779840118,"[0.3908422791484744, 1.2552195326692792]",-0.004515272274735693,0.9870614777963814,0.9971100704756963,"[-0.5502334067388379, 0.5412028621893665]",0.01724706964631933
1020.0,24.0,0.005485349117689581,0.016034344103155747,1.0316591547964258,0.0002635197532412328,0.0007703003602491459,"[0.477492663307719, 1.5858256462851326]",0.10403989088983057,0.7146719192162803,0.9463672813293932,"[-0.4537300086795749, 0.661809790459236]",23.60259689006741
1021.0,24.0,0.001060991462205698,0.004824881592567976,1.2491757393683018,1.3135332851568831e-05,5.965182948033075e-05,"[0.6873514465446724, 1.8110000321919313]",-0.35492501896903583,0.13303890331375842,0.5262614846272089,"[-0.8179981686353535, 0.10814813069728174]",1.3557137087017626
1022.0,24.0,0.03161199053190158,0.07103818097056534,0.7635788202186036,0.004390583405385094,0.009866479562663134,"[0.23821080836857655, 1.2889468320686306]",0.17377244880217457,0.6330577161159647,0.9225076521048452,"[-0.5396085808610334, 0.8871534784653825]",23.336238139198816
1023.0,24.0,0.002349779914588756,0.00846157693406106,0.9229087551651555,5.8832764991327875e-05,0.00021193359146731944,"[0.4726553504700302, 1.3731621598602808]",0.1996240425238467,0.4389040869678815,0.8451378487968474,"[-0.30584508892135065, 0.705093173969044]",23.237492324936234
1024.0,24.0,0.0002965635801429446,0.0020652059898533747,1.3437429106597425,9.436901109588911e-07,6.576237707030601e-06,"[0.8065879085473456, 1.8808979127721392]",0.07042738428635253,0.7395878233100784,0.9524633912557353,"[-0.34484174435882375, 0.4856965129315288]",23.730987207883068
1025.0,24.0,0.009039200384614135,0.023957711238091647,1.0854478932696603,0.0006099155741961747,0.0016165268332790212,"[0.4646904998161502, 1.7062052867231703]",0.12441951044842714,0.681221570094632,0.9356843168376249,"[-0.4692019198185404, 0.7180409407153947]",23.524752477481417
1026.0,24.0,3.6074992222534963e-06,0.00021220583660314682,1.5431344078794063,8.239086495691428e-12,4.846521468053781e-10,"[1.1005907837791784, 1.985678031979634]",0.3881263103993646,0.009858402112045483,0.11764067406615296,"[0.09336253908792325, 0.682890081710806]",22.517466699742123
1027.0,24.0,4.788144322662888e-05,0.000713656361672168,1.133331009042031,1.2995338658320039e-08,1.9396027848238863e-07,"[0.7426805228595028, 1.5239814952245592]",-0.23546473439454196,0.19575098866345209,0.628212415479628,"[-0.5921809263442472, 0.12125145755516337]",0.8994090336650779
1028.0,24.0,0.0020153768457636173,0.007630905566400434,0.947021783103451,4.4507488037647146e-05,0.00016839760892034487,"[0.49239380628918905, 1.401649759917713]",-0.36030196318058216,0.1529743763722138,0.5636491391754378,"[-0.8544429963297357, 0.13383906996857137]",1.3762521227016895
1029.0,24.0,0.0004747998410422756,0.0028144626025031158,1.2575285783850756,2.584579780931279e-06,1.5320567758928744e-05,"[0.7332716660023536, 1.7817854907677977]",0.28482188723804125,0.19485293596514397,0.6277478607124484,"[-0.14580112950197427, 0.7154449039780568]",22.91206052988728
1030.0,24.0,0.00043544212299658,0.0026454563973060756,0.9102486591449486,2.150854907808964e-06,1.3067162258863694e-05,"[0.5337631910051677, 1.2867341272847295]",0.2024267352642788,0.35449352697078684,0.7924334095395654,"[-0.22607036263543473, 0.6309238331639924]",23.226786827249654
1031.0,24.0,2.5101111220817528e-05,0.0005020222244163505,1.1435957948240516,2.391064005658506e-09,4.782128011317011e-08,"[0.7680709658815383, 1.5191206237665649]",-0.10049148199026536,0.563526221572854,0.897274934025387,"[-0.4414811863633847, 0.24049822238285395]",0.3838491863371418
1032.0,24.0,0.0001754802851771342,0.001489645884355978,1.0510988528232654,2.942092634014173e-07,2.4975319473804522e-06,"[0.6492911675603504, 1.4529065380861805]",0.12981969011439798,0.5213263232409243,0.8831548758951792,"[-0.2669384912359524, 0.5265778714647484]",23.50412531058325
1033.0,24.0,0.00800518916933689,0.02166492332702812,0.9354718657519895,0.0004985939186206919,0.0013493746106108034,"[0.4088352014361849, 1.462108530067794]",-0.07097324392653359,0.8119908118387089,0.9656985281831257,"[-0.6557956392294444, 0.5138491513763772]",0.27109782235619184
1034.0,24.0,0.7206795679755832,0.9119063241497952,0.22795123145501694,0.41490576039020866,0.5250334721919626,"[-0.3200447663126179, 0.7759472292226518]",-0.2776241389278358,0.8266003660735016,0.9678027936699469,"[-2.7615277645685254, 2.206279486712854]",1.0604460967679075
1035.0,24.0,0.005122424413964923,0.015182052204993845,1.1630017226660248,0.00023552063876269207,0.0006980457580399884,"[0.5431690967257775, 1.782834348606272]",0.40652267381388985,0.1453977102510383,0.5460804722256212,"[-0.14071625257300335, 0.953761600200783]",22.447197767606045
1036.0,24.0,0.0034846454896173625,0.011277169869311853,0.9304586815589658,0.00012038252938254821,0.0003893354766576592,"[0.4562060185529397, 1.404711344564992]",-0.47720754261384446,0.07270604884990467,0.39407072547373806,"[-0.9983667520495801, 0.04395166682189122]",1.8227985429055114
1037.0,24.0,0.0022981832978878837,0.008335811744243322,1.2034818415371202,5.638921573413098e-05,0.00020475386976808634,"[0.617803252243649, 1.7891604308305915]",-0.058271481829931915,0.8212914502713516,0.9661320257397701,"[-0.5638844549713485, 0.4473414913114847]",0.22258066498855747
1038.0,24.0,7.9820421460702e-07,0.00012374671217748142,1.3910119174564057,4.725926705335849e-14,7.622462427961047e-12,"[1.0293944696777033, 1.7526293652351081]",0.11877815893572308,0.38834147612847913,0.8128805960587455,"[-0.15109557766871423, 0.3886518955401604]",23.546300852976596
1039.0,24.0,0.0008679320842316906,0.004181369700497511,1.0539301242614008,8.804795750800244e-06,4.243275060626624e-05,"[0.5891736834401894, 1.518686565082612]",0.179265947452957,0.44214799409381167,0.846978439121565,"[-0.27788736113481666, 0.6364192560407307]",23.315254520035438
1040.0,24.0,0.000834256356319968,0.0040792274796359745,1.1543900750902232,8.187010090321089e-06,3.9995164095364385e-05,"[0.6471156091788935, 1.661664541001553]",0.39792473240572157,0.08404182152173187,0.4223207111644817,"[-0.05349486336740611, 0.8493443281788493]",22.480039484618633
1041.0,24.0,0.03879084600765142,0.08531310607026078,0.6041119157399459,0.00597122263492118,0.013135113583196611,"[0.17345216637433136, 1.0347716651055605]",-0.2236346115860961,0.5525878355583945,0.8939184893512985,"[-0.9616806372389796, 0.5144114140667874]",0.8542212931287179
1042.0,24.0,0.00011424480271775644,0.0011596576555544488,1.3335038368158891,1.0916193068323834e-07,1.1093692142605523e-06,"[0.8413683097387967, 1.8256393638929815]",0.210365489165123,0.28074555469295537,0.7308792065649767,"[-0.17188111633317282, 0.5926120946634188]",23.196463021042227
1043.0,24.0,0.0001129171260761499,0.0011522155722056113,1.1512551721046185,1.0611828749080036e-07,1.083945735350361e-06,"[0.726790997435716, 1.5757193467735209]",0.18758916538613235,0.3359795973636257,0.7765781593921399,"[-0.19454674706789743, 0.5697250778401621]",23.283462169399535
1044.0,24.0,4.1253368922698026e-06,0.00022671526444468322,1.3526433940469735,1.2408779069139709e-11,6.81801047754929e-10,"[0.9613537501660652, 1.743933037927882]",0.10937491188470005,0.4753905219333505,0.8615157119619586,"[-0.19097553613862916, 0.4097253599080293]",23.582218610959426
1045.0,24.0,1.949286024417119e-05,0.0004370714136795862,1.1446635724074794,1.2238891910060163e-09,2.7348333844902045e-08,"[0.7754898065782025, 1.5138373382367563]",0.48267201704689544,0.004108389173492225,0.06702103056267904,"[0.1530159333765908, 0.8123281007172001]",22.156328702276426
1046.0,24.0,0.013422000670352447,0.03334878533378369,0.7702467432109421,0.001158899277782522,0.0028799683841513966,"[0.30556672269185364, 1.2349267637300305]",0.09047818858422829,0.7771555166948195,0.9596363723535175,"[-0.5360821101942376, 0.7170384873626942]",23.654398777075667
1047.0,24.0,0.0002809053426751236,0.001998148751960919,1.373593796181594,8.387936795865038e-07,5.978572199476149e-06,"[0.8270794035600018, 1.9201081888031863]",0.09846268587556573,0.6404452272835405,0.9259807051547606,"[-0.31471024120217495, 0.5116356129533064]",23.62390024398718
1048.0,24.0,0.00032890264860031864,0.0021970784809640523,1.1553638181976185,1.1860804844307483e-06,7.923049328194712e-06,"[0.6892264523131048, 1.621501184082132]",0.27548396179030377,0.195276420992738,0.6279387127314469,"[-0.141416189327927, 0.6923841129085345]",22.947728777724823
1049.0,24.0,0.007029104977660355,0.01950903407621525,0.7314502266479764,0.00040148103208554416,0.0011142965087025927,"[0.32637189623226365, 1.1365285570636892]",0.15504311628632017,0.5968252519971322,0.9102108464192958,"[-0.4194281926728296, 0.7295144252454699]",23.407778919615854
1050.0,24.0,2.5332466483542638e-05,0.0005046308064450724,1.3432003902732692,2.4528194085468698e-09,4.886094439336394e-08,"[0.9018231874049597, 1.7845775931415786]",0.13466004821477728,0.43896459866508253,0.8451378487968474,"[-0.20635847874364377, 0.47567857517319834]",23.485636504551007
1051.0,24.0,0.07204268727830838,0.14996396186159114,0.5993998645878024,0.01477348226058855,0.030758863753047157,"[0.11750582301780149, 1.0812939061578033]",0.03649499412320267,0.9317678859559722,0.9892015094756179,"[-0.7989199756602348, 0.8719099639066401]",23.860599390892382
1052.0,24.0,0.021593202625880326,0.050652598231011786,0.8728627981147118,0.0024528850825054553,0.005756594889710058,"[0.3080801409484317, 1.4376454552809919]",-0.22639252258225717,0.5076875030912551,0.8759273690325312,"[-0.8962182237337364, 0.44343317856922204]",0.8647557371522345
1053.0,24.0,0.0005796869429328448,0.0032014997783936998,1.263578622062186,3.915387741738328e-06,2.1631976473692422e-05,"[0.7270398325577, 1.800117411566672]",0.350146577457525,0.11656376840395628,0.49852374971028296,"[-0.08714894302439102, 0.787442097939441]",22.662538593382216
1054.0,24.0,0.00398364283122188,0.012523240588562969,1.0293505286127385,0.00015184910330498443,0.00047697416796702914,"[0.49675384455644356, 1.5619472126690335]",0.3082066578969087,0.2578814681965895,0.7063445279938547,"[-0.2257046191537717, 0.8421179349475891]",22.822737285644983
1055.0,24.0,0.01044890766730772,0.026957966117924975,0.766375336852664,0.0007739805721078261,0.0019968539012069817,"[0.31958870736593903, 1.2131619663393889]",0.18591975205938205,0.5464820135374467,0.8920698882426489,"[-0.4183452353711732, 0.7901847394899373]",23.289838858591914
1056.0,24.0,6.270379474782902e-05,0.0008294152744421828,1.289126438917119,2.5645906716803038e-08,3.392315703280825e-07,"[0.835414891296294, 1.7428379865379442]",0.29139948910719315,0.11607739863800172,0.49852374971028296,"[-0.07204275342960492, 0.6548417316439912]",22.886935941459296
1057.0,24.0,0.017216497880785595,0.04142564456396919,0.7787103861872708,0.0017265117956044018,0.004153263881656006,"[0.2916591647480531, 1.2657616076264886]",-0.38210330644469526,0.24419022878642682,0.689802906176347,"[-1.025176862041127, 0.2609702491517366]",1.4595271198183324
1058.0,24.0,1.8852141322844115e-05,0.000429433743117178,1.343098780485993,1.1142506590780942e-09,2.5381563988111484e-08,"[0.910995471225137, 1.7752020897468492]",0.44713312525659976,0.007833459817800191,0.10266657690432753,"[0.11756920772386653, 0.7766970427893329]",22.29207726948683
1059.0,24.0,0.0021553248255317494,0.007991564054622728,1.0478396412567603,5.0272877447620654e-05,0.0001864477043993082,"[0.5412909821399272, 1.5543883003735934]",-0.26887032110741327,0.2915800784879302,0.7408030449388471,"[-0.7685340052238635, 0.23079336300903697]",1.0270089757187997
1060.0,24.0,0.0017740863952259666,0.0069300249813514314,1.0639046338673626,3.504597189625346e-05,0.00013679145939209003,"[0.5599770901203918, 1.5678321776143334]",0.3005675267340804,0.22824861869477575,0.6683757323651521,"[-0.18836103545159494, 0.7894960889197558]",22.851916617296776
1061.0,24.0,0.001775776676917801,0.006933919082068728,1.1068640580511733,3.4982915617069534e-05,0.00013665201412917785,"[0.5826407728479946, 1.631087343254352]",0.11444929104010537,0.648239875300129,0.9294020283387066,"[-0.3772477433636521, 0.6061463254438628]",23.562835910342503
1062.0,24.0,0.00011476647944288214,0.0011604295191393543,1.1024217941780963,1.0999125182675304e-07,1.1143997145567684e-06,"[0.6954624248329222, 1.5093811635232703]",-0.07060591681810013,0.7182029807213743,0.9468743958763655,"[-0.45409113642424825, 0.312879302788048]",0.26969473615525974
1063.0,24.0,6.0019864954290655e-05,0.0008151517773106611,1.1437717332095618,2.289686879650519e-08,3.110987608220814e-07,"[0.7426390684104593, 1.5449043980086643]",0.1696592045221328,0.36052605899377044,0.7964159471514904,"[-0.19401023153405833, 0.533328640578324]",23.351949575022328
1064.0,24.0,0.017215202963924054,0.04142564456396919,0.731143613095278,0.00172071164511824,0.004141303598359182,"[0.2739874947854692, 1.1882997314050867]",0.1321888835068492,0.6897052319823034,0.9373185088522442,"[-0.5167331648590865, 0.7811109318727849]",23.495075658434068
1065.0,24.0,0.0003674885872655862,0.002367838835474138,1.0315333464404997,1.4971853316651846e-06,9.646812704028251e-06,"[0.6113480484988962, 1.451718644382103]",0.00822756556266846,0.9696130378481138,0.9946639642340541,"[-0.41509088087818274, 0.43154601200351966]",23.968573014506127
1066.0,24.0,0.0058698238533080645,0.01694521897606254,1.0168240084948994,0.00029635169713703547,0.0008555187561692711,"[0.466055499537252, 1.567592517452547]",0.23843612036165762,0.4044055260368523,0.8227405891110076,"[-0.3220555728188972, 0.7989278135422124]",23.089241107986915
1067.0,24.0,0.00015298344818532862,0.0013854657588768008,1.1988424720114685,2.148241355351134e-07,1.9468139237910986e-06,"[0.7457621706130274, 1.6519227734099098]",-0.08252358129349524,0.6803176392427497,0.935645905148272,"[-0.4750759605868824, 0.3100287979998919]",0.3152168612281352
1068.0,24.0,0.010788455692106668,0.02769821743801455,0.6206219243807134,0.0008163543261444109,0.002095365313512348,"[0.2572135545302993, 0.9840302942311274]",-0.27262578627900336,0.3772364900830232,0.8059627565530977,"[-0.8777639144395262, 0.33251234188151946]",1.041353796014832
1069.0,24.0,0.0005990320059333667,0.003266259574336787,1.1372598377282468,4.1599951347853345e-06,2.2716154083143835e-05,"[0.6530365817047663, 1.6214830937517273]",0.03812217993772826,0.8658915271929322,0.9734244302898619,"[-0.40431255971344404, 0.48055691958890057]",23.854383998915324
1070.0,24.0,0.00350647158648768,0.011336797887124734,1.1339420775065965,0.00012081080467869174,0.0003905942601962229,"[0.5558434715516994, 1.7120406834614936]",0.06765662167157149,0.802298512129374,0.9644549957475566,"[-0.4619702585180041, 0.5972835018611471]",23.74157074147371
1071.0,24.0,0.00017347894439695004,0.0014799590885019407,1.5029024698058566,2.8743067549576927e-07,2.4503893904157654e-06,"[0.9288733608800994, 2.076931578731614]",-0.2338617963999745,0.24623282909778377,0.6925793505607454,"[-0.6291543121989496, 0.1614307193990005]",0.8932862615377526
1072.0,24.0,5.744754694243805e-05,0.0007956723953246267,1.274379748129558,2.0469811788382278e-08,2.835153987310565e-07,"[0.8289899519527502, 1.7197695443063659]",0.0039519617138452645,0.9829856561386697,0.9971100704756963,"[-0.35925382327549144, 0.36715774670318196]",23.98490461819996
1073.0,24.0,0.0039936823142296615,0.0125350982869732,0.9881629690881082,0.0001523429900204265,0.00047786383318828895,"[0.4767682034224119, 1.4995577347538045]",0.25045324664663937,0.35911984432470234,0.7958303853764245,"[-0.284831438958733, 0.7857379322520117]",23.04333906678657
1074.0,24.0,0.002006354418409644,0.007620920686047517,0.8669777930042554,4.4423222635567715e-05,0.0001682060682906767,"[0.45082066613816096, 1.2831349198703497]",-0.6501878760118149,0.008596505223169456,0.1088165218122716,"[-1.1351543030191875, -0.16522144900444224]",2.483534745736817
1075.0,24.0,0.000560349486396142,0.0031321938870661936,1.149499350811811,3.628744311545758e-06,2.0329099784570073e-05,"[0.6630618514006648, 1.6359368502229572]",-0.09621094759075266,0.66785576916422,0.9332201550489372,"[-0.5356730847376223, 0.34325118955611694]",0.3674987493269656
1076.0,24.0,0.0015620408690703307,0.006296013176422131,0.7910294983884079,2.75112646948211e-05,0.00011088780610568764,"[0.4212857671560644, 1.1607732296207514]",0.188310278632418,0.4461443485186314,0.848193393719321,"[-0.2961383069936464, 0.6727588642584824]",23.280707719695325
1077.0,24.0,0.014557272085700517,0.035770273571156974,0.833283432110813,0.0013204451786029327,0.0032451343784785764,"[0.32473411824376464, 1.3418327459778614]",0.19048149287509908,0.5550122491625955,0.8948923720777097,"[-0.44200757037111804, 0.8229705561213162]",23.272414292193705
1078.0,24.0,0.00011037804646811663,0.0011367461016283896,1.1614196455991295,1.0037653550553137e-07,1.0337439289962035e-06,"[0.7340213741940835, 1.5888179170041754]",-0.10922567088474189,0.5752798715090505,0.9020009203830158,"[-0.4913088533050495, 0.2728575115355657]",0.41721133041204445
1079.0,24.0,0.0012646085222607997,0.005420525170427774,0.8656505078594322,1.835230785856545e-05,7.873147944472523e-05,"[0.4696129947245094, 1.261688020994355]",-0.06313966658457293,0.7945843843519906,0.9628316126547152,"[-0.5384447003440613, 0.4121653671749154]",0.2411757610106148
1080.0,24.0,0.0009383811555566736,0.004415911320266699,1.114917437876304,1.0304638179314293e-05,4.8492414961479026e-05,"[0.619484104537477, 1.610350771215131]",0.2949664566404868,0.20764572955710503,0.6441496727530771,"[-0.1638379668236462, 0.7537708801046199]",22.873311129104767
1081.0,24.0,5.775798012579749e-06,0.00025332447423595387,1.2462495245438796,3.566928311351983e-11,1.564442241821045e-09,"[0.8773337530387653, 1.615165296048994]",-0.331749002079496,0.033093919042218985,0.2518849735335652,"[-0.6368798267548141, -0.026618177404177823]",1.2671878451221261
1082.0,24.0,0.0391161215469447,0.0858939867082668,0.5896346615061181,0.006047886189220499,0.01328038249719038,"[0.16865486509354616, 1.01061445791869]",0.25444188786913635,0.4994169155285342,0.8731021700276606,"[-0.48392265848661864, 0.9928064342248913]",23.028103579583835
1083.0,24.0,0.0007106790733304542,0.0036803680648910112,1.3255453964971509,5.935410694766214e-06,3.0716216605686785e-05,"[0.7518632482965529, 1.899227544697749]",0.39102391386423907,0.08486291340416717,0.4245268304360539,"[-0.05374090883806654, 0.8357887365665446]",22.506398669792805
1084.0,24.0,0.0037986801449978107,0.01206313161320359,0.9555093459272429,0.00013926232453403929,0.0004422430121754185,"[0.4639024905402321, 1.4471162013142538]",0.13908460895148167,0.6096357112614825,0.9143882220641197,"[-0.3948054843907335, 0.6729747022936968]",23.46873592745684
1085.0,24.0,0.008935086815457852,0.02372566865495978,0.819631784069907,0.0005981627052135453,0.0015883236994517931,"[0.3516131415546349, 1.2876504265851791]",0.07568390265219982,0.8025220610721533,0.9644549957475566,"[-0.5174666860512872, 0.6688344913556868]",23.71090878673
1086.0,24.0,0.00010903147119739986,0.0011294262857287967,1.2556266721081668,9.803788407677828e-08,1.0138354092738188e-06,"[0.7939318088743511, 1.7173215353419824]",-0.2890967712519137,0.13566791424295152,0.5291021022618735,"[-0.6688380689007734, 0.09064452639694603]",1.104268324239576
1087.0,24.0,0.0004902896990926785,0.002868659454160498,1.2832895695898947,2.7680262970863474e-06,1.6187288287054662e-05,"[0.7466929619902105, 1.819886177189579]",0.33562659434598086,0.1268847147154939,0.5153725211839719,"[-0.09530355110170197, 0.7665567397936637]",22.71800084344173
1088.0,24.0,0.009495789455566877,0.02494952563207272,0.6894796039688909,0.0006612607915905343,0.0017383301566522983,"[0.292624104888598, 1.0863351030491837]",0.0933360356106796,0.7595811645878302,0.9564591353912479,"[-0.5044313927796028, 0.691103464000962]",23.64348260553502
1089.0,24.0,0.0013999980446555288,0.005838190344685274,1.0813161911802769,2.230187859004529e-05,9.307962683658301e-05,"[0.5815310349095184, 1.5811013474510354]",0.046764381912102415,0.8486425243494502,0.9708072590103425,"[-0.43348787232464087, 0.5270166361488458]",23.82137321899324
1090.0,24.0,0.00024934072135434515,0.0018500754267593458,1.4911893555747457,6.460294961745409e-07,4.7960615900114395e-06,"[0.9039435146409885, 2.078435196508503]",-0.12771962843956874,0.5402598103292109,0.889902504248412,"[-0.5364682136956546, 0.2810289568165171]",0.487853044704422
1091.0,24.0,4.788634186820248e-05,0.000713656361672168,1.1853638028672677,1.3076362547334832e-08,1.9487872648785142e-07,"[0.7767016782703378, 1.5940259274641977]",0.36645966655138196,0.04290635517226058,0.2944066590363708,"[0.011702923549353761, 0.7212164095534102]",22.600227182988956
1092.0,24.0,0.0025752614593946093,0.00903600512068284,1.2216489470387395,6.944686746934896e-05,0.00024374135666166834,"[0.6197676307818522, 1.823530263295627]",-0.1140064751655423,0.6622187410358498,0.93180039273632,"[-0.6255037904436732, 0.3974908401125886]",0.4354726576099071
1093.0,24.0,0.0004149244653305269,0.0025660140094652248,1.1465077566278916,1.941760166858812e-06,1.2008411668885664e-05,"[0.6743647953996593, 1.618650717856124]",0.18082155344094808,0.406437491078225,0.8239061166191282,"[-0.2460787418879034, 0.6077218487697995]",23.309312542855626
1094.0,24.0,0.0014376062083543163,0.005942977297868195,1.0164329528167486,2.348380984245213e-05,9.708065251117045e-05,"[0.5453476551942564, 1.4875182504392408]",-0.1490146442542173,0.5435790378119691,0.8910210101645429,"[-0.6298487914152551, 0.33181950290682044]",0.5691940134273356
1095.0,24.0,4.042471739768106e-06,0.00022458176332045037,1.5997824161007541,1.1623591410863555e-11,6.457550783813086e-10,"[1.1376450937622131, 2.061919738439295]",-0.04408499457968418,0.7734536330842671,0.9594231226648312,"[-0.3442479011846559, 0.25607791202528757]",0.1683922752848676
1096.0,24.0,1.1515138528038298e-06,0.00014393923160047872,1.543480116533058,1.7609073068953364e-13,2.2011341336191703e-11,"[1.1327757263546425, 1.9541845067114736]",0.14832953937808657,0.29229892189205875,0.7413109862847039,"[-0.127734290720814, 0.42439336947698714]",23.433422894434408
1097.0,24.0,1.2964493402849963e-05,0.0003577524729943068,1.3357701937889164,3.8360549192413186e-10,1.0596836793484305e-08,"[0.9175867023098305, 1.7539536852680022]",0.05372415710651346,0.7461513663070357,0.9548690511802336,"[-0.2715507350375842, 0.3789990492506111]",23.794788835993266
1098.0,24.0,0.0013955050312099457,0.0058255054682623715,1.0574858229147628,2.2350963512403493e-05,9.320668687407628e-05,"[0.5686581947344438, 1.5463134510950818]",-0.44538912702541467,0.06528207693723964,0.3726425282673917,"[-0.9189617651377113, 0.02818351108688205]",1.7012611479714916
1099.0,24.0,0.008122911981917566,0.021924188885067655,0.9399885078303188,0.0005117968405373926,0.001381367990654231,"[0.40974214888312854, 1.4702348667775091]",-0.24078341382685764,0.4187708706984834,0.8307712672074292,"[-0.8244499893491393, 0.342883161695424]",0.9197248926020595
1100.0,24.0,9.276787316792563e-05,0.0010205486597131533,1.1114370932598698,6.684633913153796e-08,7.353832687737949e-07,"[0.7079927477827584, 1.5148814387369813]",-0.33725409775579784,0.07721437658625331,0.40478983322809736,"[-0.7113202798884112, 0.03681208437681549]",1.2882157616599803
1101.0,24.0,0.07981458401739377,0.16490616532519375,0.6520303859574126,0.01713673798565768,0.03540648344144149,"[0.11592119081076069, 1.1881395811040645]",0.25276430884916756,0.5601733544594282,0.8963105579420086,"[-0.5976004643374756, 1.1031290820358106]",23.034511459426763
1102.0,24.0,0.0012729727705756918,0.005442380378690432,0.881776453985566,1.877745938469188e-05,8.024555292603367e-05,"[0.4778808900408437, 1.2856720179302883]",-0.513963291928409,0.031087271565945082,0.2412733639411791,"[-0.9812040713190611, -0.04672251253775689]",1.9631951634765388
1103.0,24.0,0.0028625251428727335,0.009759717500418458,0.9922047913554027,8.468479016815635e-05,0.00028863254999371624,"[0.49746700008519945, 1.486942582625606]",0.45835933301354714,0.07840579353886568,0.4075986144065418,"[-0.05207346496555354, 0.9687921309926478]",22.249196314526156
1104.0,24.0,0.00023986578447684004,0.0018033474557122193,1.2488589462702324,5.931866699304806e-07,4.466767092850005e-06,"[0.758670369020833, 1.7390475235196319]",-0.14092679465799485,0.49766247225261284,0.8728067218963704,"[-0.5482148158310758, 0.26636122651508604]",0.5383007036139934
1105.0,24.0,0.003958185224292336,0.012462799824598036,0.8734398895488604,0.00014961313179324878,0.00047107409254801253,"[0.4219521953452918, 1.324927583752429]",0.06602168942499631,0.8095815532514089,0.9652974790766282,"[-0.47098432961634074, 0.6030277084663334]",23.747815722641615
1106.0,24.0,0.004761274796066695,0.01431531808799367,0.9788200039309164,0.000206519487629944,0.0006212980975630085,"[0.4618431795698663, 1.4957968282919665]",0.10058963470463933,0.7192460369749262,0.9474481961838024,"[-0.4478675643528661, 0.6490468337621448]",23.615775897910765
1107.0,24.0,0.01874576252872747,0.04473929004469564,0.8734428653769092,0.0019775335878026183,0.004718524428066377,"[0.3200667295513403, 1.4268190012024782]",-0.544541684455413,0.09795872866014031,0.4549871280080832,"[-1.1894908751974584, 0.10040750628663253]",2.079996019215986
1108.0,24.0,6.492504831735927e-05,0.0008464804213475785,1.1618133811469074,2.79289682489329e-08,3.641325716940404e-07,"[0.7518144646116014, 1.5718122976822133]",-0.2675381227068794,0.15057092722829155,0.5580203674009545,"[-0.6323093247507945, 0.09723307933703579]",1.0219203526638216
1109.0,24.0,0.10795707628642917,0.2176992867239951,0.5675850557473928,0.026408154138081206,0.053252982734586014,"[0.06651842935719743, 1.0686516821375882]",-0.5181333234472385,0.2593139271557722,0.7076689218930793,"[-1.418408039603986, 0.382141392709509]",1.9791235105742364
1110.0,24.0,0.0019102939957129548,0.007325532012068917,1.0916268096458446,4.0158806391086003e-05,0.00015410132920600924,"[0.5706196654575589, 1.61263395383413]",-0.2169897341546676,0.3895074117110453,0.8138474962621088,"[-0.7112217128670564, 0.2772422445577211]",0.8288397309818789
1111.0,24.0,0.010539485240837428,0.027142635181141975,0.9695191616275082,0.0007855619829360797,0.002022559173367867,"[0.4036116497864066, 1.5354266734686097]",0.2436503682586748,0.4290666358802434,0.8377072389698045,"[-0.3602344042467722, 0.8475351407641218]",23.06932414813131
1112.0,24.0,0.000496994344812144,0.0028878230378393023,1.0305662594288936,2.828850037725187e-06,1.6465948997236245e-05,"[0.5992340930882457, 1.4618984257695415]",0.015398622535868434,0.9446800527773154,0.9899384482268412,"[-0.41955191526549857, 0.45034916033723543]",23.941181594558646
1113.0,24.0,0.00024979667657494987,0.0018500754267593458,0.9173159589635086,6.493154393741186e-07,4.809743995363842e-06,"[0.5559960857746171, 1.2786358321524]",-0.17586714546075832,0.3986371974041859,0.8197755210572415,"[-0.5842436059235624, 0.23250931500204575]",0.6717630126609857
1114.0,24.0,0.00011473038410543166,0.0011604295191393543,1.1857142054184489,1.1186572484472282e-07,1.1299568166133618e-06,"[0.7477532721707977, 1.6236751386661]",0.5784887380434816,0.002506722910214766,0.04934493917745602,"[0.20336671430467856, 0.9536107617822845]",21.790335787617295
1115.0,24.0,0.002586133989605152,0.009064612651963379,1.207152579328942,7.000082084933073e-05,0.00024535864300501484,"[0.6121306481156704, 1.8021745105422133]",0.13827043261815497,0.5962351053936217,0.9098026124541037,"[-0.3732313309620545, 0.6497721961983645]",23.47184585196878
1116.0,24.0,0.0010373816234774652,0.004747741983878559,0.8611615515984978,1.249208175150259e-05,5.7198176517868997e-05,"[0.4748223572163956, 1.2475007459806]",0.03035240006085793,0.8984596593372366,0.9814940565187203,"[-0.43584001461757493, 0.4965448147392908]",23.884062371894682
1117.0,24.0,0.01281654443126092,0.03208146290678578,0.9303078775569794,0.0010828416794498575,0.0027091120558803993,"[0.37237282989235443, 1.4882429252216043]",-0.5240775609708734,0.09292838352282706,0.4415928946827927,"[-1.1354360269283421, 0.08728090498659513]",2.001828825409408
1118.0,24.0,0.0010810734362803865,0.004876289744160516,0.7718457591454827,1.3674335601811015e-05,6.165164833999556e-05,"[0.42400010163886465, 1.1196914166521008]",0.48072080727744826,0.04084095174561937,0.28551942673459396,"[0.020021308242639535, 0.941420306312257]",22.163781774592024
1119.0,24.0,0.013297016717969854,0.03309362050266265,0.8707919854917141,0.0011446801705031838,0.0028493838010996216,"[0.3460213105300568, 1.3955626604533715]",-0.3132088248771687,0.32344961570929487,0.7657132670039258,"[-0.9349243021537631, 0.30850665239942565]",1.1963695847809248
1120.0,24.0,0.01370473361154758,0.03398643966872683,0.7659491224590602,0.0012013209948369538,0.0029787279812470958,"[0.3024005769784745, 1.2294976679396459]",-0.3120866345434843,0.32726057590409696,0.7689393230829347,"[-0.9364735727705013, 0.3123003036835327]",1.192083133452225
1121.0,24.0,0.03594082817193211,0.07962079789971667,0.933920236845634,0.005321381956844832,0.011788617538424527,"[0.2771167216609992, 1.5907237520302688]",-0.001953711767163746,0.9958196829111121,0.9991900609698904,"[-0.7328191622578728, 0.7289117387235453]",0.007462629242901895
1122.0,24.0,0.12396564777476207,0.24684517677172854,0.46982087554122043,0.03209973752584922,0.06391823481849705,"[0.040161290500444424, 0.8994804605819964]",0.5058056141576301,0.28817730327908364,0.738579081276868,"[-0.4275660860345941, 1.4391773143498545]",22.06796487031635
1123.0,24.0,0.0852045279588748,0.175281892530086,0.7744420664767512,0.018834388796421245,0.038745914002100895,"[0.128204299172608, 1.4206798337808944]",-0.355726735637206,0.41705978696746426,0.8289798985638328,"[-1.2148560568187263, 0.5034025855443142]",1.3587760407985254
1124.0,24.0,0.0001278670039244711,0.0012366247961747687,1.3008860374073858,1.4170821022599367e-07,1.3718122964762213e-06,"[0.8164322798325596, 1.785339794982212]",-0.04397749768454595,0.8237298439244385,0.9666963285808975,"[-0.43093234394119684, 0.34297734857210493]",0.1679816673913889
1125.0,24.0,2.0598589653700187e-05,0.00044070996318830403,1.5427708402404843,1.3994482814253988e-09,3.02910883425411e-08,"[1.0434307631308557, 2.042110917350113]",0.12424819500762307,0.4685471573710728,0.8576737275692344,"[-0.21171605224060958, 0.4602124422558557]",23.525406854262986
1126.0,24.0,0.0005789059047634852,0.0032014997783936998,1.3647569491550102,3.8810231456339036e-06,2.1489607672391492e-05,"[0.7854856644876017, 1.9440282338224186]",-0.11054834879229691,0.6229564332604407,0.9185438414338554,"[-0.5512364944299875, 0.3301397968453937]",0.4222635878625843
1127.0,24.0,0.012395831148217538,0.031184480876018963,0.8486495755074188,0.0010217402855579566,0.002570415812724419,"[0.34222932526758, 1.3550698257472575]",0.2527864735358287,0.4220984503244224,0.8326729046370046,"[-0.36437974490445635, 0.8699526919761138]",23.0344267965601
1128.0,24.0,0.007121672357369681,0.019694890368832083,0.9611911689398931,0.0004100336070473672,0.0011339424973655066,"[0.4280431289955866, 1.4943392088841996]",-0.030195970833593044,0.91821848577233,0.9874079467440474,"[-0.6065899374867254, 0.5461979958195393]",0.11534011247100077
1129.0,24.0,0.01187129955730671,0.03001592808421418,0.9231341004434471,0.0009549170870975371,0.0024142810848596587,"[0.3754365615530997, 1.4708316393337946]",0.3789972549106695,0.22340808308847226,0.662664232788248,"[-0.23111479227072385, 0.9891093020920628]",22.552337123104987
1130.0,24.0,0.00029137742946471395,0.0020418880831444565,1.0902470662900194,9.085025386439972e-07,6.370985544488058e-06,"[0.6550876264147333, 1.5254065061653055]",0.10070302378772311,0.6339287876452742,0.922680123566674,"[-0.3137709139957014, 0.5151769615711477]",23.615342783517196
1131.0,24.0,0.001125441049239601,0.005015334444026742,0.8282019326421591,1.4652892179713527e-05,6.532720543786681e-05,"[0.45365073425476665, 1.2027531310295516]",0.10828661736085543,0.651277691810894,0.9299133911664488,"[-0.36127875180146934, 0.5778519865231802]",23.58637558983166
1132.0,24.0,1.737972842838097e-05,0.0004159847987086338,1.1227625908083374,8.757016173835295e-10,2.1000038786175766e-08,"[0.7638110167447509, 1.4817141648719239]",-0.10632668476310858,0.5301481762065963,0.8846123414093046,"[-0.43828457880933963, 0.22563120928312247]",0.4061380191029386
1133.0,24.0,3.6182566732354854e-07,0.00010641931391869075,1.6127915170547293,2.403844471446462e-15,7.070130798371948e-13,"[1.2135982944449712, 2.0119847396644874]",-0.2584840975280249,0.047762179682006876,0.31298938192665055,"[-0.5144199771815208, -0.002548217874529135]",0.9873365239735856
1134.0,24.0,6.483511678288468e-07,0.00012239946415804818,1.3622987416070456,2.204840251581263e-14,4.315375497762e-12,"[1.0127270822597843, 1.7118704009543069]",-0.17020023790896488,0.20995246742682183,0.6486020000828602,"[-0.4362825228027042, 0.09588204698477443]",0.6501170202870805
1135.0,24.0,0.3347721532231344,0.5822124403880599,0.32447087078723896,0.12933162199367615,0.22488544947604966,"[-0.09481656626451768, 0.7437583078389955]",-0.2291217109071768,0.7370734505422751,0.9523631024368666,"[-1.5667098742217955, 1.108466452407442]",0.8751804686531861
1136.0,24.0,2.9543598921418562e-06,0.00019982963675528148,1.369869122088197,4.263889884176332e-12,2.8875884916746204e-10,"[0.9823348799228935, 1.7574033642535007]",-0.09156974552862174,0.5412966705463348,0.8901534294097935,"[-0.3853774217363461, 0.20223793067910262]",0.3497706633251311
1137.0,24.0,0.00248453527686999,0.008826057821918261,1.0265917135716394,6.562713782167175e-05,0.00023280290110561103,"[0.5225133018337034, 1.5306701253095754]",-0.5227707491231923,0.04067456952998583,0.2850355257882679,"[-1.0233549563541233, -0.022186541892261213]",1.9968371718434201
1138.0,24.0,0.0005180692978098226,0.002971962305452036,1.198231704431604,3.1024611822442864e-06,1.778934164130898e-05,"[0.6946869715797768, 1.7017764372834312]",-0.3224138419585394,0.14479132874893752,0.5451480751089515,"[-0.7557760726622946, 0.11094838874521584]",1.2315301600548163
1139.0,24.0,0.0008666693334175649,0.004178733526603495,1.196533881723315,8.791716604563808e-06,4.2390147562988466e-05,"[0.6689307414119009, 1.7241370220347294]",0.24100543191588297,0.3005064537371144,0.7497338507744368,"[-0.21522957192971537, 0.6972404357614813]",23.07942706076616
1140.0,24.0,0.002238958618088974,0.008213347828646274,0.9198786543343256,5.3863043925744595e-05,0.0001976625465164939,"[0.47341011121153753, 1.3663471974571135]",0.21793624324104854,0.39537918373115133,0.8172334993625746,"[-0.28464739030546304, 0.7205198767875601]",23.167544870623427
1141.0,24.0,0.00016942976841349247,0.0014606014518404522,1.2063428517666603,2.740603006935164e-07,2.3594170810087632e-06,"[0.7463866347852353, 1.6662990687480854]",0.3959371461312511,0.04758781860729056,0.3122560276068934,"[0.004210504179617769, 0.7876637880828844]",22.487631504948318
1142.0,24.0,0.011170450038171366,0.028517870916955235,1.1072843203137523,0.000862166719624353,0.0022027764936748927,"[0.45595735629455303, 1.7586112843329516]",0.11641570280180424,0.7086684119188924,0.9440101397614125,"[-0.49424563002490296, 0.7270770356285114]",23.55532477069382
1143.0,24.0,0.0017570247591852993,0.006876809233601954,1.1931411095111144,3.441904707079452e-05,0.0001347125129972388,"[0.6285645655525963, 1.7577176534696326]",0.3024670234450557,0.22481985537487403,0.6635832884002506,"[-0.18593224894721472, 0.7908662958373261]",22.844661074314253
1144.0,24.0,0.000872861396928793,0.004198467517695012,1.2509540928953038,8.88760259353515e-06,4.2749411224315295e-05,"[0.6990651254475149, 1.8028430603430927]",-0.0009649404443390353,0.9967087168679614,0.9997078403891287,"[-0.45944683132361036, 0.4575169504349323]",0.003685800996140337
1145.0,24.0,0.010249639027771207,0.02656723439028307,0.861655881154976,0.0007511898485548913,0.0019461162888036933,"[0.36055081035264613, 1.362760951957306]",-0.2901313709329987,0.3437238019669717,0.783884728346148,"[-0.8907092364068144, 0.3104464945408171]",1.1082202039203597
1146.0,24.0,8.37309505904517e-05,0.0009724849081353276,1.0589667396643736,5.211524151194664e-08,6.050977637411107e-07,"[0.677710283646616, 1.4402231956821312]",0.2929584780046417,0.12245947133929742,0.5079198313533696,"[-0.07879685875540976, 0.6647138147646932]",22.880981042517192
1147.0,24.0,9.413477020901362e-06,0.00031471629420019035,1.4824970199087377,1.5491566895114e-10,5.163855631704668e-09,"[1.0285228504935153, 1.9364711893239601]",0.4413402296113489,0.005840547976072929,0.08464562284163664,"[0.12754407526850614, 0.7551363839541916]",22.314204500929
1148.0,24.0,1.2831269366172422e-05,0.00035670343012895637,1.2592120763089736,3.7294493480395475e-10,1.0446636829242429e-08,"[0.8652727314149189, 1.6531514212030283]",0.11706873120696404,0.47988645656688156,0.8639493090300455,"[-0.20770877095787904, 0.4418462333718071]",23.552830385925965
1149.0,24.0,0.031184663377196633,0.07022364093218539,0.8016640538409656,0.004298433927428043,0.0096812094278089,"[0.2513945592484018, 1.3519335484335295]",0.06772175249193868,0.8523366990604742,0.9708072590103425,"[-0.6453639035237271, 0.7808074085076044]",23.74132196006549
1150.0,24.0,0.01116253885299254,0.02850588617733385,0.7120703384986067,0.0008633901446397853,0.002205111076919838,"[0.29316659279169593, 1.1309740842055174]",0.3127600630549878,0.31249381411245647,0.757560761484743,"[-0.2941672534570262, 0.9196873795670019]",22.80534455911358
1151.0,24.0,0.08605530305730792,0.17692238758432885,0.7111095503019103,0.019076049511140038,0.03921885179099514,"[0.1165172118022273, 1.3057018888015932]",0.17288809026986662,0.6959091787979035,0.9388952763058601,"[-0.6940830725505066, 1.0398592530902397]",23.33961613996399
1152.0,24.0,3.5429266587445264e-05,0.0006025385474055317,1.4340168019783532,6.0731690777477366e-09,1.029897487366277e-07,"[0.9506545307733199, 1.9173790731833866]",-0.5439370178324738,0.0018909033661902673,0.04092864428983263,"[-0.8870806845825889, -0.20079335108235874]",2.0776863628488633
1153.0,24.0,0.010366456826149317,0.02680056056398479,0.8820333485427254,0.0007635568408527329,0.001974545748261528,"[0.3683913989937696, 1.3956752980916813]",0.1250474773986605,0.6851338805179261,0.9370333060910837,"[-0.47941165538147423, 0.7295066101787953]",23.522353820419948
1154.0,24.0,0.004119481262975966,0.012817303245102569,0.8082897702853765,0.0001610734086454883,0.0005013177984609036,"[0.38844506859820366, 1.2281344719725493]",0.31842083722715486,0.24405328839224139,0.6897159217773741,"[-0.2173205891649277, 0.8541622636192374]",22.783721994524125
1155.0,24.0,0.008855634143642191,0.02352718954208871,0.7521041616689625,0.0005892846129614476,0.001565580799578766,"[0.32315100728842744, 1.1810573160494977]",0.0021381499507961976,0.9943587013122492,0.999042938587908,"[-0.5905736846496116, 0.594849984551204]",23.99183286879022
1156.0,24.0,0.0013801643367608307,0.00577474617891561,1.2767334385202964,2.1718981537484097e-05,9.087439973842718e-05,"[0.6874518124210998, 1.866015064619493]",0.12790018619328336,0.6007837057008573,0.91161020243821,"[-0.35116018589120634, 0.6069605582777731]",23.511457275479163
1157.0,24.0,0.00030764254178901725,0.002110031150816305,1.153961226068541,1.0277338823300693e-06,7.044097891227342e-06,"[0.6910865688121355, 1.6168358833249465]",-0.30635173241224845,0.14691093249714593,0.5487894377928499,"[-0.7202960074448076, 0.1075925426203107]",1.1701774209161988
1158.0,24.0,0.0038344015094453196,0.012159929526968212,1.0228620315679486,0.00014166097888254357,0.00044943203960197837,"[0.49601814696978597, 1.5497059161661113]",0.1825662025421968,0.5027401647465137,0.8734611984187444,"[-0.3513511979715308, 0.7164836030559244]",23.302648474173438
1159.0,24.0,6.032123152098892e-05,0.0008151517773106611,1.2604881017470804,2.3163267983885052e-08,3.134407034355217e-07,"[0.8182627804102895, 1.7027134230838712]",0.13621297992897485,0.46339085755373755,0.8552802834140598,"[-0.2278695500789309, 0.5002955099368807]",23.479704742344637
1160.0,24.0,0.0005193740887742162,0.0029763558095943624,1.1620771267062435,3.1161903940966774e-06,1.7850691851873944e-05,"[0.673630870262047, 1.65052338315044]",-0.2972745310623628,0.1793661529528855,0.6078928438153997,"[-0.7312086787427032, 0.1366596166179777]",1.1355050657736054
1161.0,24.0,0.004723443384574993,0.014227239110165641,0.9943511309748368,0.0002036533281913771,0.0006135984579432875,"[0.46967127372664486, 1.5190309882230288]",0.07937343634718186,0.7765362475329284,0.9595896677274527,"[-0.46872196877766503, 0.6274688414720287]",23.696815806123745
1162.0,24.0,0.30419585888475886,0.5409849882353883,0.5589396796692236,0.11295441444012277,0.20087927163457722,"[-0.13220567090102597, 1.2500850302394733]",-0.3163941126985961,0.6268386610472764,0.920090014308269,"[-1.59188768730441, 0.959099461907218]",1.2085364880277387
1163.0,24.0,0.0006124866291187338,0.0033125290920429083,1.2776405244054048,4.3530735257646525e-06,2.355559267188665e-05,"[0.7325263932412489, 1.8227546555695606]",-0.004130165017025789,0.9854339645768614,0.9971100704756963,"[-0.4475244276415612, 0.4392640976075096]",0.01577606827787703
1164.0,24.0,0.007578272422415449,0.02075101977660309,1.003731172443918,0.0004549776232430002,0.0012458313889457835,"[0.4426062435323944, 1.5648561013554416]",-0.0062001313574091554,0.9833119868705634,0.9971100704756963,"[-0.587168841777849, 0.5747685790630307]",0.023682757280417518
1165.0,24.0,0.005857974001954667,0.01691589373940129,0.9882027871052518,0.0002946915679653266,0.0008509718970988352,"[0.4531521019732111, 1.5232534722372923]",-0.012182509797560748,0.9661515465185053,0.9940815958765544,"[-0.5748551038922347, 0.5504900842971132]",0.046533759685133715
1166.0,24.0,0.021221470076279305,0.04994462244358509,0.6957238384562958,0.0023844053570669915,0.005612101493350318,"[0.2468244446553669, 1.1446232322572247]",0.022143036255213744,0.9483922938165661,0.9908331690212683,"[-0.6483705940242696, 0.692656666534697]",23.915419831798072
1167.0,24.0,0.0009338424472945549,0.004398692639164177,1.0689479674439584,1.0158940391636242e-05,4.786447219993506e-05,"[0.5942736919603973, 1.5436222429275195]",0.0003979361250427971,0.9986515019909961,0.9998296237857246,"[-0.46108006497158205, 0.46187593722166764]",23.99847999596795
1168.0,24.0,0.00030813522157632724,0.0021119617654306185,1.1248653521543932,1.0253325875467567e-06,7.03245944819449e-06,"[0.6737041188846988, 1.5760265854240876]",0.06076637038710686,0.775016469415654,0.9595896677274527,"[-0.35593000756802323, 0.47746274834223695]",23.767889562699335
1169.0,24.0,0.4137219944518195,0.677318094986426,0.32870085758351186,0.17528729409736543,0.2869798528116657,"[-0.14661091765016276, 0.8040126328171865]",-0.27247532879693814,0.7208209097679134,0.9477398429831227,"[-1.7668759897625599, 1.2219253321686836]",1.0407790907669319
1170.0,24.0,0.01910404095540141,0.04546416219752834,0.7975921041429503,0.0020255858140186453,0.004821675348770877,"[0.2911043109424645, 1.3040798973434362]",0.1272991746015597,0.7050287675476088,0.9423077547908834,"[-0.5318152148348262, 0.7864135640379456]",23.513752970655446
1171.0,24.0,0.0016301451563935816,0.00652318990153494,1.0876493104207985,2.976598205933102e-05,0.00011911157286647066,"[0.5770801700888086, 1.5982184507527883]",-0.0073453652162625005,0.9764569477560512,0.9955285224381598,"[-0.4951834989165587, 0.4804927684840337]",0.028057228391602698
1172.0,24.0,0.0004337494007055642,0.0026399841795834707,1.1110748524070015,2.1321949851589716e-06,1.2977449696646206e-05,"[0.6516973737291882, 1.5704523310848149]",0.18087607568490327,0.40816362409228724,0.8249322780995372,"[-0.24772738099217118, 0.6094795323619777]",23.309104283224414
1173.0,24.0,0.00026176055787034973,0.0018995686347630604,1.0075839022641269,7.184302768946949e-07,5.22115026813005e-06,"[0.6091369704954153, 1.4060308340328385]",-0.07550332857765163,0.7186605473017639,0.9471014065653187,"[-0.48628473825477986, 0.3352780810994766]",0.2884014711125957
1174.0,24.0,0.020924551525208883,0.04930384431010575,0.7842828953306809,0.002334009833551297,0.005499551916944621,"[0.2793121386506727, 1.289253652010689]",0.13190684171281752,0.6988368030536931,0.9396049854761145,"[-0.5363241786566011, 0.8001378620822361]",23.496152978730358
1175.0,24.0,0.019616197236776246,0.04659429272393408,0.9184701899680972,0.002116424195776051,0.00502713585695024,"[0.3327426741178615, 1.5041977058183327]",0.34414210815602075,0.30455378655522947,0.7514276816848787,"[-0.31281224219632453, 1.001096458508366]",22.685473976661687
1176.0,24.0,0.0011733163260099775,0.00515792687580599,1.2618602328421002,1.5876666450750172e-05,6.981823417216435e-05,"[0.688850796884354, 1.8348696687998465]",-0.025851589184649804,0.9144930331119595,0.986565242976216,"[-0.4977407950435678, 0.44603761667426817]",0.09874579693243192
1177.0,24.0,0.000844144365701886,0.004114703481238635,0.9980070128554419,8.324665279296407e-06,4.056854424608385e-05,"[0.5591002973031096, 1.4369137284077742]",-0.1336483815691656,0.5660184099132546,0.8980418059021485,"[-0.5900597885965128, 0.3227630254581816]",0.5104992135111471
1178.0,24.0,0.009141498470016534,0.024196660852346567,0.975354214409923,0.0006221913107949667,0.0016468801238617434,"[0.41667568900262975, 1.5340327398172162]",0.23767588267904038,0.43191676681475366,0.8397502203959197,"[-0.355054431207513, 0.8304061965655938]",23.092145002029632
1179.0,24.0,0.04594916271591985,0.09939252155725688,0.5945854996099152,0.007706447009238047,0.016666191628975015,"[0.15724532442639982, 1.0319256747934307]",0.5894112545530881,0.12170037705180739,0.5066249294290442,"[-0.15701435253560092, 1.335836861641777]",21.748614847773133
1180.0,24.0,0.005194296055175473,0.015335978905153449,0.8719348108975711,0.00023995925881339035,0.0007088277030869878,"[0.4066258932180318, 1.3372437285771104]",0.08896141004233282,0.7530731510958764,0.9552799279805988,"[-0.46528789808299276, 0.6432107181676584]",23.660192444336108
1181.0,24.0,0.0006026780607423953,0.0032776603816410503,1.2717866438571033,4.232616080082546e-06,2.3003348261318184e-05,"[0.7298601742197968, 1.8137131134944098]",-0.29204391493343085,0.19330599571543805,0.6246874840857641,"[-0.7320567228852451, 0.14796889301838345]",1.1155255838775482
1182.0,24.0,0.012463566634653254,0.03131549405691772,1.074842502409362,0.001028735112534248,0.002585411190083559,"[0.4330688965325057, 1.7166161082862184]",-0.04626269927540516,0.8838022065894284,0.9771168674288871,"[-0.6666706352190216, 0.5741452366682113]",0.17671049449090984
1183.0,24.0,0.000578206473770203,0.0032014997783936998,1.2444845999270702,3.869473086853238e-06,2.1449407355062297e-05,"[0.7163336888829421, 1.7726355109711982]",0.06719239964004231,0.7651671424786657,0.9575323787835143,"[-0.3736969036808445, 0.5080817029609291]",23.743343939017947
1184.0,24.0,5.2990848165854315e-05,0.0007635568899979008,1.2220206604157906,1.6899353463726578e-08,2.431561649457061e-07,"[0.7974354057959925, 1.6466059150355887]",-0.3717262338464007,0.04151177730052481,0.28827623125364454,"[-0.7291519499207753, -0.014300517772026178]",1.4198896222461235
1185.0,24.0,0.0038085661839576896,0.01209068629827838,1.033939562375095,0.00013982252998934568,0.00044388104758522436,"[0.501841915185076, 1.5660372095651143]",-0.08088372755420803,0.7667987971398659,0.9576975773551256,"[-0.6154353647347706, 0.4536679096263545]",0.3089530813428083
1186.0,24.0,0.0001687010345879639,0.001459298747635282,1.23606255611299,2.6974699075130025e-07,2.333407072938451e-06,"[0.765047792247793, 1.7070773199781872]",0.23708177194197422,0.23864491588730974,0.6814532149837513,"[-0.15724900873429237, 0.6314125526182408]",23.094414337882785
1187.0,24.0,0.0020967545952010613,0.007841266249816983,1.0624354097686026,4.76406304553601e-05,0.00017816241755931226,"[0.5504164231456067, 1.5744543963915985]",-0.09269290195249535,0.7166178909793122,0.9465980671013572,"[-0.5931983124815672, 0.40781250857657647]",0.3540608048465288
1188.0,24.0,1.1322970522652294e-05,0.00033697493027143397,1.6262109539806602,2.605405303941928e-10,7.811367846952948e-09,"[1.1219372819177913, 2.130484626043529]",0.11336543532109289,0.4900877810600368,0.8697731756428894,"[-0.20857325131036591, 0.4353041219525517]",23.566975934229205
1189.0,24.0,6.742425943935539e-05,0.0008676161301255521,1.1282803166274908,3.066057314865539e-08,3.9409477054826986e-07,"[0.7289412684293765, 1.5276193648256053]",0.26690421665213204,0.15275698302392265,0.5630555953701536,"[-0.09895144044903081, 0.6327598737532949]",22.98050099010583
1190.0,24.0,0.053668530728290004,0.11445705344208083,0.7858173871111173,0.009657515724525488,0.020591717962740914,"[0.1906631819624207, 1.3809715922598138]",0.3630185662610641,0.36134905128919836,0.7969055401945917,"[-0.41645696083257144, 1.1424940933546996]",22.613371217890055
1191.0,24.0,0.012368318801311392,0.03112309713465373,0.7458577224646528,0.0010192782596041697,0.0025648672863718414,"[0.30086922976981306, 1.1908462151594925]",0.3266652092337594,0.2979427675082733,0.7470982134109161,"[-0.2884559523076581, 0.9417863707751769]",22.752230813143175
1192.0,24.0,0.000886144046780989,0.004241953311541355,1.1620441286513234,9.23413042136919e-06,4.420359225164763e-05,"[0.648428011134681, 1.675660246167966]",-0.414419355651388,0.07336823858471836,0.39585510100895854,"[-0.8680535143764903, 0.03921480307371433]",1.5829653351570383
1193.0,24.0,0.00046200738795575136,0.0027526256347955385,1.1441386030042264,2.431770637655655e-06,1.4520224020923131e-05,"[0.6684108472581923, 1.6198663587502606]",0.13036542581768007,0.5537935878069069,0.8947928424657877,"[-0.3011798521064482, 0.5619107037418083]",23.502040753748073
1194.0,24.0,0.0011592365997965667,0.005122565619958315,0.9856524868632193,1.550886247331209e-05,6.856261040367856e-05,"[0.5386045790335106, 1.432700394692928]",0.0023286555579860035,0.9922741783254214,0.999042938587908,"[-0.4690196400954765, 0.4736769512114485]",23.991105190972515
1195.0,24.0,0.0007898195249609245,0.003929450372939923,0.8566598426285358,7.344803273093269e-06,3.648685182858057e-05,"[0.48216590443752955, 1.231153780819542]",0.42023299377243895,0.06630547692679215,0.37439569128623457,"[-0.028287288691905166, 0.8687532762367831]",22.394828202979458
1196.0,24.0,0.006823489574421426,0.019070021942461858,0.7199281450624326,0.0003842006011386387,0.0010725868261826875,"[0.32253292828906316, 1.117323361835802]",-0.48822279552961945,0.08977363869923671,0.4355829146008574,"[-1.0522349712543222, 0.0757893801950833]",1.8648737097283834
1197.0,24.0,0.002006588416636311,0.007620920686047517,1.1317454264061582,4.39699827803158e-05,0.00016705920509238527,"[0.5888141259635777, 1.6746767268487386]",0.1801216526222369,0.4777838853614469,0.8630489258696656,"[-0.3171965241632781, 0.6774398294077519]",23.311985967054955
1198.0,24.0,0.0018073282826099513,0.007021477399417059,1.212838705626817,3.615241923697184e-05,0.0001404733302447156,"[0.6373744035186271, 1.788303007735007]",0.10812504536029444,0.6670743856994334,0.9332201550489372,"[-0.38452395856001953, 0.6007740492806084]",23.58699274941297
1199.0,24.0,2.7643772908365022e-05,0.0005210914984264944,1.4026823100721917,3.098031083513359e-09,5.8453416670063374e-08,"[0.9387843236656437, 1.8665802964787397]",-0.12782100900150084,0.46549697761796827,0.8564801796098772,"[-0.4710875059356918, 0.21544548793269014]",0.48824028992598023
1200.0,24.0,0.0012631325963698393,0.005418844257270868,1.0326649668952232,1.8443000246788656e-05,7.905272287521927e-05,"[0.5600969432150797, 1.5052329905753667]",-0.4022614355052596,0.09344240565966407,0.4419538536594276,"[-0.8722538575021068, 0.0677309864915876]",1.5365255010216894
1201.0,24.0,0.00037245107547415334,0.002385977421359086,1.0415841066096165,1.541426333686087e-06,9.880938036449276e-06,"[0.6167907032444854, 1.4663775099747478]",0.0850478977884297,0.693941492525286,0.9384107475438823,"[-0.33855008930544006, 0.5086458848822994]",23.675140960017533
1202.0,24.0,0.0009906107751366923,0.00459041137690775,1.1775015915747162,1.1457068040473032e-05,5.311575354878549e-05,"[0.651514004155636, 1.7034891789937965]",0.2730190163120385,0.24638691644311406,0.6926818005147991,"[-0.1886108229271724, 0.7346488555512494]",22.957144175900453
1203.0,24.0,0.00039390697133007114,0.0024836505127999444,1.142712208116384,1.7429238319504754e-06,1.0982506817583335e-05,"[0.6742740235657778, 1.6111503926669903]",-0.2558910110459216,0.23677239812537865,0.678625388722782,"[-0.6798114292931519, 0.1680294072013086]",0.9774316632177892
1204.0,24.0,7.911012552049654e-05,0.0009474266529400782,1.2799412910803374,4.512739545169703e-08,5.404478497209224e-07,"[0.8212827493970996, 1.7385998327635752]",-0.09429957906074726,0.6194417639417806,0.9174210890671123,"[-0.46644672377776547, 0.27784756565627095]",0.36019785933607
1205.0,24.0,0.0007513573272758059,0.0037903298631495196,0.8774156423755817,6.6396405671410736e-06,3.34659302779288e-05,"[0.4956771939811163, 1.2591540907700471]",0.39262657713261184,0.08520013402743032,0.4251236536262876,"[-0.05444433205916155, 0.8396974863243852]",22.500276947042245
1206.0,24.0,0.021046872635587476,0.04955703469646215,0.8874963425043281,0.002359583942610878,0.00555719251674724,"[0.3154539102768458, 1.4595387747318105]",0.2984240402199374,0.37938928908962477,0.8071632041216925,"[-0.36697489101157377, 0.9638229714514486]",22.860104132677016
1207.0,24.0,3.470401123079652e-05,0.0005964813475269001,1.3356141198459934,5.71179552804763e-09,9.81408166331208e-08,"[0.8862128134709635, 1.7850154262210234]",0.39185057844037097,0.02633970987098955,0.21625377562388792,"[0.04608039795923241, 0.7376207589215096]",22.503241043707117
1208.0,24.0,0.0017091263586542487,0.006758111343037757,0.8425805284368221,3.253868560418979e-05,0.00012871315507986464,"[0.445118378786553, 1.2400426780870912]",0.015251581507100376,0.9513765799867901,0.9914303668057421,"[-0.47496551618162464, 0.5054686791958254]",23.941743249916225
1209.0,24.0,0.000135286639037563,0.0012921359984485483,1.4478018765341634,1.6159606010413618e-07,1.5434198672792376e-06,"[0.9061468785852603, 1.9894568744830665]",0.029369639009660276,0.8822921053765094,0.9768649301292893,"[-0.3594038541285132, 0.4181431321478338]",23.887816242594912
1210.0,24.0,0.0001106433800857403,0.0011383063794829249,1.281001435320869,1.0192672404129224e-07,1.0480775204537062e-06,"[0.8093507826511517, 1.7526520879905862]",-0.38863612140393133,0.04413080455869925,0.29782820915864144,"[-0.7670618425124193, -0.0102104002954434]",1.4844806348519428
1211.0,24.0,0.00041948148793504467,0.0025798369491700163,1.1116188204683681,1.9844859531868635e-06,1.2212221250380698e-05,"[0.6534203202215805, 1.5698173207151558]",0.11354204561613734,0.6030458301662225,0.9116498007882906,"[-0.3143953101000322, 0.5414794013323069]",23.566301332594232
1212.0,24.0,0.005605591297118826,0.01632855023920427,0.7019902957452813,0.0002734014759933518,0.000796392298262021,"[0.32392767759245816, 1.0800529138981043]",-0.06327268508821504,0.8245919682795055,0.9666963285808975,"[-0.6227864111226588, 0.4962410409462287]",0.24168385426767072
1213.0,24.0,0.6332889912374744,0.8650307215373233,0.2432383648240938,0.3341913348633766,0.45654553943084236,"[-0.25042994935415674, 0.7369066790023443]",0.24509694525961656,0.8190307174828982,0.966095377463714,"[-1.8545461515377242, 2.3447400420569573]",23.063798631005
1214.0,24.0,0.00015645163555702793,0.0014056750723901881,1.3268195415525832,2.2607465451766972e-07,2.0312188186672934e-06,"[0.8244504942872034, 1.829188588817963]",0.033722029106698415,0.8665931241490274,0.9734244302898619,"[-0.3597237223134544, 0.4271677805268512]",23.871191337037924
1215.0,24.0,0.027697602836585455,0.0633088064836239,0.8025330665163174,0.00360014253646929,0.008228829009652909,"[0.26223277565651626, 1.3428333573761186]",0.3430546370950154,0.33233629492559924,0.7739550417456899,"[-0.3505307975382941, 1.0366400717283248]",22.68962781013757
1216.0,24.0,0.010311275535267464,0.026678591294353075,0.8558067817779004,0.0007570074302631633,0.0019586220705385855,"[0.35778910580016865, 1.353824457755632]",-0.13558488263024326,0.6599099382150799,0.9307615489634414,"[-0.7394913204235538, 0.4683215551630673]",0.5178961026993042
1217.0,24.0,5.8588795712136435e-05,0.0008056192743768151,1.2303757345436714,2.15633612948878e-08,2.96607445596806e-07,"[0.799672643024121, 1.6610788260632219]",0.17655800314633918,0.3403426373552374,0.7813191858476525,"[-0.186369645888402, 0.5394856521810804]",23.325598105363817
1218.0,24.0,0.00938206357718651,0.024715657474147813,0.9211906416073498,0.0006494378491588587,0.0017117497342089053,"[0.39173080846855957, 1.45065047474614]",-0.24641960534444607,0.41661739433250833,0.8288815882747501,"[-0.840992248707288, 0.3481530380183958]",0.9412535583677429
1219.0,24.0,0.0013064774035354465,0.005552390155271766,1.0254988838803,1.9722086813395826e-05,8.378116743158805e-05,"[0.5545677122978386, 1.4964300554627616]",0.48263000153033353,0.043877513068533006,0.29782820915864144,"[0.013242495136054522, 0.9520175079246125]",22.15648918972796
1220.0,24.0,3.764992925657904e-06,0.0002186098267406235,0.9898534877194659,9.301804114418704e-12,5.439651528899827e-10,"[0.7052558406924886, 1.2744511347464433]",0.138912729750027,0.3614763530322668,0.7969055401945917,"[-0.15944056393826478, 0.4372660234383188]",23.46939245764547
1221.0,24.0,0.01447623607016642,0.035638198104791775,0.8124669902930967,0.001311373090396802,0.003228392640070906,"[0.31692743497044473, 1.3080065456157486]",-0.3313963888990141,0.3015462228302368,0.7501149821647681,"[-0.9600967739473304, 0.29730399614930214]",1.265840961985973
1222.0,24.0,3.339187305021102e-06,0.00020932207166557925,1.5584158483807287,6.34969757486625e-12,4.018795933459651e-10,"[1.1139123657170336, 2.0029193310444238]",0.1740762075951494,0.24862921622832057,0.695756657100674,"[-0.12165703955963275, 0.4698094547499316]",23.335077866076986
1223.0,24.0,0.0005617709632013161,0.0031366329603646904,1.2005313408072926,3.6725630744233796e-06,2.0494213584951893e-05,"[0.692225710856334, 1.7088369707582514]",-0.3658324801274535,0.0998284162551666,0.4585595601982848,"[-0.8015282759722346, 0.06986331571732768]",1.3973771413404432
1224.0,24.0,0.04373704176309489,0.09512188291234208,0.6648620959841955,0.007130039350602229,0.015506827643763004,"[0.1805637781542045, 1.1491604138141867]",-0.09544047154135615,0.8046905521015557,0.964880279922775,"[-0.8519065228387588, 0.6610255797560465]",0.3645557476038767
1225.0,24.0,0.0006720595132437042,0.00353343592662305,1.1701265758336372,5.266908993667833e-06,2.770599155006751e-05,"[0.6665091433141022, 1.6737440083531723]",0.15519813657586834,0.49566603717071345,0.871424115982267,"[-0.29125968853560213, 0.6016559616873388]",23.407186785727188
1226.0,24.0,0.0005543218067331841,0.0031161257348043636,0.9152995274550245,3.553245525313066e-06,1.998875151581105e-05,"[0.5283326226603458, 1.3022664322497033]",-0.17120451505540046,0.4440088340650419,0.8473451031775608,"[-0.6095852278818548, 0.2671761977710538]",0.6539530764172272
1227.0,24.0,0.0268083867863169,0.06145893348536658,0.773789369679993,0.003423510642530025,0.00784668953135463,"[0.2556317325102764, 1.2919470068497096]",-0.2997273678566428,0.3954115506997038,0.8172334993625746,"[-0.9909771823161864, 0.3915224466029008]",1.1448742121833815
1228.0,24.0,9.469226933691476e-05,0.0010357381128266857,1.360805021822242,6.964124235300826e-08,7.630349450469707e-07,"[0.8661681079235011, 1.855441935720983]",-0.06740827069235067,0.7264339257050341,0.9490709376786874,"[-0.4450245485835709, 0.31020800719886954]",0.25748062766313956
1229.0,24.0,0.0003311747295059962,0.0022082120222332484,1.0004923736542268,1.200298864772575e-06,8.007330652252001e-06,"[0.5966424340049179, 1.4043423133035358]",-0.1720762826206519,0.4203532926106315,0.8309019423020981,"[-0.5906165790262478, 0.24646401378494398]",0.657282983230914
1230.0,24.0,5.1107476835861675e-06,0.0002413319386198876,1.483133943050902,2.4196139307237128e-11,1.1470808098815e-09,"[1.047850980503767, 1.9184169055980371]",-0.07476309383158863,0.630773224024451,0.9219135107051315,"[-0.37963437525964655, 0.23010818759646928]",0.2855739826593725
1231.0,24.0,0.00047350136156295317,0.0028084303770044674,1.3477841002488293,2.5579777456516474e-06,1.5180876828793158e-05,"[0.7861524237694711, 1.9094157767281876]",0.07049809980175681,0.749582950073373,0.9551730187504387,"[-0.36239148966871276, 0.5033876892722264]",23.730717094511153
1232.0,24.0,0.001967483679967706,0.007503751639846325,1.0639579481581922,4.254922354495643e-05,0.0001622777404460581,"[0.5544963816163598, 1.5734195147000247]",-0.3448498959821631,0.1706070730386373,0.5911540992329775,"[-0.838110634954534, 0.1484108429902078]",1.3172295736868926
1233.0,24.0,0.017189254023328493,0.04138996875349986,0.8366974915612385,0.0017170611743040835,0.004135503791676502,"[0.31364653101731665, 1.3597484521051604]",-0.16066225923750466,0.6272095649897004,0.920090014308269,"[-0.809044760634148, 0.4877202421591387]",0.6136846254230494
1234.0,24.0,0.0006382405186826746,0.0034117668034274636,1.1658453500154158,4.7446163213934134e-06,2.5372279793547665e-05,"[0.666473068966742, 1.6652176310640896]",0.1819794572255402,0.42180882352847404,0.8326269710392301,"[-0.26203762050887003, 0.6259965349599504]",23.304889676193003
1235.0,24.0,2.5085651566729065e-06,0.00019127600552403012,1.7162429582099685,2.5212175896234343e-12,1.9393981458641802e-10,"[1.2358491069993818, 2.1966368094205553]",-0.28103405182885055,0.05680600001646381,0.34637804888087687,"[-0.5702069076245787, 0.008138803966877606]",1.0734710046169313
1236.0,24.0,0.008666535322070738,0.02308613564749797,0.8509070626685534,0.0005687698078250358,0.0015155070818679344,"[0.3669530032487718, 1.334861122088335]",0.07814873421441781,0.7954325467144953,0.9628316126547152,"[-0.5126369700455539, 0.6689344384743895]",23.701493823681616
1237.0,24.0,0.0002152792431094809,0.001700467955051192,1.3114396974360005,4.6737805870237464e-07,3.6946882110859655e-06,"[0.8013680765376454, 1.8215113183343556]",-0.2210170580298163,0.28206626036299864,0.73187924328749,"[-0.623722092914571, 0.18168797685493843]",0.8442229750337651
1238.0,24.0,0.001817062130297447,0.007044570941172823,1.1720345001818575,3.649880739925582e-05,0.00014161446154809437,"[0.6156355526489994, 1.7284334477147156]",-0.044701237091482326,0.8590263008286337,0.9718046448331139,"[-0.5379783588775541, 0.4485758846945894]",0.17074614829037257
1239.0,24.0,0.00011340884929003647,0.001156053509582431,1.2990084816766876,1.0775290111051362e-07,1.0983985842050316e-06,"[0.8198171907504767, 1.7781997726028984]",0.32551044753562675,0.09347324004896893,0.4419538536594276,"[-0.054843775993345556, 0.705864671064599]",22.7566416779196
1240.0,24.0,0.000245014508927392,0.001826529496716284,1.0045368895568627,6.208710614772172e-07,4.629910972984468e-06,"[0.6095498478009955, 1.39952393131273]",0.04188652754424549,0.8407505984141344,0.9708072590103425,"[-0.36668695013669295, 0.4504600052251839]",23.840005250217082
1241.0,24.0,7.470840283403306e-07,0.00012374671217748142,1.3864864484937205,3.780756011872879e-14,6.301260019788131e-12,"[1.0274288573709927, 1.7455440396164483]",0.38820962436375606,0.0042557944989047615,0.06842113342290614,"[0.12203398650686675, 0.6543852622206454]",22.51714846383985
1242.0,24.0,0.07429345385328948,0.15429585431628137,0.5400717146629944,0.015498084117750912,0.03218040722124359,"[0.10276129334673367, 0.9773821359792552]",-0.5126712757249479,0.22382706718790846,0.6628367544406226,"[-1.3387196705549704, 0.3133771191050747]",1.9582600251084832
1243.0,24.0,0.09065772793343503,0.1856979269427182,0.6209360352425352,0.020598161449216765,0.04219205540601549,"[0.09529009542701206, 1.1465819750580581]",0.46264758356001323,0.295261275951165,0.7456313978194925,"[-0.40370989884449193, 1.3290050659645183]",22.23281640400568
1244.0,24.0,0.000570708333348308,0.00317943361196829,1.1560732449660744,3.776481034254495e-06,2.103889155573535e-05,"[0.6659790339029549, 1.6461674560291941]",0.21235798964304564,0.3431424684808517,0.7837881874848143,"[-0.22669816593373587, 0.6514141452198272]",23.18885222983804
1245.0,24.0,5.74474004555847e-06,0.00025332447423595387,1.443457006801326,3.46568390485479e-11,1.533488453475571e-09,"[1.0164381170502041, 1.8704758965524477]",0.04677945186516208,0.7654909700228928,0.9575323787835143,"[-0.2606050392378709, 0.35416394296819503]",23.82131565601272
1246.0,24.0,0.0002034859993708765,0.0016410161239586813,1.354306236829059,4.179547409983424e-07,3.3651750482958323e-06,"[0.8297844075325125, 1.8788280661256056]",-0.635814805213899,0.0014659999813902852,0.03393518475440475,"[-1.0275294982149539, -0.24410011221284406]",2.428633659379263
1247.0,24.0,0.00032749298050661625,0.002190588498372015,1.4770875266445804,1.1705406434195051e-06,7.829703300464918e-06,"[0.8814692730538756, 2.0727057802352853]",-0.12119394928618465,0.5703936022655867,0.9008246509973031,"[-0.5397799080697856, 0.2973920094974163]",0.46292678644139446
1248.0,24.0,0.0022661233336213186,0.008266190314400073,0.8115077865012303,5.499925275933694e-05,0.000200580790515452,"[0.4171591206612675, 1.2058564523411932]",0.14161562675668193,0.582003553826467,0.9046577798681021,"[-0.36261950340367144, 0.6458507569170353]",23.459068151582812
1249.0,24.0,0.029550796067023627,0.06697823224620042,0.789189549175515,0.003962222473264655,0.008980558642938929,"[0.2523271665653689, 1.3260519317856612]",0.07756377414031146,0.8296607921474417,0.9686926026402447,"[-0.6290671721792531, 0.784194720459876]",23.703728206576947
1250.0,24.0,0.0010638174916823282,0.004826758129230164,0.9565113828937054,1.316124002573949e-05,5.971524512585975e-05,"[0.5262720531558658, 1.386750712631545]",-0.2355689786747801,0.32125891035130927,0.7641743823770439,"[-0.7010581784820293, 0.22992022113246913]",0.8998072174848128
1251.0,24.0,0.0032920112904828557,0.01080668015704777,0.9592418967155789,0.00010804641712415418,0.0003547157489302501,"[0.473655727016154, 1.444828066415004]",-0.12637536083814904,0.6373533027143754,0.9251753559506103,"[-0.6518098566957531, 0.399059135019455]",0.4827183206979204
1252.0,24.0,0.0008613042775626928,0.004160890229771463,0.9050385322158413,8.693849228150266e-06,4.199927163357617e-05,"[0.5061840995606056, 1.303892964871077]",-0.2839656392969019,0.22148530412287804,0.660857272862046,"[-0.7391986149842373, 0.17126733639043362]",1.0846688438964505
1253.0,24.0,0.0045206111408417704,0.013779768952477477,0.9855430864611776,0.0001894249413775016,0.0005769873328586708,"[0.4680571234563944, 1.5030290494659608]",-0.32407128440534194,0.2407446296711303,0.6848298276004801,"[-0.865502610323687, 0.21736004151300314]",1.237861123853991
1254.0,24.0,0.004559387040139692,0.013858319270941312,1.1683656855832862,0.0001926780123425739,0.0005852916535315125,"[0.554177957623636, 1.7825534135429364]",0.42523656116669706,0.12216792438053642,0.5077636092291622,"[-0.11395474908531988, 0.964427871418714]",22.375715983366106
1255.0,24.0,0.01451442531418288,0.035697061766313036,0.9365753231984676,0.001317568278877742,0.0032396564516295598,"[0.36509891884148316, 1.508051727555452]",0.3633584328003483,0.2567642932554739,0.7058463400471383,"[-0.2646170047613594, 0.991333870362056]",22.61207302333681
1256.0,24.0,0.0022063343981115085,0.008132452628498004,1.0030231186369616,5.231157217650053e-05,0.00019288927793694886,"[0.517024590018405, 1.4890216472555182]",-0.027729432270136023,0.9140439800074546,0.9864493632715893,"[-0.5312418318439823, 0.4757829673037103]",0.10591862915817755
1257.0,24.0,0.0003087993262580693,0.002114126081068248,1.2878090289309128,1.0325114198903516e-06,7.067155509174206e-06,"[0.771148995995766, 1.8044690618660595]",-0.19219749145232434,0.3649105160974466,0.7992247303574854,"[-0.6079593667340739, 0.22356438382942528]",0.7341403395479933
1258.0,24.0,0.0013191317312393383,0.0055942821511422314,0.9540531126074491,1.990414018349689e-05,8.444692483452222e-05,"[0.5157207688604746, 1.3923854563544236]",0.06844919835562457,0.7786489525276441,0.9596363723535175,"[-0.40884519704766625, 0.5457435937589155]",23.738543321544594
1259.0,24.0,0.001323857875310413,0.005606320514674949,1.1199549292083706,2.009914691645806e-05,8.509962176902082e-05,"[0.605137569630281, 1.6347722887864602]",0.24583549520863368,0.3109488124877535,0.7566929628184621,"[-0.22970038649438596, 0.7213713769116533]",23.060977578002447
1260.0,24.0,0.004937162938406902,0.014742200472997617,0.8654433026497871,0.00021997423297813684,0.0006570317591939571,"[0.40636777288131803, 1.3245188324182562]",-0.14168223175263606,0.6139002731728316,0.9171561511352546,"[-0.6920973004007664, 0.40873283689549433]",0.5411862607613644
1261.0,24.0,0.0002524486158192944,0.0018672234897876806,1.0982580323981415,6.636322160901125e-07,4.908522308358821e-06,"[0.6652995464368687, 1.5312165183594142]",0.10242974111803616,0.6238351019496353,0.9195245607783346,"[-0.30692889686143593, 0.5117883790975082]",23.608747209154593
1262.0,24.0,0.07064564662573161,0.14723978037876534,0.691116361006824,0.01436241505139447,0.029934170594819655,"[0.13779732455043825, 1.2444353974632099]",-0.04649737635140383,0.912766241498218,0.9856022475955274,"[-0.8783837954637882, 0.7853890427609805]",0.1776068948911228
1263.0,24.0,0.0004383053335340218,0.002654786998994681,0.986957132753908,2.191843751881338e-06,1.3267819321315605e-05,"[0.5784145096753059, 1.39549975583251]",-0.3675363026498486,0.09078339933331857,0.43729961143217033,"[-0.7934610774254387, 0.05838847212574144]",1.4038852639786146
1264.0,24.0,0.007542067108044596,0.020657537956846335,1.1818993940217144,0.00045148239987065434,0.0012365992875120635,"[0.5215579863518087, 1.84224080169162]",0.08662360804651748,0.7698482289726972,0.9588381359019884,"[-0.4936722677067008, 0.6669194837997358]",23.669122190182605
1265.0,24.0,0.0005549554322207128,0.0031161257348043636,1.2178326979151832,3.5558059888446473e-06,1.998875151581105e-05,"[0.7029454061087312, 1.7327199897216352]",-0.05983120232114736,0.7894938863357108,0.9619333365324607,"[-0.49908628634845154, 0.3794238817061568]",0.22853835841300524
1266.0,24.0,0.0003324577478105094,0.0022134337404161744,1.3130360562466272,1.2118022318386367e-06,8.067924313173346e-06,"[0.7828210795311789, 1.8432510329620757]",-0.21958232035184277,0.30333487200599885,0.7514276816848787,"[-0.637701441729223, 0.1985368010255375]",0.8387426807900129
1267.0,24.0,0.0026283304244474727,0.009183629401628696,1.044300265934878,7.223633415308018e-05,0.00025230993417073067,"[0.5285795517426743, 1.5600209801270815]",-0.2566580759650474,0.3246003682355777,0.7664141157578481,"[-0.7673341593222373, 0.2540180073921424]",0.9803616353830193
1268.0,24.0,0.00016021265999874404,0.001422847779740178,1.2249732358599184,2.394333322272739e-07,2.126406147666731e-06,"[0.7602028383353936, 1.6897436333844431]",0.19743629646845662,0.32495572502369974,0.7667666942512972,"[-0.19569403891787546, 0.5905666318547886]",23.245848899310918
1269.0,24.0,0.009610994036141463,0.02519925022585596,0.7912296296079456,0.0006778715524456316,0.001776858590945299,"[0.3348994521198362, 1.2475598070960552]",-0.4325807918431108,0.1516149656801875,0.5602918169999538,"[-1.0238857053583161, 0.15872412167209438]",1.652336911402496
1270.0,24.0,1.4297580691923172e-05,0.00037724487313781454,1.4723439851594367,5.062721473919455e-10,1.3358104152821778e-08,"[1.0081856322890241, 1.9365023380298492]",0.03101636694986265,0.8527837697818762,0.9709205669957378,"[-0.2965781212072278, 0.3586108551069531]",23.881526205196256
1271.0,24.0,0.00022362605622879667,0.0017304288602727868,1.4329840859244527,5.069581552691754e-07,3.9238247311855685e-06,"[0.8739102416173018, 1.9920579302316037]",-0.0182014014966132,0.9298860733245542,0.9892015094756179,"[-0.423643277228927, 0.38724047423570057]",0.0695242324652691
1272.0,24.0,0.00010492274530275816,0.001104449950555349,0.9100677499762941,8.896984469791052e-08,9.36524681030637e-07,"[0.5765363239989336, 1.2435991759536547]",-0.07890859725079569,0.6845506643793806,0.9369705233771977,"[-0.4595947049653816, 0.3017775104637902]",0.30140863931788026
1273.0,24.0,0.08303842343726575,0.17114266990368043,0.6859525022859589,0.018118386127516817,0.03734979618123442,"[0.1170425561786359, 1.254862448393282]",-0.06668347624379845,0.8794323920978325,0.9766268042296392,"[-0.9282976015215982, 0.7949306490340013]",0.2547121168020359
1274.0,24.0,8.02181824332879e-05,0.0009550145413018661,1.2290992215179177,4.693575576472575e-08,5.580945988671314e-07,"[0.7880977499274959, 1.6701006931083395]",-0.27565941106517045,0.14504744732788377,0.5457014572155146,"[-0.6464143287639689, 0.09509550663362798]",1.0529413891397421
1275.0,24.0,0.00032351583878825665,0.002181495878545224,1.1908388301783566,1.1402838084812045e-06,7.689034446940018e-06,"[0.7111583666462564, 1.6705192937104567]",-0.13031552227966703,0.5412395926134166,0.8901534294097935,"[-0.5483826212801746, 0.28775157672084045]",0.4977686287778646
1276.0,24.0,0.0008313190060967031,0.004073096551184238,1.270241525347299,8.105169985616484e-06,3.96923113889152e-05,"[0.7123276373033479, 1.8281554133912499]",-0.2976621364667933,0.19822078673270038,0.6318800979684425,"[-0.7510977180603083, 0.15577344512672175]",1.1369856093596273
1277.0,24.0,0.0022823438218317945,0.008299432079388344,1.1197599321878984,5.580597436995442e-05,0.00020285704969085576,"[0.5751554757187833, 1.6643643886570134]",-0.22799897148725368,0.3747509363172906,0.8058196345601851,"[-0.7314521917710368, 0.27545424879652947]",0.8708919199695486
1278.0,24.0,0.006800081463394469,0.019037182148360775,0.792342968178253,0.0003802148269147891,0.0010647292828753546,"[0.35531301350982447, 1.2293729228466814]",0.24505093783605414,0.39994926732812064,0.8206211468997754,"[-0.32556122153701705, 0.8156630972091253]",23.063974366418094
1279.0,24.0,0.018341952139771238,0.04389076846080698,0.9669709538209091,0.0018997278062917054,0.004546978952349702,"[0.356685123171152, 1.5772567844706664]",-0.012110907324166753,0.9711302376856347,0.9946639642340541,"[-0.6679945934177266, 0.6437727787693931]",0.046260258383255475
1280.0,24.0,0.0035795604131348617,0.011535805391991175,0.8913602656836015,0.00012553509018015232,0.0004045603937484767,"[0.4358171174579631, 1.34690341390924]",-0.2156656391728422,0.4244759184992648,0.8337770938897364,"[-0.7449099214214268, 0.31357864307574235]",0.8237820607063424
1281.0,24.0,1.747347490033458e-05,0.00041632454448327035,1.2238767766012009,8.883161468195947e-10,2.11834726695068e-08,"[0.8324533064086129, 1.615300246793789]",-0.0750447038732176,0.6579638401975012,0.9301211184160023,"[-0.4072702197772355, 0.2571808120308003]",0.28664965378296203
1282.0,24.0,6.994538873038418e-06,0.00027861431118372923,1.409373446819587,6.303871698511858e-11,2.511502668729824e-09,"[0.9867642511774783, 1.8319826424616958]",0.09934569379530611,0.5317618188624381,0.8853843137902733,"[-0.21203782795611947, 0.4107292155467317]",23.620527402181995
1283.0,24.0,0.11071557319046653,0.22245443679016785,0.662549335329036,0.027301828081604796,0.05485599373438778,"[0.07420778037147924, 1.250890890286593]",0.20724091363445574,0.6587877753551292,0.9301211184160023,"[-0.7125876213527121, 1.1270694486216235]",23.2083980204207
1284.0,24.0,0.0018174993028225884,0.007044570941172823,0.8498352105381877,3.6571183443620225e-05,0.0001418037357255534,"[0.44634913377819657, 1.2533212872981787]",-0.1792818512676586,0.4752838089964252,0.8615157119619586,"[-0.6714821959824403, 0.3129184934471231]",0.6848062280619324
1285.0,24.0,0.019957885545113584,0.04730477730531781,0.6559924409972282,0.0021678259967608435,0.005138246022187352,"[0.2366745521979744, 1.0753103297964821]",0.07550379772165439,0.8236370024511738,0.9666963285808975,"[-0.5884931263379751, 0.7395007217812839]",23.711596736889316
1286.0,24.0,0.00226848152026672,0.008267060933916619,0.9470957260343797,5.511806422410751e-05,0.00020094081014986333,"[0.4868008443641598, 1.4073906077045997]",-0.1588965212869855,0.5367090562261205,0.8887546089143881,"[-0.6629963771953536, 0.34520333462138264]",0.6069400032703276
1287.0,24.0,0.002019137612869555,0.007630905566400434,1.0858497002067846,4.441001633563454e-05,0.0001682060682906767,"[0.5646409082995492, 1.60705849211402]",-0.01957622825779648,0.9386876433930875,0.9892015094756179,"[-0.5183930316776971, 0.47924057516210417]",0.07477568386376525
1288.0,24.0,0.053668912358991704,0.11445705344208083,0.8525984397537053,0.00963418109690091,0.02055072759577839,"[0.2070741387793853, 1.4981227407280253]",0.03229928938475801,0.9358690536348427,0.9892015094756179,"[-0.7544657418885697, 0.8190643206580858]",23.876625802465444
1289.0,24.0,0.00020608389067457766,0.0016525396826485579,1.2650758878464479,4.23460875072967e-07,3.3966234733490353e-06,"[0.7748711442754248, 1.755280631417471]",0.18553006683116102,0.365267364559666,0.7992721325156805,"[-0.2161076092300364, 0.5871677428923585]",23.291327346519626
1290.0,24.0,2.738694904437739e-05,0.0005200855242046424,0.9282606743489853,3.030356871714238e-09,5.750202792626638e-08,"[0.621452194662795, 1.2350691540351755]",0.21189794008447027,0.2250396591364675,0.6638126097063651,"[-0.1304199439638024, 0.554215824132743]",23.19060948970959
1291.0,24.0,0.0018786527157338205,0.007228367509556831,0.9636698412762459,3.911461091402884e-05,0.00015049869532138838,"[0.5044138918581977, 1.422925790694294]",0.411541709582143,0.09918317371105916,0.4574869636118965,"[-0.07765888467019921, 0.9007423038344852]",22.428026463156304
1292.0,24.0,0.00010842541534709368,0.0011247449724802248,1.3808637104319406,9.613923624390714e-08,9.99368360123775e-07,"[0.8734570618302342, 1.888270359033647]",0.03996071127454748,0.8374748745599506,0.9708072590103425,"[-0.34186381173298963, 0.4217852342820846]",23.847361326508505
1293.0,24.0,0.00021756930764869686,0.0017073765434603937,1.3273318779169418,4.79185227589072e-07,3.7583155105025254e-06,"[0.8105892490637995, 1.844074506770084]",0.2625451924699167,0.20107523214589762,0.6347071721777071,"[-0.13994323938545655, 0.6650336243252899]",22.997151236001592
1294.0,24.0,0.00023395552629957786,0.0017837974971246404,1.0370825851807766,5.606204586643696e-07,4.279545485987554e-06,"[0.6309039281038376, 1.4432612422577156]",0.06194465180628139,0.7654158916307845,0.9575323787835143,"[-0.34495509801294316, 0.46884440162550595]",23.763388859206177
1295.0,24.0,0.00012089784042060963,0.0011981946523350806,1.2611504216455889,1.2449525439897952e-07,1.2338479127748218e-06,"[0.7936041554030211, 1.7286966878881567]",0.15023961011336429,0.4439033244225957,0.847305448411139,"[-0.23436998208123827, 0.5348492023079668]",23.426126961654216
1296.0,24.0,0.004845492188946324,0.014520504012425304,1.0488838616618787,0.00021298521880116388,0.0006382535774682765,"[0.4937334577109347, 1.6040342656128228]",0.1488407915010903,0.5952356602869102,0.9095050131095813,"[-0.4002693337924015, 0.6979509167945821]",23.431470055173392
1297.0,24.0,0.002033906983566191,0.00767222551326364,0.8078578321784058,4.501622567181696e-05,0.00016980847103665393,"[0.4197859601014641, 1.1959297042553474]",0.03791305641467968,0.8816592802458102,0.9767995571081434,"[-0.46124839185854105, 0.5370745046879004]",23.855182791933164
1298.0,24.0,0.0002319501750765326,0.0017746761673797442,1.1290969185476547,5.542197389034619e-07,4.240395860011185e-06,"[0.6870757412296906, 1.5711180958656188]",-0.347867680040431,0.09085051308557125,0.4374121958862362,"[-0.7510829773247722, 0.055347617243910185]",1.328756659688267
1299.0,24.0,5.87583949742498e-07,0.00012239946415804818,1.3714229341751742,1.5661097943981988e-14,3.3321484987195717e-12,"[1.021522403123345, 1.7213234652270035]",-0.48025010650717626,0.0003075675840904958,0.011955234780453934,"[-0.7410742360727155, -0.219425976941637]",1.8344202809046315
1300.0,24.0,0.0034086384006424566,0.0111102946565921,1.0222978738224955,0.00011519083765136025,0.0003752144548904243,"[0.5026937496034807, 1.5419019980415103]",0.2562841397458371,0.3392342382523681,0.7794904371607723,"[-0.26931857703314466, 0.7818868565248188]",23.0210666957615
1301.0,24.0,0.019721283087838333,0.04679943779743316,0.7682850278235241,0.002129421683790537,0.005053207602730273,"[0.27804223144376217, 1.258527824203286]",0.17272138100430912,0.6088888770579501,0.9143882220641197,"[-0.48890466693479084, 0.8343474289434091]",23.340252922452134
1302.0,24.0,0.029162808839111622,0.06615882223028952,0.7850915256012546,0.003907620064456127,0.008858807672763834,"[0.2518258757103714, 1.318357175492138]",0.6552217238962799,0.061202310776223984,0.359168490470798,"[-0.03077704456764374, 1.3412204923602036]",21.497237371697135
1303.0,24.0,0.0011770510697144605,0.005169306410691525,1.0598852453716379,1.601310700114311e-05,7.035635765001368e-05,"[0.5783815708190587, 1.541388919924217]",0.21160354058970565,0.3780783126894439,0.8064925181406785,"[-0.258915267808623, 0.6821223489880344]",23.191734012945645
1304.0,24.0,0.00010106362468319251,0.0010785872431504002,1.4294587437930921,8.165642331458465e-08,8.714666308920452e-07,"[0.9070900744784806, 1.9518274131077038]",0.21822740584613332,0.25833420750473224,0.7071837051867841,"[-0.16017108788743634, 0.5966258995797029]",23.166432711395203
1305.0,24.0,0.000744830276226544,0.00377894609957658,0.9472162611216939,6.478644589091689e-06,3.291994201774232e-05,"[0.5355856022152247, 1.3588469200281632]",-0.11749188406369271,0.6097428106446026,0.9143882220641197,"[-0.5686312638048643, 0.3336474956774789]",0.4487859389259979
1306.0,24.0,0.00100643363357264,0.004640081298168004,1.165739290058005,1.1773736242946517e-05,5.430690148960571e-05,"[0.6443005340671775, 1.6871780460488326]",-0.05520463864230507,0.8159047271662232,0.966095377463714,"[-0.5199466078144583, 0.40953733052984814]",0.21086618691659303
1307.0,24.0,0.0009391845453206671,0.004417613101226092,1.0342912576926797,1.033678721846886e-05,4.859796529604542e-05,"[0.574615300929081, 1.4939672144562786]",0.34445709233578015,0.14031817965978316,0.5362156158566631,"[-0.11337567689682299, 0.8022898615683833]",22.68427082572078
1308.0,24.0,0.0004570731595162163,0.0027363871409789293,1.1166802693813354,2.3808091944244396e-06,1.4264884328486757e-05,"[0.6527938734639817, 1.5805666652986892]",-0.19374321114584436,0.37772034828419865,0.806405525798887,"[-0.6242248098225507, 0.23673838753086196]",0.7400445538645901
1309.0,24.0,0.0001242036682980098,0.001221275007846704,1.032872098974304,1.3241432402159452e-07,1.3020090857580583e-06,"[0.6491354690876465, 1.4166087288609617]",0.05998359150972288,0.7606856172804921,0.9565482608929913,"[-0.3260084550101663, 0.44597563802961204]",23.77087955776374
1310.0,24.0,0.009370405503530056,0.02470365402712025,1.0702444568962723,0.0006482231243547046,0.001708998482348285,"[0.455207134960962, 1.6852817788315826]",-0.2573433232106437,0.3960012075452548,0.8173912986918532,"[-0.8515856020600691, 0.3368989556387817]",0.9829790870560614
1311.0,24.0,0.0032522752819587916,0.010712641304098517,0.875516718128589,0.00010565913412388227,0.00034813553253338475,"[0.43293579626672585, 1.318097639990452]",-0.030939890604972042,0.9080958613104316,0.9846177571464625,"[-0.5562407439478031, 0.494360962737859]",0.11818167668409102
1312.0,24.0,0.11966479448090514,0.23885188519142742,0.6430946770677881,0.03045278825782762,0.06078400849865792,"[0.06067570474068973, 1.2255136493948866]",-0.02745968127444076,0.9543963371959916,0.9927151416642309,"[-0.9685845626005736, 0.913665200051692]",0.10488825625332489
1313.0,24.0,0.002799026561413292,0.009582425749446394,1.0758561383845682,8.083909629678182e-05,0.0002768462201944583,"[0.5409262970288264, 1.61078597974031]",0.18624841209280252,0.4787427564138963,0.8635331104146758,"[-0.3291076738314783, 0.7016044980170834]",23.28858346973794
1314.0,24.0,0.006002883527428625,0.01724360908182843,1.0356844330142303,0.0003085408503586027,0.0008861023847174115,"[0.4730757701378656, 1.598293095890595]",-0.3534048619820336,0.21559419339757102,0.6542767589910653,"[-0.9127561732352472, 0.20594644927118]",1.3499071367315925
1315.0,24.0,0.03165579211702621,0.07112062933503979,0.7581504994014338,0.0043981200075816265,0.009881195254058922,"[0.23641739936523032, 1.2798835994376372]",0.12302095801930957,0.7357093510368333,0.9523631024368666,"[-0.5913126351314952, 0.8373545511701144]",23.530094554255832
1316.0,24.0,1.6648684428322347e-06,0.00016648684428322347,1.1520600514259538,6.309684076149462e-13,6.309684076149462e-11,"[0.83817121394655, 1.4659488889053576]",-0.02048096130432242,0.8872576872578175,0.9788768537159467,"[-0.3036192480362061, 0.26265732542756126]",0.07823150954056189
1317.0,24.0,0.0006698073065588566,0.003527158012421572,1.067075038168262,5.227165596896276e-06,2.752588518639429e-05,"[0.6079710750713785, 1.5261790012651457]",-0.10776331735594002,0.636355382579364,0.924129222450427,"[-0.5544890219745826, 0.3389623872627025]",0.41162555138828383
1318.0,24.0,0.009492374287299588,0.02494710719395424,0.9584527072117714,0.0006628588666487756,0.0017420732369218808,"[0.40667296860185786, 1.5102324458216851]",-0.3216755783264533,0.2882601377140491,0.738579081276868,"[-0.915370988513592, 0.27201983186068535]",1.228710200702381
1319.0,24.0,0.0004087405936657032,0.002540615952438092,1.2737338210467246,1.8790626030701431e-06,1.170026527440936e-05,"[0.7499266219339099, 1.7975410201595392]",0.1272849918365111,0.5589063992044331,0.8959434689226791,"[-0.29955544716595006, 0.5541254308389723]",23.513807144827386
1320.0,24.0,2.9445697182566694e-07,0.00010153688683643689,1.518561715551303,1.0588367273070914e-15,3.651161128645143e-13,"[1.1474412739064994, 1.8896821571961064]",-0.16010979493443944,0.2157146419304229,0.6542767589910653,"[-0.41358997398016406, 0.09337038411128518]",0.6115743672298978
1321.0,24.0,0.030294472831859518,0.06846208549572773,0.7802809915210457,0.004116506903884169,0.009302840460755184,"[0.2472475135717771, 1.3133144694703143]",0.1634243327713314,0.6511965540281095,0.9299133911664488,"[-0.5450592398928283, 0.8719079054354911]",23.375765030830745
1322.0,24.0,0.0001522142180990754,0.0013837656190825037,1.2639727797758922,2.122890002685675e-07,1.9364574661714912e-06,"[0.78648131215895, 1.7414642473928343]",0.05854294251165104,0.7700219657543868,0.9589249382121035,"[-0.333944023055151, 0.45102990807845306]",23.776382431587027
1323.0,24.0,0.0010429378122143915,0.004757648943028551,1.275456051888346,1.2664111454404687e-05,5.78025163250673e-05,"[0.7028620456578399, 1.8480500581188521]",0.24508976257582038,0.30099256988251444,0.7501149821647681,"[-0.21934392361872573, 0.7095234487703665]",23.06382606683614
1324.0,24.0,0.01822687856055491,0.04363629054478073,0.8741279160192048,0.0018835751510665052,0.004509397057856129,"[0.322886360355346, 1.4253694716830636]",-0.212487875695345,0.5236930655533247,0.8837210016087154,"[-0.8656049190577337, 0.44062916766704374]",0.8116438983362487
1325.0,24.0,7.802369176774386e-05,0.0009377847568238445,1.1120249423313862,4.36757596098759e-08,5.249490337725469e-07,"[0.7139596909247636, 1.5100901937380087]",0.14158917048205044,0.45498867412710464,0.8518286698429736,"[-0.22984803405712362, 0.5130263750212245]",23.459169207108015
1326.0,24.0,0.01640218324402856,0.03965684901626451,0.6945251081453138,0.001593964410742714,0.0038538791362251303,"[0.26334350245880817, 1.1257067138318193]",-0.09025724084838327,0.7838094343066868,0.9607862641660785,"[-0.735038412541733, 0.5545239308449664]",0.34475726474054236
1327.0,24.0,0.004917229645057877,0.014691453973880721,0.9241219351430022,0.00021864236570731408,0.0006534440098843816,"[0.43412484732148887, 1.4141190229645155]",0.20756917098481598,0.4588616797775257,0.8534160467298005,"[-0.34166224619743757, 0.7568005881670695]",23.207144169702712
1328.0,24.0,0.006547217994138462,0.018505421125320696,1.104101248778062,0.00035588786081970403,0.0010067549103810582,"[0.4980755455017768, 1.7101269520543472]",0.014433170207487578,0.9604465073025038,0.9938808419181301,"[-0.5559767262222922, 0.5848430666372674]",23.9448693508078
1329.0,24.0,0.009745919382687698,0.025492857396515037,0.7704070247743172,0.0006920260383385671,0.001810164892332114,"[0.32534510005168843, 1.215468949496946]",-0.31218971693175135,0.30459914101820007,0.7514276816848787,"[-0.9082040479093123, 0.2838246140458096]",1.1924768791715472
1330.0,24.0,0.004465178147790001,0.013655546861793374,0.9936153383758302,0.00018566699055157189,0.0005677889619314125,"[0.4725946639267764, 1.514636012824884]",-0.38882876309152437,0.15734747747834965,0.570099556080977,"[-0.927770696002856, 0.15011316981980727]",1.4852164718957668
1331.0,24.0,0.005176537905631134,0.015301619585075771,1.0351543505792589,0.00023847325739100316,0.0007049165160833673,"[0.48298168371489947, 1.5873270174436183]",0.01588596618774485,0.9552080209480867,0.9927885629812778,"[-0.5384502183035995, 0.5702221506790892]",23.93932007893031
1332.0,24.0,0.0389719030455424,0.08563371356963832,0.7199153725562055,0.006006808580294394,0.013198876247625562,"[0.20633768865217583, 1.2334930564602353]",-0.08099083437364207,0.8303730575849166,0.9687039869166083,"[-0.8219897943103954, 0.6600081255631113]",0.309362199256851
1333.0,24.0,4.473076412114683e-05,0.0006902895697707844,1.5560291660190286,1.0934606554229263e-08,1.6855692741509124e-07,"[1.0224395626307832, 2.089618769407274]",0.2560063525096856,0.15708211509611805,0.5698539169342354,"[-0.09860827788240012, 0.6106209829017714]",23.022127764843773
1334.0,24.0,0.11621660941102818,0.23243321882205636,0.656867984464098,0.02922442393720748,0.05846053998241144,"[0.06642105597229186, 1.247314912955904]",0.09390845722069674,0.8436975315864462,0.9708072590103425,"[-0.8396047700162019, 1.0274216844575954]",23.641296116044614
1335.0,24.0,0.0023325803351227905,0.008419184548981325,1.212736948251686,5.797623592694854e-05,0.00020930049071100554,"[0.6215954640589515, 1.8038784324444208]",0.1184005664804948,0.6465230079591984,0.9293251815215532,"[-0.38762200895775645, 0.624423141918746]",23.54774314991397
1336.0,24.0,3.777503271570592e-05,0.0006224689103021367,1.3149858471706624,7.152536093284457e-09,1.1744722649071357e-07,"[0.8696445954109401, 1.7603270989303845]",-0.47615569189090934,0.007041477635735976,0.09541297609398341,"[-0.8224602783661044, -0.12985110541571432]",1.8187807690987134
1337.0,24.0,0.011317108147588255,0.028796712843736017,0.9717317297168849,0.0008814729972153231,0.002242933835153494,"[0.39907948272866456, 1.5443839767051053]",-0.2094469850721108,0.5012461062265533,0.8731021700276606,"[-0.8198410423906723, 0.40094707224645076]",0.8000285517581003
1338.0,24.0,0.0005842906780441786,0.0032129785982328647,1.192526007202196,3.98619490429109e-06,2.1914210578840515e-05,"[0.6857487057336472, 1.6993033086707445]",-0.40171182885402157,0.0712458400186518,0.38957819047970865,"[-0.8381758953039876, 0.03475223759594448]",1.534426158254472
1339.0,24.0,0.0004341735138398438,0.002640958113381045,0.9761762189512211,2.1388122475810733e-06,1.3009806858765653e-05,"[0.572519554412886, 1.3798328834895561]",-0.2225676270242607,0.30823634718454285,0.7545565414554293,"[-0.6506879746117891, 0.20555272056326768]",0.8501457123154655
1340.0,24.0,0.0044789562809234565,0.013692926569622307,0.8958854287935291,0.0001859025417060221,0.0005683354989484014,"[0.42607116881452256, 1.3656996887725357]",0.17733853728499316,0.5226258623584394,0.883560206861267,"[-0.36634288945051163, 0.721019964020498]",23.322616684569766
1341.0,24.0,0.00966141871952701,0.025298294630864127,0.8864666546738649,0.0006802524624981203,0.0017816984350396028,"[0.3750655608108463, 1.3978677485368833]",-0.08343880541367099,0.7849137161151677,0.9608848990282411,"[-0.6826483800529033, 0.5157707692255613]",0.31871275985444486
1342.0,24.0,0.0002864381453603909,0.0020214406870881505,1.33700328198647,8.769908492160911e-07,6.190477413851352e-06,"[0.8041046515440069, 1.8699019124289329]",-0.19496405480333223,0.3548634750664349,0.7924334095395654,"[-0.607981553326373, 0.21805344371970853]",0.7447078331325482
1343.0,24.0,0.0018432912309355712,0.0071224545244805695,1.2559369541877394,3.7489342909139465e-05,0.00014491435218067053,"[0.6588158262590402, 1.8530580821164386]",0.04540234568742374,0.8570496075119711,0.9712710873889066,"[-0.44860972162322216, 0.5394144129980696]",23.82657581414111
1344.0,24.0,0.0008663085379942505,0.004178733526603495,1.155364274984149,8.755658527951077e-06,4.2277443399087766e-05,"[0.6460158196111765, 1.6647127303571216]",0.011697395960601042,0.960088986591809,0.9938808419181301,"[-0.44644803418820883, 0.4698428261094109]",23.955319238677614
1345.0,24.0,0.00023607906776902424,0.0017884777861289715,1.3314454745531177,5.722908223072125e-07,4.3408858336263165e-06,"[0.8095640047384877, 1.8533269443677476]",0.10681810780713441,0.6069624853565134,0.9135497973457457,"[-0.30016846926424706, 0.5138046848785158]",23.59198488313852
1346.0,24.0,0.02356840740690252,0.05481024978349424,0.7341937389723964,0.0028038719822583223,0.0065206325168798195,"[0.2526770764007605, 1.2157104015440323]",-0.016332636022560187,0.9625388428534123,0.9938808419181301,"[-0.6978918562367099, 0.6652265841915895]",0.062386074161068956
1347.0,24.0,2.199560784469867e-08,4.6959787989594754e-05,1.3865580369469996,9.51179372747948e-21,2.37794843186987e-17,"[1.0956359280919423, 1.677480145802057]",-0.24036394440707376,0.03000577116844472,0.23714240288684302,"[-0.457461453216529, -0.02326643559761854]",0.9181226374428316
1348.0,24.0,0.012777307555720287,0.03199926760761405,0.7948201109766302,0.0010717963947445986,0.002684860708278053,"[0.31856406340127996, 1.2710761585519803]",-0.18284397618415138,0.5639615252779775,0.897274934025387,"[-0.8039668533798137, 0.4382789010115109]",0.6984125429828275
1349.0,24.0,0.037715302531075925,0.08320163805664224,0.8175736011698966,0.0057313338116110005,0.012645730979129228,"[0.23757038824859156, 1.3975768140912017]",-0.31060951131011993,0.4055725890821583,0.823506678251897,"[-1.0425754252178625, 0.42135640259762275]",1.1864409383127255
1350.0,24.0,0.0012389956327895008,0.0053536158947566715,1.1177244572005538,1.7676767969135975e-05,7.645660886304488e-05,"[0.6073550539851917, 1.6280938604159159]",-0.1990786825290103,0.40951659342817537,0.8259508199336671,"[-0.6721791286561805, 0.27402176359815994]",0.7604245533291392
1351.0,24.0,0.00225649642726302,0.008244415152586846,0.9491477237006314,5.4587332385043105e-05,0.00019951510374650256,"[0.4881153365810449, 1.4101801108202179]",-0.16223423370384005,0.5279221946435692,0.8840013597459259,"[-0.6660093212810532, 0.3415408538733731]",0.6196891255846059
1352.0,24.0,0.059651874867214634,0.12587439305172957,0.7986063676469966,0.011259593237170728,0.023764443303441806,"[0.1810420866659872, 1.416170648628006]",0.2995251114461981,0.46208704990437666,0.8550833639977362,"[-0.49874358391834683, 1.097793806810743]",22.855898350396483
1353.0,24.0,0.00012611772220190253,0.0012302092423316193,1.251125977615,1.3736784943604364e-07,1.3401741408394502e-06,"[0.7857083165636474, 1.7165436386663528]",-0.12234683965813797,0.5346054174413362,0.8875013753432418,"[-0.508496275945345, 0.263802596629069]",0.46733050327834064
1354.0,24.0,0.07436914827651292,0.15442098894624776,0.840989857836677,0.015466582674082418,0.03212166702820855,"[0.16022604516828765, 1.5217536705050665]",-0.07279618463386406,0.8652662735377351,0.9734244302898619,"[-0.9136889192749374, 0.7680965500072093]",0.27806094294503375
1355.0,24.0,0.09667704540938701,0.19673798414608673,0.6596047679745298,0.022590645438665968,0.045953306425276584,"[0.09265800548781933, 1.2265515304612404]",-0.5710027925550518,0.2000556630218543,0.6338456303638019,"[-1.4443842703193117, 0.30237868520920796]",2.181070006905902
1356.0,24.0,0.05674661711758915,0.12035337670750616,0.7397004680100645,0.010463223319565194,0.022191353806076765,"[0.17340703500725174, 1.3059939010128772]",0.23238059390902954,0.5654195728097858,0.8978594550553634,"[-0.5599809259460171, 1.0247421137640762]",23.11237151521794
1357.0,24.0,0.007689508428514788,0.02096948030683062,0.8969332316218903,0.00046680655031622385,0.0012729930469490697,"[0.39453270528391315, 1.3993337579598675]",0.1903574040670737,0.5204136362564628,0.8830050096912935,"[-0.39014524782624616, 0.7708600559603935]",23.272888276526015
1358.0,24.0,0.009479378343882712,0.024926054020201715,0.8907087638745492,0.0006649250343828655,0.001746585328034845,"[0.37780103748539784, 1.4036164902637007]",0.6628022053515261,0.025418635077493087,0.21146950979611553,"[0.08155842918655609, 1.2440459815164961]",21.468282065426283
1359.0,24.0,0.24168182245540085,0.4457917017168293,0.47870432370076255,0.08166648273270376,0.15064837250083704,"[-0.060176016346754735, 1.0175846637482797]",0.1395173247783168,0.814913648798157,0.966095377463714,"[-1.0286091839890208, 1.3076438335456544]",23.467083074749766
1360.0,24.0,0.00018453338058838317,0.0015468011784441171,1.227115736314752,3.293304704681665e-07,2.7607367224660033e-06,"[0.7560662625553727, 1.6981652100741313]",0.0015584266831440985,0.9938908963922505,0.999042938587908,"[-0.3973679881451433, 0.4004848415114315]",23.994047248558353
1361.0,24.0,0.04427304962844257,0.09609952165930664,0.6042385408838136,0.007262211439799244,0.01576685071602094,"[0.16309391541782386, 1.0453831663498032]",0.15525631753606195,0.6878292222827088,0.9373175997811231,"[-0.6020725349806263, 0.9125851700527502]",23.40696455082938
1362.0,24.0,0.003795115242649093,0.012055639271439303,1.2704169234759113,0.00013900567406665868,0.0004415682149512664,"[0.6168692547285684, 1.9239645922232542]",-0.12238168350296785,0.65330196386634,0.9301211184160023,"[-0.6563854305699949, 0.41162206356405917]",0.4674635969617247
1363.0,24.0,0.09471150405117004,0.1932099225850062,0.5907913400874855,0.021919800989024185,0.044706916151385244,"[0.08553231743705081, 1.0960503627379201]",0.45121214239640217,0.31263547626976596,0.7575797880306798,"[-0.4246450735826086, 1.327069358375413]",22.276496571708684
1364.0,24.0,0.015205247222271647,0.03715847317270686,1.00485151215884,0.0014142184603229424,0.0034577468467553605,"[0.3877972081177036, 1.6219058161999764]",0.1293223645111503,0.6908586527655047,0.9373185088522442,"[-0.5080261423586215, 0.7666708713809222]",23.506024954457246
1365.0,24.0,0.10467098069351986,0.21145652665357548,0.654945552217165,0.02522900369772115,0.050967684237820506,"[0.08133536407950281, 1.2285557403548273]",-0.2879061928777844,0.5327334402553923,0.8861168334254695,"[-1.1924439482405484, 0.6166315624849796]",1.0997206498384324
1366.0,24.0,0.00021343262597803536,0.0016922349269757413,1.139569966473162,4.56866575873749e-07,3.6250325111844345e-06,"[0.6967278587498247, 1.5824120741964993]",0.030382351849360667,0.8827672529718135,0.9768649301292893,"[-0.37343866509129914, 0.43420336879002047]",23.88394796449001
1367.0,24.0,0.13565906906557026,0.26810092700705584,0.5739428168663034,0.036445622717714427,0.07204115975037444,"[0.03620382588446458, 1.1116818078481423]",0.5225926130401293,0.2835740007783819,0.733697285325697,"[-0.43258657997919636, 1.477771806059455]",22.00384325787248
1368.0,24.0,0.008493479794495405,0.02270983902271499,0.8722361015253101,0.0005529377629118591,0.001478048016337501,"[0.37724583639380715, 1.367226366656813]",-0.42618149691033747,0.1512575350079718,0.5597805719445401,"[-1.0082302753277963, 0.15586728150712137]",1.6278934053020047
1369.0,24.0,0.0016110814984775397,0.00646242077207196,1.0826969274374056,2.9264289380536e-05,0.0001172917410041523,"[0.574922941181502, 1.5904709136933093]",0.3331445163600817,0.17676838969587028,0.6030671835249213,"[-0.15024654995325282, 0.8165355826734162]",22.72748168297602
1370.0,24.0,4.703590598107086e-06,0.0002413319386198876,1.323950465505149,1.8692805503992077e-11,9.685391452845634e-10,"[0.9375687462427778, 1.7103321847675204]",-0.05168679827713696,0.7383134836654137,0.9523631024368666,"[-0.3549134786307948, 0.2515398820765209]",0.19742902652160016
1371.0,24.0,3.3651233822299745e-05,0.0005822012772024178,1.4044839837933598,5.210635502251865e-09,9.014940315314646e-08,"[0.9331490873170389, 1.8758188802696807]",-0.1289981414414605,0.4679167838164293,0.8570413442119087,"[-0.47731223873827944, 0.21931595585535846]",0.49273660464182184
1372.0,24.0,0.00071526071333111,0.003685011403045389,1.2876782755223317,5.968992128836599e-06,3.078386863763074e-05,"[0.7302378398685945, 1.845118711176069]",-0.09369486468063837,0.6829330844174757,0.9360279342933807,"[-0.5432781282838826, 0.3558883989226058]",0.357888020549996
1373.0,24.0,8.186075628654005e-05,0.0009620185932105971,1.4442484135514193,4.899714990863995e-08,5.77508331130634e-07,"[0.9253262089449453, 1.9631706181578932]",-0.003169693365530968,0.9867256437031818,0.9971100704756963,"[-0.3765676155498408, 0.37022822881877887]",0.012107336813036145
1374.0,24.0,8.34779938131917e-05,0.0009706743466650198,1.3238741770320093,5.215942723448374e-08,6.050977637411107e-07,"[0.8472307211338492, 1.8005176329301693]",-0.4777493051513053,0.010969923646183554,0.12551400052841594,"[-0.8458696950186864, -0.10962891528392427]",1.824867923365165
1375.0,24.0,0.005780227796161891,0.01673488070689604,1.1578194909644624,0.00028811691615002877,0.0008343959344049486,"[0.5319405617358406, 1.783698420193084]",-0.07215718436922192,0.8011577904139937,0.9644369693198431,"[-0.6337059270388029, 0.4893915583003591]",0.27562014172691796
1376.0,24.0,5.689650416830053e-05,0.0007934248172625471,1.1886064994905752,1.9984499627828155e-08,2.791131232936893e-07,"[0.773501414529335, 1.6037115844518155]",-0.037846471992653896,0.8380377419520018,0.9708072590103425,"[-0.40074393456722357, 0.3250509905819158]",0.1445628743092762
1377.0,24.0,0.0018273842732464641,0.0070746584330099276,1.1248798295017688,3.695360641765525e-05,0.00014312008682283213,"[0.5904978470274669, 1.6592618119760707]",0.19413470538181965,0.4395652990250265,0.8459686278387731,"[-0.298145669323224, 0.6864150800868634]",23.25846004830707
1378.0,24.0,0.00037695832581804067,0.002402538724143025,1.3570018122404877,1.5827926662964905e-06,1.009434098403374e-05,"[0.8029592767009462, 1.9110443477800292]",0.14007295368108696,0.5169801921014847,0.8811227277424873,"[-0.2835919038035053, 0.5637378111656792]",23.46496072867615
1379.0,24.0,0.004500564524518732,0.01373379470405472,1.0070099962606878,0.0001873768980304635,0.0005717940129095621,"[0.4786395832673833, 1.5353804092539922]",0.14150273108982958,0.6104695802040525,0.914972392392165,"[-0.4029387153281566, 0.6859441775078158]",23.45949938126521
1380.0,24.0,0.02960672485674143,0.06705939944901795,0.5592639071628462,0.003973782989149454,0.009002680084162785,"[0.17869185385497593, 0.9398359604707165]",-0.08795469991125948,0.8072989116154444,0.964880279922775,"[-0.7947177378193613, 0.6188083379968423]",0.33596220621698963
1381.0,24.0,0.0020074830565999908,0.007621423905087284,1.1457241753046494,4.407999996833805e-05,0.00016728652739407229,"[0.5960087926240908, 1.6954395579852082]",-0.2633149385416518,0.29813216493373484,0.7473857230727873,"[-0.7593398952449136, 0.23271001816161008]",1.0057889774122202
1382.0,24.0,0.00035873403678805853,0.0023294417973250556,1.2056665058901956,1.422032063250947e-06,9.23397443669446e-06,"[0.7155968165645771, 1.6957361952158143]",-0.018625961751216558,0.9311291291828588,0.9892015094756179,"[-0.4410327786082626, 0.4037808551058295]",0.07114593318112057
1383.0,24.0,0.002135753514607925,0.007939604143523885,1.0568562007153879,4.9397382052199184e-05,0.00018363339052862148,"[0.5464655438204274, 1.5672468576103484]",-0.2342856552700674,0.3582257476823998,0.7951736907489452,"[-0.7340852421933107, 0.26551393165317594]",0.8949052831621197
1384.0,24.0,0.010227278386517775,0.026536412639426375,0.7623869044117245,0.0007466827022513498,0.0019384286143596828,"[0.31923075724185085, 1.2055430515815981]",-0.08699759947001517,0.7776118783034971,0.9596363723535175,"[-0.6907246725552938, 0.5167294736152634]",0.3323063518267625
1385.0,24.0,0.0040407991774357825,0.012615670238638098,0.9336241684782177,0.00015529015509436545,0.0004851301315037971,"[0.44984564199872557, 1.4174026949577099]",-0.1654183744866451,0.5462913658532413,0.8919042707808021,"[-0.7027956356426723, 0.37195888666938215]",0.6318516474666199
1386.0,24.0,0.00011269553586271175,0.0011511290690777503,1.363820768329053,1.0650583596265221e-07,1.0867942445168593e-06,"[0.8609215340296276, 1.8667200026284787]",-0.4013888012469353,0.03778116915784143,0.27102703843501746,"[-0.7801196176103429, -0.022657984883527715]",1.533192283684322
1387.0,24.0,3.5450532731050545e-06,0.0002119682796890759,1.288465645323733,7.795352512616124e-12,4.667875756057559e-10,"[0.9193849147277163, 1.65754637591975]",0.392716422445317,0.008923818988467197,0.11014240389713044,"[0.09836761236396319, 0.6870652325266708]",22.49993376322711
1388.0,24.0,0.036835785548697784,0.08145905694095043,0.7402808424698613,0.0055250139238358295,0.012218075904104002,"[0.2173716765411151, 1.2631900083986074]",0.17371589084496275,0.6420138792302129,0.9267530297802351,"[-0.5586737483840911, 0.9061055300740166]",23.33645417468189
1389.0,24.0,0.0035835484351316076,0.011544936968851829,0.8962634205415053,0.00012641005900741005,0.00040698666776371555,"[0.438010411786226, 1.3545164292967846]",0.4459599096776783,0.09517271908205183,0.4473321981203976,"[-0.07783373268255389, 0.9697535520379105]",22.296558622895574
1390.0,24.0,0.0011989305998905575,0.005244665791297277,0.9617093814680228,1.6597120824353358e-05,7.260332819052213e-05,"[0.5240031492347114, 1.399415613701334]",-0.22003101573746875,0.3601322126778014,0.7960482154681727,"[-0.6912873284352026, 0.25122529696026513]",0.8404565709155705
1391.0,24.0,0.5979150482425324,0.8402403713357678,0.2916910306091036,0.3049558546026089,0.42860977456445376,"[-0.265599316616999, 0.8489813778352062]",0.3485529904879723,0.7284601107409946,0.9499529938388005,"[-1.6191923475767294, 2.3162983285526737]",22.668625647225046
1392.0,24.0,0.003318969471171184,0.010885436114041271,1.1417373858392577,0.00010956414201519948,0.00035934451300491794,"[0.5632604991891552, 1.72021427248936]",-0.05771159276616977,0.8298628856387037,0.9686926026402447,"[-0.5841170215981443, 0.4686938360658047]",0.22044204629861733
1393.0,24.0,3.474158290969604e-05,0.0005964813475269001,1.3265482495964773,5.7688093017637325e-09,9.895041683985819e-08,"[0.880070226606622, 1.7730262725863326]",-0.5375015943326371,0.002117127776258932,0.044291376072362595,"[-0.8802885862228497, -0.19471460244242456]",2.053104855787533
1394.0,24.0,0.011413577715003292,0.029012653063048528,0.8328319700902244,0.0008940155031343051,0.002273113407409878,"[0.3414527225052399, 1.3242112176752088]",0.2368341966699239,0.44709861153986874,0.8489224398758114,"[-0.37372785880306003, 0.8473962521429078]",23.095360005762803
1395.0,24.0,0.00019316218925878505,0.0015937474361285896,1.2757949459280773,3.658722958514694e-07,3.018748315606183e-06,"[0.7841398909111562, 1.7674500009449985]",0.1610889269164124,0.4295746995213623,0.8380605749539499,"[-0.23860805274360802, 0.5607859065764329]",23.384685624093212
1396.0,24.0,0.0003698353288826564,0.0023765364905428484,1.1074968521537352,1.5328114818787173e-06,9.83832786828445e-06,"[0.6559273284564076, 1.5590663758510628]",0.42185390741345596,0.04808481639005334,0.3144853916942664,"[0.0035543523685878653, 0.840153462458324]",22.388636768940426
1397.0,24.0,0.004595413240885033,0.013944135504767538,0.9989529890966488,0.00019416107378491146,0.0005894385967969382,"[0.47354990000714636, 1.5243560781861512]",0.06617821189324058,0.812359521435144,0.9656985281831257,"[-0.48022486820107635, 0.6125812919875575]",23.74721785085299
1398.0,24.0,0.019592353739712343,0.04654871404065655,1.008815172330377,0.002107484698921369,0.00500709123050931,"[0.36573700981265345, 1.6518933348481006]",-0.1584753105527481,0.6385243234305398,0.9254619894969263,"[-0.8196722862012479, 0.5027216650957517]",0.6053310967798335
1399.0,24.0,0.014519962123975274,0.035701898509897405,0.9008735114248791,0.00132042562902325,0.0032451343784785764,"[0.35107498957079497, 1.4506720332789633]",-0.458418068512775,0.15038902438916651,0.5580203674009545,"[-1.083163370077123, 0.16632723305157293]",1.7510280385547348
1400.0,24.0,0.0027804324887391674,0.009541635170690349,0.9384022038059445,8.029300753937224e-05,0.00027554223589352177,"[0.4720085416868559, 1.404795865925033]",-0.42468147992445093,0.10252663610542957,0.46645421340049853,"[-0.934479452334, 0.08511649248509812]",1.6221637624693892
1401.0,24.0,6.016660776404126e-05,0.0008151517773106611,1.300855353886704,2.298433818319323e-08,3.118634760270452e-07,"[0.8445777548785522, 1.7571329528948558]",0.06214658422520625,0.738184545870483,0.9523631024368666,"[-0.3022572749887935, 0.426550443439206]",23.76261753418276
1402.0,24.0,0.007711445405702072,0.021017416689521395,1.002518466521805,0.00046846401362502383,0.0012768166084083507,"[0.4408246105928555, 1.5642123224507545]",-0.058842638185241825,0.8429481629664749,0.9708072590103425,"[-0.6409504965885526, 0.523265220218069]",0.22476232156197962
1403.0,24.0,2.3211202614878427e-07,8.947099647922045e-05,1.3731475970333344,4.045933486336886e-16,1.6183733945347544e-13,"[1.0424040138314319, 1.703891180235237]",-0.0514909226280853,0.6867595868832317,0.9372486972514004,"[-0.30175439053096703, 0.19877254527479643]",0.19668083665493044
1404.0,24.0,7.437537419036743e-05,0.0009227713919400426,1.2525940179076291,3.880704823937282e-08,4.82075133408358e-07,"[0.805914346868488, 1.6992736889467703]",0.07717545591814279,0.6830195836538799,0.9360279342933807,"[-0.29324832537659523, 0.4475992372128808]",23.705211472926166
1405.0,24.0,0.00014573818274547017,0.0013481793038433872,1.2540454522667537,1.924215742009015e-07,1.7800330638381267e-06,"[0.7819668024188746, 1.7261241021146327]",-0.16753357041879635,0.4002706924963174,0.8206211468997754,"[-0.5579092382190678, 0.2228420973814751]",0.6399311007836538
1406.0,24.0,0.002825205041822848,0.009659309687422155,0.9216695172439354,8.217709404831845e-05,0.0002809473300797212,"[0.46294500046978654, 1.3803940340180842]",0.1618275702093852,0.5389236735915147,0.8896052435427867,"[-0.3543749515372451, 0.6780300919560155]",23.381864214543015
1407.0,24.0,0.003509521100405972,0.011339325041699424,0.8613733404097624,0.00012103708045870246,0.0003910729578633359,"[0.4221814382606227, 1.300565242558902]",-0.10880748481525515,0.687070012314581,0.9372486972514004,"[-0.638202994119737, 0.4205880244892267]",0.4156139772898608
1408.0,24.0,0.01295494929210003,0.032363100904571646,0.8342917434765935,0.0010974870531569793,0.002740405047234398,"[0.33335751107518885, 1.3352259758779983]",0.29281875043043204,0.35461405577702654,0.7924334095395654,"[-0.3271755169222561, 0.9128130177831202]",22.881514762536113
1409.0,24.0,0.011296093634636732,0.028757875851926507,1.1211015873859416,0.0008791515480226919,0.0022381658554549186,"[0.46057000653196445, 1.7816331682399187]",-0.23673966365409527,0.4466424026092898,0.8488073025642147,"[-0.84644563588597, 0.37296630857777946]",0.9042789047150874
1410.0,24.0,6.68634874995943e-05,0.000864986901676511,1.2581593292745348,3.021863767894203e-08,3.908719530466141e-07,"[0.8130558231365883, 1.7032628354124812]",0.4022156525348164,0.0300315016717111,0.23714240288684302,"[0.03887629540881049, 0.7655550096608223]",22.46364937704364
1411.0,24.0,0.037643445986746286,0.08307977485488036,0.8360670382843427,0.005702966602842053,0.012589330249099454,"[0.24329162783166258, 1.4288424487370228]",0.02070763082579319,0.9560708938345938,0.9930463929564917,"[-0.7160872698022065, 0.7575025314537929]",23.92090267666447
1412.0,24.0,0.0030510487971900837,0.01022469436055658,0.8215264270426998,9.427402006308647e-05,0.0003161435951143074,"[0.40917977739481826, 1.2338730766905814]",-0.07300482183450185,0.7837574749150111,0.9607862641660785,"[-0.5944093688836738, 0.4483997252146701]",0.27885787834809844
1413.0,24.0,1.1468503128394295e-05,0.00033730891554100865,1.1996544106804803,2.709004868186125e-10,7.967661377018014e-09,"[0.8272970475335613, 1.5720117738273993]",0.17920082550880778,0.275040184127217,0.7255688343191455,"[-0.14257456311636707, 0.5009762141339826]",23.315503267539
1414.0,24.0,0.007239005479083425,0.01995315732933689,0.9628297870676669,0.00042143933681397164,0.0011619501979982674,"[0.42767344737855206, 1.4979861267567816]",0.0407990538186036,0.889880286770149,0.9795465253756226,"[-0.5367480030695891, 0.6183461107067963]",23.844159093871127
1415.0,24.0,0.00030475306586357376,0.002098020502254088,0.9945986541220955,1.0009571559640835e-06,6.893644324821512e-06,"[0.5960711301461998, 1.393126178097991]",-0.04276475085789144,0.8404534634216383,0.9708072590103425,"[-0.45911725646722257, 0.3735877547514397]",0.16334931573904307
1416.0,24.0,0.0007440421000043362,0.003778781615055034,1.0847816373039783,6.502047574279194e-06,3.29885721678295e-05,"[0.6132893842474592, 1.5562738903604973]",-0.3517933295237228,0.12343754466008774,0.5091675692607148,"[-0.7993755810114604, 0.09578892196401495]",1.3437515361709556
1417.0,24.0,0.01633573194634601,0.0395251196379047,0.7580302485706147,0.00158467034524379,0.003835117002042086,"[0.28767677974019334, 1.2283837174010361]",-0.1625854875777497,0.6204781808214137,0.9175486145824342,"[-0.8061219038702774, 0.48095092871477796]",0.6210308165521154
1418.0,24.0,0.19638267547281632,0.3746331084944989,0.48277250162383306,0.06123163815472596,0.11680968743747798,"[-0.022734001550736738, 0.9882790047984029]",-0.6575035911552316,0.22291664859376958,0.662664232788248,"[-1.7148335171584546, 0.39982633484799135]",2.511478719192665
1419.0,24.0,0.010090140780596914,0.02622859573848951,0.7362762718974869,0.0007302557576677191,0.0018982473555178559,"[0.3090732345041556, 1.1634793092908182]",0.04865011966316324,0.8743281206988986,0.9754479263760243,"[-0.5542235011139144, 0.6515237404402409]",23.814170231366287
1420.0,24.0,0.011192063510378727,0.02855118242443553,0.8721629818259979,0.0008645938763441413,0.0022061894264948866,"[0.3590186331508014, 1.3853073305011945]",0.06455349951800571,0.836016193125925,0.9708072590103425,"[-0.5466904234470199, 0.6757974224830313]",23.7534237949879
1421.0,24.0,0.0012393620796361695,0.0053536158947566715,1.202755824904174,1.7700599004426718e-05,7.652658454140388e-05,"[0.6535215837766396, 1.7519900660317087]",0.23468211497940494,0.3304062920833142,0.7724312767886506,"[-0.23790646171555874, 0.7072706916743686]",23.103580352298412
1422.0,24.0,0.07965925812468667,0.16461925630230764,0.7477890985312607,0.017073394757065343,0.03528289885733694,"[0.13329690044413445, 1.362281296618387]",0.10687344351806338,0.8060702047157493,0.964880279922775,"[-0.7463611319126012, 0.960108018948728]",23.591773516292346
1423.0,24.0,0.016136804822320935,0.03910056899035846,0.9223357328826761,0.0015568248101651694,0.003772291761970364,"[0.3509656329670343, 1.493705832798318]",-0.29175899877577827,0.37136386382575426,0.803654485224597,"[-0.9314539768488472, 0.3479359792972907]",1.1144372843209764
1424.0,24.0,0.009185370322133112,0.024299921487124634,0.7434890867094226,0.0006289789230226762,0.001663525318758731,"[0.3172542247098071, 1.169723948709038]",-0.4069799445359745,0.1753821351593562,0.6006691614566658,"[-0.9956150629614287, 0.1816551738894796]",1.554548877891978
1425.0,24.0,2.763375181883143e-05,0.0005210914984264944,1.3420204040801895,3.093224574531846e-09,5.8453416670063374e-08,"[0.8982037520112028, 1.7858370561491763]",-0.10321989073800797,0.5557748161055776,0.8951179890946906,"[-0.446620583692585, 0.24018080221656907]",0.39427094007262353
1426.0,24.0,0.0010088787016858864,0.004640588180696068,0.94402358390418,1.1840963876360295e-05,5.4505972735834794e-05,"[0.5216393700958493, 1.3664077977125106]",0.1385295991740474,0.5586962301791665,0.8959434689226791,"[-0.3257705187997246, 0.6028297171478194]",23.470855908645873
1427.0,24.0,0.03494499313181932,0.07756935212390526,0.5224739385180482,0.005101865033478596,0.011324894635912533,"[0.1568182101400919, 0.8881296668960046]",0.015066474540434527,0.9676131693310345,0.994259319082444,"[-0.7122309218333167, 0.7423638709141858]",23.94245030644612
1428.0,24.0,2.0831450296234715e-05,0.00044070996318830403,1.3102152425733038,1.440995180820501e-09,3.059437751211255e-08,"[0.8858149916563791, 1.7346154934902285]",-0.0423139655455822,0.8053699182918747,0.964880279922775,"[-0.3788913993432162, 0.2942634682520518]",0.16162744268158932
1429.0,24.0,0.01717152462801867,0.04135723658000642,0.8547130938927403,0.0017130267064511412,0.004126780791257868,"[0.32051746516074653, 1.388908722624734]",0.043886968038216345,0.8946273424758852,0.9799823477491091,"[-0.6055357129362134, 0.6933096490126461]",23.832364130385645
1430.0,24.0,0.005204633489899067,0.015356713946497172,1.0632870612887804,0.00024080772349984445,0.0007107665982876164,"[0.495723465788231, 1.6308506567893297]",0.10295677663814917,0.71580846928357,0.9464610198116753,"[-0.4513146582753941, 0.6572282115516924]",23.60673408175753
1431.0,24.0,0.025173509078534273,0.05811059344075317,0.9127607126963478,0.00310446640220035,0.007168012935119718,"[0.3078039634507902, 1.5177174619419054]",-0.15239036229340552,0.6639926066359592,0.93180039273632,"[-0.8399467995639049, 0.5351660749770939]",0.5820883065254465
1432.0,24.0,0.009546679730781715,0.025056902180529438,0.981731635028932,0.0006726397042925075,0.001764995288093696,"[0.41588499880787544, 1.5475782712499886]",-0.6553512953392158,0.027343134683316388,0.2215051159848863,"[-1.2374569060384122, -0.07324568464001946]",2.503257554757907
1433.0,24.0,5.141819214527724e-05,0.0007495363286483563,1.3013383388221422,1.5540519318773295e-08,2.2653818248940665e-07,"[0.8503468723651433, 1.7523298052791412]",0.1888166325975975,0.3028544756041792,0.7514276816848787,"[-0.17036276208464662, 0.5479960272798416]",23.278773590019025
1434.0,24.0,0.03672225015225762,0.08124391626605668,0.6391954718345348,0.0054955705119264465,0.012158341840545235,"[0.18797211672853076, 1.0904188269405388]",-0.017070778956090216,0.963622659909157,0.9938808419181301,"[-0.7506719395590203, 0.7165303816468399]",0.0652055724789807
1435.0,24.0,0.0054539635735432815,0.015961263018856545,0.962658238113624,0.0002608818402607801,0.0007634821195808606,"[0.4459222868200926, 1.4793941894071554]",0.07167718686809721,0.80108964479144,0.9644369693198431,"[-0.48594087526964747, 0.6292952490058419]",23.7262133136725
1436.0,24.0,0.0012664486833993253,0.00542608690402453,1.1108399334446073,1.8570046799258262e-05,7.94284426433869e-05,"[0.6023161691965755, 1.619363697692639]",0.4672673161317906,0.05054054499882517,0.32380876915018353,"[-0.0011001029854484923, 0.9356347352490297]",22.215170325416214
1437.0,24.0,0.0016869416166313855,0.006686252939482304,1.0978581073870548,3.175203932338827e-05,0.00012590023522358553,"[0.580672495868293, 1.6150437189058167]",0.04242429989350782,0.8651141681839594,0.9734244302898619,"[-0.44707482373955115, 0.5319234235265669]",23.837951111153647
1438.0,24.0,0.00018019553664841726,0.0015167974465354987,1.0621874167808485,3.121129654002364e-07,2.6272135134700036e-06,"[0.6552569162419672, 1.4691179173197297]",-0.049764086983414835,0.8064346491000193,0.964880279922775,"[-0.44782376064745005, 0.3482955866806204]",0.19008481036477243
1439.0,24.0,0.01659486085990176,0.04006484997561989,0.770589035573606,0.001627667947016217,0.003929666699701151,"[0.2912575618304636, 1.2499205093167485]",-0.31386888934369406,0.3377355719509918,0.7776550125512129,"[-0.9555757963769371, 0.327838017689549]",1.1988908453234886
1440.0,24.0,2.824908321951365e-05,0.0005280202470937131,1.0249798712400748,3.3002085073758132e-09,6.168614032478155e-08,"[0.6854007646925164, 1.3645589777876332]",-0.27380035141611714,0.1170125138840931,0.49856205319170477,"[-0.6161673678229969, 0.06856666499076264]",1.0458403043561537
1441.0,24.0,0.0018308636632155969,0.0070826447319752295,0.9260294592265919,3.730235225310135e-05,0.0001442473018294716,"[0.4858820750519389, 1.3661768434012447]",-0.43469993134225327,0.08036502977709843,0.4129754870354493,"[-0.9219525062553067, 0.05255264357080014]",1.6604314280358512
1442.0,24.0,0.004380440541876561,0.013449310843956282,0.9178944645445866,0.0001795380839378211,0.0005512375926859721,"[0.4376629803048183, 1.398125948784355]",0.37835131781683273,0.168117278980782,0.5870841641586949,"[-0.1596784688458449, 0.9163811044795104]",22.55480442105884
1443.0,24.0,0.0008772596890096178,0.0042096723926682384,1.0608345284015002,8.985754738571842e-06,4.31385249091303e-05,"[0.5925723896864226, 1.5290966671165778]",0.1297582294777717,0.5788099710779184,0.9032615029305843,"[-0.3283764196708463, 0.5878928786263897]",23.504360072922243
1444.0,24.0,8.342398494680908e-08,6.244413681273863e-05,1.3418955845900866,5.257463944857168e-18,4.044203034505514e-15,"[1.037758672502476, 1.6460324966776971]",-0.2890492979102568,0.015506230558330569,0.15774395278057546,"[-0.523118673082487, -0.05497992273802654]",1.1040869894318213
1445.0,24.0,0.00023260783215470378,0.001778347340632292,1.2696112480825683,5.546948980764136e-07,4.240786682541389e-06,"[0.7725648482684542, 1.7666576478966824]",0.18370808477266554,0.3749347826533769,0.8058196345601851,"[-0.22210092126640923, 0.5895170908117403]",23.298286805339647
1446.0,24.0,0.000306189190518122,0.00210439306198022,1.2153600229616437,1.0164708173224975e-06,6.981255613478691e-06,"[0.7280736307860083, 1.702646415137279]",-0.2839604022435349,0.17900761916700947,0.6074232072175414,"[-0.6981181509124481, 0.13019734642537834]",1.0846488398261163
1447.0,24.0,0.012759447094546477,0.03196498905901659,0.680354268761806,0.0010682665073457908,0.002676688818205439,"[0.27280235546315623, 1.0879061820604559]",-0.03604815303633391,0.9096302255646606,0.9847157609726442,"[-0.6585150250090913, 0.5864187189364235]",0.1376938018815758
1448.0,24.0,0.03451985739367952,0.07674490305397848,0.625450517493401,0.005013143352466807,0.011145272015266357,"[0.18860862157648184, 1.06229241341032]",0.18455972218942307,0.6173194822428922,0.9174210890671123,"[-0.5394036286893203, 0.9085230730681665]",23.295033790029272
1449.0,24.0,0.0014837410052890008,0.006073438417065088,1.2405917274339733,2.4963102664882073e-05,0.00010218216399869863,"[0.6637380189498594, 1.8174454359180872]",0.2041948185570872,0.40606155916452724,0.8239061166191282,"[-0.2775012842250266, 0.685890921339201]",23.220033246549285
1450.0,24.0,0.0015411497029342606,0.00623190336811266,1.1064387071896917,2.712247100009202e-05,0.00010954148222977391,"[0.5896637283855563, 1.6232136859938273]",-0.6797807221170293,0.004659153816701976,0.07223494289460428,"[-1.1506240301351651, -0.2089374140988935]",2.59657109144408
1451.0,24.0,0.027235947912040037,0.062367638910098555,0.8510035983231217,0.003511610903621878,0.008039402251881588,"[0.27959596830888345, 1.42241122833736]",0.3940909608537906,0.262899840763142,0.7122055216654198,"[-0.2958244646570357, 1.0840063863646168]",22.49468341325483
1452.0,24.0,0.017584419579703556,0.042239777995924946,0.7002456228990177,0.001778186927683677,0.004272433752243337,"[0.26105646883743017, 1.1394347769606052]",-0.035902446966242785,0.9140196741524537,0.9864493632715893,"[-0.6876358418347486, 0.615830947902263]",0.13713724569053187
1453.0,24.0,0.03406268734057174,0.07579592198614094,0.7842968280339591,0.00493405797446389,0.010979212226221384,"[0.23750732034652655, 1.3310863357213916]",0.5340674910994192,0.14051907532605307,0.5362156158566631,"[-0.17614411855563084, 1.2442791007544693]",21.960012452324175
1454.0,24.0,0.0005148033198077266,0.0029637496822551906,1.0919205010644586,3.052146018137607e-06,1.757136452583539e-05,"[0.6333824946002993, 1.550458507528618]",-0.21154412030122582,0.34044021153642545,0.7813638088970059,"[-0.6464761220973625, 0.22338788149491084]",0.8080390182711998
1455.0,24.0,9.532059044270908e-05,0.00103948299283216,1.2192444859730993,7.095773620365199e-08,7.738030120354633e-07,"[0.775786425048973, 1.6627025468972256]",0.1973299611865844,0.3047736118269688,0.7514276816848787,"[-0.17953678620627245, 0.5741967085794413]",23.24625507016856
1456.0,24.0,0.0001718137435298498,0.0014705185053282004,1.1652400514866936,2.800392050061431e-07,2.4017084477370763e-06,"[0.7206047162587803, 1.609875386714607]",-0.010364242021033476,0.9591455902196313,0.9938808419181301,"[-0.4069132369500085, 0.3861847529079415]",0.039588488377157116
1457.0,24.0,9.654025133347144e-07,0.00013123505145810953,1.446210242113323,9.378747269406e-14,1.2847598999186301e-11,"[1.0657055497813825, 1.8267149344452633]",-0.04846304430350923,0.7282505582189955,0.9499529938388005,"[-0.3218400264254284, 0.22491393781840996]",0.18511519339644034
1458.0,24.0,7.68873397066912e-05,0.0009323511532191524,1.393501977838609,4.2213984252601165e-08,5.130595142955223e-07,"[0.8952262661032571, 1.891777689573961]",0.20132269449279683,0.28681504527357404,0.737882802350332,"[-0.16913306584567256, 0.5717784548312662]",23.231003952357405
1459.0,24.0,0.026561443054864117,0.060948699070362815,0.9342546567004197,0.003368443425576178,0.007729333239045842,"[0.30971896553149925, 1.5587903478693401]",-0.06919653347859445,0.8451629354612127,0.9708072590103425,"[-0.7636512479820384, 0.6252581810248495]",0.26431128835061113
1460.0,24.0,0.0020167670690022415,0.007630905566400434,1.0977164911110915,4.4321688381702916e-05,0.0001680595441482987,"[0.5708712954391745, 1.6245616867830086]",-0.0630996926684757,0.804111442318074,0.964856561617867,"[-0.5617219734095742, 0.4355225880726228]",0.24102307189841607
1461.0,24.0,0.03040782221184783,0.06865618020286256,0.6855197962224929,0.004141767544083609,0.009355698089188184,"[0.2169044229314544, 1.1541351695135313]",0.21393594968276108,0.5536592367144348,0.8947876547961463,"[-0.49401073890276526, 0.9218826382682874]",23.18282486647031
1462.0,24.0,3.701039842173852e-05,0.0006127549407572603,1.2197826828422003,6.780387502305993e-09,1.1225807123023167e-07,"[0.8073229649836016, 1.632242400700799]",0.4686383751720786,0.007926195582324502,0.10334022923500001,"[0.12270768985622565, 0.8145690604879317]",22.20993326565143
1463.0,24.0,0.0006577493741361701,0.0034783150403816503,1.1537879792037875,5.049052206484662e-06,2.6700434724932114e-05,"[0.6581683975491289, 1.649407560858446]",0.221680946491138,0.3286084267458741,0.7704769677511702,"[-0.22307028416125124, 0.6664321771435273]",23.153241157839492
1464.0,24.0,0.002924527550702239,0.009906936147365307,0.9443002919687051,8.775757851293433e-05,0.00029710724525300515,"[0.47241920248274166, 1.4161813814546687]",0.33655177235534683,0.20023092339960014,0.6338456303638019,"[-0.1784240072273532, 0.8515275519380469]",22.7144669237594
1465.0,24.0,0.16691264059705505,0.32372505934262036,0.5514742287071137,0.04876857737744716,0.09454939390741984,"[0.0029790986832528565, 1.0999693587309745]",0.6156169113027845,0.23103472248037038,0.6712708572023145,"[-0.3918050514828604, 1.6230388740884294]",21.648516612364727
1466.0,24.0,8.745512403373732e-05,0.0009945720984416964,1.0117095748684384,5.799778871388682e-08,6.594164787111847e-07,"[0.6461864349380048, 1.3772327147988719]",0.3346476357913435,0.07816050950568353,0.40729812144702204,"[-0.0377123179023679, 0.7070075894850549]",22.721740189674993
1467.0,24.0,0.0014296833834555641,0.0059200140101679675,1.0965138585872893,2.3210014005668004e-05,9.614753109224525e-05,"[0.5886303550561554, 1.6043973621184233]",0.009289747012515726,0.9698262345155962,0.9946639642340541,"[-0.47205803208352454, 0.490637526108556]",23.964515780229238
1468.0,24.0,1.497753225426167e-05,0.00038502653609927176,1.3204198772252322,5.885704252165456e-10,1.513034512124796e-08,"[0.9025638248638469, 1.7382759295866177]",0.48381133530906606,0.0033701573853672758,0.05930666495607872,"[0.1603730444586116, 0.8072496261595206]",22.15197682708012
1469.0,24.0,0.0004449002434530696,0.0026882189936741365,1.125380055678952,2.2530376128860366e-06,1.3603082369120845e-05,"[0.6589880003063913, 1.5917721110515126]",0.24860184379769823,0.2556988578414221,0.7048644437930052,"[-0.18008354332749277, 0.6772872309228892]",23.05041090474809
1470.0,24.0,0.007071095396370366,0.019592949283375908,0.8542947926359841,0.00040604894276162983,0.0011254128125322335,"[0.3807852292218058, 1.3278043560501622]",0.24734524019798343,0.39782055091538293,0.8190664008964029,"[-0.3260152267713581, 0.8207057071673249]",23.05521077693373
1471.0,24.0,1.0420749274880632e-05,0.0003248576044199919,1.367060586045391,2.0760415950372832e-10,6.447334146078519e-09,"[0.9454817824180501, 1.788639389672732]",-0.38267078900578433,0.018002935831226165,0.17242510945059325,"[-0.6997296170204841, -0.06561196099108463]",1.461694743531511
1472.0,24.0,0.0016066141721598607,0.006449675520513291,0.940997048599009,2.918049957121971e-05,0.00011709670774967781,"[0.4997477355996126, 1.3822463615984053]",0.42092759795886625,0.0863689820682903,0.4269018172144919,"[-0.06016001635115453, 0.902015212268887]",22.392175010425163
1473.0,24.0,5.793229616876586e-05,0.0008001698365851638,1.206159520853058,2.105121691063359e-08,2.907626645115137e-07,"[0.784247453231333, 1.628071588474783]",0.2852919033925083,0.12171934835871945,0.5066249294290442,"[-0.07601782196188417, 0.6466016287469007]",22.910265200423684
1474.0,24.0,4.746431421955786e-06,0.0002413319386198876,1.3873489957502725,1.926211282084385e-11,9.87800657479172e-10,"[0.982201088556614, 1.792496902943931]",-0.12640182838534297,0.41374423151979356,0.8280792891742401,"[-0.42951727359460634, 0.1767136168239204]",0.48281941928113875
1475.0,24.0,0.004768478808174597,0.014332668494663652,1.029780501779213,0.00020714422471444788,0.0006228028403922064,"[0.4857761237867696, 1.5737848797716563]",-0.140691633764642,0.6149344495155233,0.9172188963428358,"[-0.6888572062874847, 0.4074739387582007]",0.5374024551676171
1476.0,24.0,0.0031915453831841746,0.01056453288045076,1.419441667394852,0.00010303743001961147,0.0003410706058245994,"[0.7030313505227431, 2.135851984266961]",0.5088223758078207,0.05281974978698578,0.33174690168845256,"[-0.006194059213948555, 1.0238388108295902]",22.05644168962616
1477.0,24.0,1.7619648334824582e-06,0.0001680509864472452,1.5110859046553553,7.803632465320707e-13,7.432030919353054e-11,"[1.0977076069473433, 1.9244642023633673]",0.39437722941386877,0.005960184940957619,0.08575805670442617,"[0.11329528682057288, 0.6754591720071647]",22.493589947901512
1478.0,24.0,0.0006260714257493912,0.0033623599664306726,0.9714064095542109,4.560514059414499e-06,2.4492556710067126e-05,"[0.5560704353563245, 1.3867423837520971]",-0.1665579161494275,0.46158154220105785,0.8550833639977362,"[-0.6099530724717428, 0.27683724017288786]",0.6362043759904035
1479.0,24.0,0.001322047101289746,0.005601894496990449,0.8984449064808189,2.0168042364372987e-05,8.534931174089288e-05,"[0.4853765353483422, 1.3115132776132956]",0.46926310108056146,0.05052248395868041,0.32380876915018353,"[-0.0010679640043163574, 0.9395941661654392]",22.207546988457526
1480.0,24.0,0.0059918485688564066,0.017227856724716523,0.9610132708236422,0.00030697359162225037,0.0008826152720593743,"[0.4391588940162505, 1.4828676476310338]",0.2506146365676365,0.3818238334867544,0.8095104429845542,"[-0.3110466200116717, 0.8122758931469447]",23.042722602697964
1481.0,24.0,3.3472649057076187e-06,0.00020932207166557925,1.5413811535599395,6.399912306074222e-12,4.0251020792919634e-10,"[1.1016645427668257, 1.9810977643530534]",0.17672029588376503,0.24155883618745622,0.6860517926369105,"[-0.11904061347065692, 0.472481205238187]",23.324978192770477
1482.0,24.0,1.9906678409074528e-05,0.00043944102448288143,1.3573299559751393,1.2901300378744965e-09,2.8479691785308973e-08,"[0.9189572641759904, 1.7957026477742881]",-0.3924342335125903,0.020471647717538673,0.1866442134454761,"[-0.7243122483808722, -0.06055621864430849]",1.4989883544481892
1483.0,24.0,0.0031321951416402078,0.010412882784708137,0.9581399105813605,9.883124864807102e-05,0.00032877993562232546,"[0.47581115962614445, 1.4404686615365765]",0.09781363459812642,0.7138241927537161,0.9463571189696999,"[-0.42495199731513444, 0.6205792665113873]",23.626379437246168
1484.0,24.0,4.1802061975164145e-06,0.00022718511943023992,1.1590619113413296,1.2934029979010752e-11,7.029364119027583e-10,"[0.8234740984888924, 1.4946497241937668]",-0.10401710184544655,0.49770003069170266,0.8728067218963704,"[-0.40465986321151115, 0.19662565952061806]",0.39731606219510224
1485.0,24.0,0.003389678340517429,0.011059309430725707,1.134289299530793,0.00011399366771960438,0.0003720419964739046,"[0.5581448649473679, 1.710433734114218]",-0.22848819029124545,0.3943566431600053,0.8164733812836549,"[-0.754267120905516, 0.29729074032302505]",0.8727605981513598
1486.0,24.0,0.0038430375818791556,0.012176925164382622,1.142103598007155,0.00014267966472829893,0.00045190334611723353,"[0.5535678066328248, 1.7306393893814853]",0.3470715546538985,0.19997777706824083,0.6338439843684337,"[-0.18370235939866697, 0.877845468706464]",22.674284315285835
1487.0,24.0,0.04222292264496613,0.09214954745736825,0.7116268833140955,0.006790485002120572,0.014819914888958036,"[0.19637392901459927, 1.2268798376135917]",0.44410102066455615,0.24066058695984116,0.6848298276004801,"[-0.2977334350927414, 1.1859354764218537]",22.303659055897917
1488.0,24.0,4.643294809281222e-05,0.0007020039027738208,1.2887021580909128,1.2216355555191486e-08,1.8398125836131757e-07,"[0.8453193073670746, 1.732085008814751]",-0.5991097293669956,0.000764099310510146,0.021893963051866645,"[-0.9480146824774524, -0.2502047762565388]",2.28843059719692
1489.0,24.0,4.8184776542148094e-05,0.0007159699337614873,1.5628493201331188,1.3214064536059022e-08,1.9634568404248177e-07,"[1.0238767812486773, 2.1018218590175604]",0.2513109203778372,0.16730543302979928,0.5860085219957943,"[-0.10538065172668398, 0.6080024924823584]",23.040062994453443
1490.0,24.0,0.005110686948482702,0.015151754961407358,1.0708002478077974,0.00023327493934229693,0.0006918938001932137,"[0.5004862601108697, 1.641114235504725]",-0.005128100509107725,0.9855121394947338,0.9971100704756963,"[-0.5586267406981439, 0.5483705396799284]",0.019587901072717427
1491.0,24.0,0.003362043259058448,0.01100145045503419,1.1500606800362572,0.0001121049205703222,0.0003670757058622207,"[0.5665227265836118, 1.7335986334889024]",0.05240751417882361,0.8455199257356066,0.9708072590103425,"[-0.4747840162665772, 0.5795990446242244]",23.79981804151876
1492.0,24.0,0.00282534808357098,0.009659309687422155,1.02905137251242,8.208371972830894e-05,0.00028072407567821114,"[0.5169172736394153, 1.5411854713854245]",-0.004658898046058901,0.9859138921528066,0.9971100704756963,"[-0.5218580311544978, 0.51254023506238]",0.017795679681394724
1493.0,24.0,8.441066369619995e-05,0.0009769752742615735,1.1569734459287675,5.307782339617998e-08,6.14326659678009e-07,"[0.7401824151020935, 1.5737644767554415]",-0.2616460004061745,0.16855186352996132,0.5870841641586949,"[-0.6340965865241146, 0.11080458571176566]",0.9994141033168014
1494.0,24.0,0.00027232530892421777,0.0019563599779038633,1.3736580340708644,7.833602751747172e-07,5.631633897733409e-06,"[0.8285952226608064, 1.9187208454809224]",-0.048049292843125535,0.8193204181040048,0.966095377463714,"[-0.46033911733291905, 0.364240531646668]",0.183534779233283
1495.0,24.0,0.0017425647981731624,0.006844323637757904,0.9594608441109005,3.379181204213151e-05,0.00013277725753293323,"[0.5059198506409501, 1.4130018375808509]",0.16640318881382754,0.5058499424269387,0.8752594956712603,"[-0.3238081395712715, 0.6566145171989266]",23.364386638896608
1496.0,24.0,0.005346713375407065,0.015688712956006646,1.0016219911548372,0.00025286097958232654,0.0007419629682580005,"[0.46514806915183693, 1.5380959131578376]",0.28255495703928446,0.3168708242150704,0.7602537785596664,"[-0.27073965956859936, 0.8358495736471683]",22.920719565409915
1497.0,24.0,3.527646279079427e-05,0.0006025385474055317,1.3741413592016982,5.933915457258285e-09,1.0134669028203079e-07,"[0.9112700256410358, 1.8370126927623607]",-0.3012778363738864,0.08944715099659645,0.4348427369790785,"[-0.6489704284265867, 0.046414755678813924]",1.150796565670446
1498.0,24.0,0.4294882574938592,0.6926112844603438,0.37444421045730636,0.18532936168265957,0.2988536439490234,"[-0.17963985351322376, 0.9285282744278365]",-0.8118369071907763,0.28126370888602303,0.7309347944023468,"[-2.2885825688203645, 0.6649087544388119]",3.10098856233236
1499.0,24.0,0.005622308257905051,0.016367709630000147,1.02781686909686,0.0002747689935594158,0.0007999097337974258,"[0.4740821420339413, 1.581551596159779]",-0.04001025941337932,0.8885970481792846,0.979163537493745,"[-0.5998250490538523, 0.5198045302270936]",0.15282793344068055
1500.0,24.0,2.489778309883799e-05,0.0004989535691149897,1.1842879236223964,2.3383868763941625e-09,4.695555976695106e-08,"[0.7956375826736706, 1.5729382645711223]",0.07971297610895256,0.6467173938208488,0.9293251815215532,"[-0.26116700282225597, 0.4205929550401611]",23.695518859768658
1501.0,24.0,1.7783718236945425e-05,0.0004182254996226117,1.2623580535573544,9.328784064769114e-10,2.202631380288068e-08,"[0.8581132652328596, 1.6666028418818493]",0.08263144016784274,0.6263229986327317,0.9198457903256451,"[-0.2499866265477998, 0.4152495068834853]",23.684371148219654
1502.0,24.0,0.0013590871943342236,0.005708052055162636,1.0825258252393481,2.1110079327216114e-05,8.866055996310842e-05,"[0.5836299016741386, 1.5814217488045577]",0.18815464349378352,0.44008012989786993,0.8462360780650421,"[-0.2894990664722632, 0.6658083534598302]",23.281302202134505
1503.0,24.0,0.2577096745729755,0.4707026019597726,0.428307434743079,0.08957112352603308,0.16354048480195926,"[-0.0661761359526909, 0.9227910054388488]",0.9119944537643967,0.11799387088430902,0.5014614147229453,"[-0.23144172718863243, 2.0554306347174256]",20.516437790664078
1504.0,24.0,0.050635661179678826,0.10859030919939701,0.6709631032838906,0.008879515132055508,0.019042494385707716,"[0.16838947311667174, 1.1735367334511095]",-0.47212034586938323,0.2271148380855511,0.6671998768670715,"[-1.2382407540917737, 0.29400006235300713]",1.8033668827048233
1505.0,24.0,0.00016562992656413023,0.0014515543441387599,1.312623115782565,2.5760856363865624e-07,2.259724242444353e-06,"[0.8132728752659375, 1.8119733562991924]",-0.03878775413525304,0.8474945042337204,0.9708072590103425,"[-0.43408772575850146, 0.3565122174879954]",0.148158307249407
1506.0,24.0,0.0006497865322180526,0.0034453156533300775,1.1269234797892023,4.91747658253571e-06,2.6087408925918886e-05,"[0.6434306933991842, 1.6104162661792203]",0.1455232174461809,0.5216968204017454,0.8833474069819929,"[-0.29962431002210216, 0.5906707449144639]",23.444142254611286
1507.0,24.0,0.002112922514760365,0.00787816001029219,1.0969252672019183,4.8530080972928765e-05,0.00018074518053232315,"[0.56772318144321, 1.6261273529606266]",-0.3260229126777503,0.1989291332165386,0.6328323021452894,"[-0.8234454161084129, 0.17139959075291233]",1.2453157947331515
1508.0,24.0,0.0011869313642167676,0.005205839316740209,0.8913735464000122,1.6309584301821024e-05,7.150190399746175e-05,"[0.486043414090002, 1.2967036787100223]",0.299888467032031,0.21050522723108955,0.6491064669475473,"[-0.16951035157542926, 0.7692872856394912]",22.854510434294433
1509.0,24.0,0.0005236845977877125,0.0029890673389709617,1.0931436554033835,3.154833354659841e-06,1.8026889006499943e-05,"[0.6334216204088423, 1.5528656903979248]",-0.08340244503693928,0.7082392993691248,0.9438396827264531,"[-0.5202176824537977, 0.3534127923799192]",0.318573873445896
1510.0,24.0,0.0008571436084798257,0.004142791727790361,1.272358953528482,8.57727111013419e-06,4.14761659097398e-05,"[0.7119902132258233, 1.8327276938311408]",-0.09625641198016943,0.6799822368864167,0.935645905148272,"[-0.5536258127666487, 0.3611129888063098]",0.36767241050241356
1511.0,24.0,3.538619796831467e-05,0.0006025385474055317,1.238599569883722,5.938916050527004e-09,1.0134669028203079e-07,"[0.8213745827962298, 1.6558245569712142]",0.09991075802337956,0.5756079152936702,0.9020653742260933,"[-0.2498881195376929, 0.44970963558445204]",23.6183690158205
1512.0,24.0,0.0028447797285724853,0.00970914583130541,1.0650945059781323,8.34888912401773e-05,0.0002849450212975335,"[0.5344734858472262, 1.5957155261090383]",-0.3322881910070432,0.2046992339951439,0.639272616713638,"[-0.845798374417853, 0.18122199240376657]",1.2692473951160355
1513.0,24.0,0.005169345932564266,0.015298449045765806,0.8046419331930067,0.00023790377890994338,0.0007042740642686305,"[0.3755006407780327, 1.2337832256079806]",-0.016173786723002515,0.9543897594076836,0.9927151416642309,"[-0.5704174922948289, 0.5380699188488238]",0.061779314531518026
1514.0,24.0,0.0007756964081130101,0.0038726730310185225,1.0776311087216572,7.079848335390677e-06,3.534622234343823e-05,"[0.607359582217388, 1.5479026352259266]",-0.4002830358617526,0.08007303352699521,0.4121103115130994,"[-0.8485245692758145, 0.0479584975523093]",1.5289685710374803
1515.0,24.0,5.2051009993328776e-05,0.000755457329366165,1.1030470187700654,1.600500896475262e-08,2.326309442551253e-07,"[0.7204330033452286, 1.4856610341949021]",0.1406709090121634,0.44367362865008864,0.8471322596985049,"[-0.2192615950028891, 0.5006034130272159]",23.462676707555616
1516.0,24.0,0.03910501514179432,0.08588845847088583,0.7431088689325493,0.006043981329638824,0.013274722885215955,"[0.21259448321488583, 1.2736232546502129]",0.2327040906010156,0.5370572826068007,0.8887959864383188,"[-0.5061822058332375, 0.9715903870352687]",23.11113584887546
1517.0,24.0,4.1865007601857186e-05,0.0006644055727516006,1.6977986713239885,9.218039709457417e-09,1.4631809062630821e-07,"[1.1185296571060848, 2.2770676855418923]",-0.23167088866184926,0.19850909101051972,0.6323959573447586,"[-0.5848072823147691, 0.12146550499107056]",0.8849176104246106
1518.0,24.0,0.002307291508093694,0.008351509471291934,1.0288593168625488,5.683417379588317e-05,0.00020577180954338582,"[0.5279314053585182, 1.5297872283665794]",0.12519550752635045,0.6272914837936218,0.920090014308269,"[-0.38017451116673906, 0.63056552621944]",23.521788386982784
1519.0,24.0,0.0003207548840186919,0.0021716647530040075,1.2702998126013314,1.118865243399163e-06,7.575255540955741e-06,"[0.7590056579749458, 1.781593967227717]",0.10196061402110246,0.6325540226078108,0.9223220313219056,"[-0.31599471815057983, 0.5199159461927847]",23.61053914266856
1520.0,24.0,2.6204812756792125e-06,0.00019127600552403012,1.070947588334213,2.90310658062181e-12,2.121608776308002e-10,"[0.7703292079069755, 1.3715659687614505]",0.24417983951821753,0.09935527391403941,0.45766540304017805,"[-0.04622512075377666, 0.5345847997902118]",23.06730171689496
1521.0,24.0,0.0656114533881564,0.13731991081656844,0.6405390410912605,0.012913300368325577,0.027026580929940515,"[0.13556841245206863, 1.1455096697304523]",-0.16240488572310152,0.6970509059673669,0.9391521354987097,"[-0.9800366491588957, 0.6552268777126926]",0.6203409682825437
1522.0,24.0,0.019683713328928987,0.04673246279422836,0.7016288324891808,0.0021223258818793356,0.005038760403322259,"[0.2540645410855196, 1.1491931238928421]",-0.13047790152688687,0.6992963696526404,0.9397742409824522,"[-0.7925321070524158, 0.5315763039986421]",0.49838887181427854
1523.0,24.0,3.5955978268071866e-05,0.0006082610377283698,0.9887562474141302,6.200057247822477e-09,1.0490790605452583e-07,"[0.6552789619999535, 1.3222335328283068]",-0.15472631816029025,0.38605267274076116,0.8110539041812019,"[-0.5045863718781853, 0.19513373555760488]",0.5910110006788677
1524.0,24.0,9.972370166628071e-05,0.0010723749873180883,1.1621081451395183,7.88028399690264e-08,8.48254466835591e-07,"[0.7379453153289006, 1.586270974950136]",-0.046352975405500985,0.8106776654794325,0.9654372579247738,"[-0.4256034275213547, 0.33289747671035275]",0.1770553239072608
1525.0,24.0,0.004446021654287177,0.013613048543439,0.9269285134083045,0.00018331126575488825,0.0005612714811845935,"[0.44129339442614557, 1.4125636323904636]",-0.05470780895626248,0.8438433337878297,0.9708072590103425,"[-0.5990546261692584, 0.48963900825673345]",0.2089684373067897
1526.0,24.0,0.0857201279246858,0.17627005536641124,0.7315522053296049,0.018973436800922838,0.039015909522769565,"[0.12039111662675639, 1.3427132940324533]",-0.20197580705989626,0.6474022881165924,0.9294020283387066,"[-1.0674936429074862, 0.6635420287876935]",0.7714907538853781
1527.0,24.0,8.570212218788001e-05,0.0009828225021545874,1.2291382736671075,5.5209002336448034e-08,6.322300104171505e-07,"[0.7857786041319803, 1.6724979432022347]",0.32549482415830866,0.0862866069036386,0.42673890654618496,"[-0.04642306866047574, 0.6974127169770931]",22.75670135482507
1528.0,24.0,0.0011700970492180209,0.005147809279445758,1.1011648357694064,1.582623253833325e-05,6.965771363703014e-05,"[0.6012084032318261, 1.6011212683069866]",-0.1992573312800845,0.40642713952733167,0.8239061166191282,"[-0.669672144804315, 0.27115748224414604]",0.7611069412925948
1529.0,24.0,0.0006134376897667506,0.003314088005222856,0.9567038147145407,4.367330537677145e-06,2.361995964130419e-05,"[0.5484589295395987, 1.3649486998894826]",0.03887710318769155,0.86355922962222,0.9729255231284837,"[-0.40453197710937683, 0.48228618348475993]",23.851500404510045
1530.0,24.0,1.7388164586020892e-05,0.0004159847987086338,0.9791919107027752,8.790143670023264e-10,2.102905184216092e-08,"[0.666109764962967, 1.2922740564425834]",0.18415753839589577,0.27612168077267196,0.7263268467894519,"[-0.14726389232521692, 0.5155789691170085]",23.296570018959784
1531.0,24.0,0.001540532165044552,0.00623190336811266,1.2097100789944208,2.6770370913896415e-05,0.00010833820685510488,"[0.6450992658374287, 1.774320892151413]",0.12240230813756536,0.6204782393592794,0.9175486145824342,"[-0.36208346664724705, 0.6068880829223777]",23.53245762273718
1532.0,24.0,3.45585687303067e-05,0.0005958373919018396,1.535810294525206,5.606996802022872e-09,9.667235865556676e-08,"[1.0193220491820667, 2.052298539868345]",0.2357983225816387,0.18419659380652909,0.6154246368410594,"[-0.1122255439283506, 0.583822189091628]",23.09931675332052
1533.0,24.0,0.002564215934186806,0.009006729659946632,1.082383667763192,6.920413611570811e-05,0.00024307740117916442,"[0.5492270790641895, 1.6155402564621943]",0.3418041348242191,0.1868108930965069,0.6181710822584453,"[-0.16568610935884298, 0.8492943790072812]",22.694404376963444
1534.0,24.0,0.002375462053911908,0.008525598489144541,0.8092979633646142,5.991429525736236e-05,0.00021520939388420388,"[0.4140484433937947, 1.2045474833354337]",-0.06796043479805292,0.7929106209677073,0.9628316126547152,"[-0.5753254261384205, 0.4394045565423147]",0.2595897391868298
1535.0,24.0,0.03678983331428265,0.08137543312161612,0.6945870889432986,0.005517700672247272,0.012204602238989764,"[0.20403059364119375, 1.1851435842454034]",0.2329268403830369,0.5322583787953419,0.8857686450246994,"[-0.4980302291298422, 0.963883909895916]",23.110285007382306
1536.0,24.0,0.010400583190857463,0.02686101030696659,1.1000203926710157,0.0007694178803307707,0.0019876462938020426,"[0.45903434942610644, 1.741006435915925]",-0.2976488989774264,0.3321602470368308,0.7737252435053128,"[-0.8992142525828987, 0.30391645462804584]",1.1369350458748226
1537.0,24.0,6.670660642442865e-05,0.0008640752127516664,1.3359733058644934,2.972005624025051e-08,3.84974821764903e-07,"[0.8635896208813796, 1.8083569908476071]",-0.12015096815496129,0.5211495567198013,0.8830050096912935,"[-0.48720359503549115, 0.24690165872556857]",0.45894289197933585
1538.0,24.0,5.9652902817385986e-05,0.0008149303663577321,0.9920689798315262,2.264316621236442e-08,3.093328717536123e-07,"[0.6442604716362795, 1.3398774880267728]",0.28144406648069964,0.12774956920232,0.5172047336126316,"[-0.08074044262812513, 0.6436285755895244]",22.924962854777103
1539.0,24.0,0.0006760798609808062,0.003549018435470315,1.3380149325439676,5.326138176302742e-06,2.7958730584266365e-05,"[0.7618415160300165, 1.9141883490579188]",-0.0957625713358139,0.6746999258367918,0.9338966192307091,"[-0.5429589367230803, 0.35143379405145253]",0.3657860781908407
1540.0,24.0,0.04228617779956073,0.09226746192354512,0.676295001516119,0.006820528644233609,0.014867396866092952,"[0.18635875086620707, 1.166231252166031]",0.6930746484655526,0.06261626556266699,0.36366426607451346,"[-0.03650082864056858, 1.4226501255716737]",21.35264985036071
1541.0,24.0,0.0003606427779480448,0.0023382595259491706,1.3048596812901527,1.4436313100209436e-06,9.352094362181597e-06,"[0.774139758691892, 1.8355796038884136]",0.2378387543474414,0.268044349682634,0.7172714735954885,"[-0.18303961910615102, 0.6587171278010338]",23.091522878082856
1542.0,24.0,0.13803508716712212,0.27236599677806256,0.7053364895555473,0.03727043162043444,0.0735407095904389,"[0.041594792743451126, 1.3690781863676436]",0.23929056983684216,0.6300493774533737,0.9216640993393094,"[-0.7344325493888733, 1.2130136890625576]",23.085977351404566
1543.0,24.0,0.0038858406897144125,0.012285300947563743,0.8499898046617189,0.00014482296691191077,0.00045801064804525864,"[0.41155700579498733, 1.2884226035284505]",-0.041050775894382774,0.8806737435639079,0.9766268042296392,"[-0.5770261658549848, 0.49492461406621924]",0.15680241363236735
1544.0,24.0,0.03279753154381939,0.07336846893601069,0.7412397317135541,0.004640038778905838,0.010382722709567773,"[0.2280659681658419, 1.2544134952612662]",0.1387774739470906,0.7049790848919475,0.9423077547908834,"[-0.5796409211504439, 0.8571958690446251]",23.469909096756332
1545.0,24.0,0.001710504094701151,0.006760885749806921,1.0037811718456289,3.2656145309149106e-05,0.00012907567315869213,"[0.5301835221500923, 1.4773788215411654]",-0.20317816438610592,0.4152364101605961,0.8288815882747501,"[-0.6919658893709453, 0.2856095605987334]",0.7760834205692747
1546.0,24.0,0.0029620309769631944,0.009996729588130929,1.0889054373951785,8.940141688759916e-05,0.00030182787605536514,"[0.5441417605949891, 1.633669114195368]",0.08377702701549072,0.7520078293973305,0.9552799279805988,"[-0.43585461422801275, 0.6034086682589942]",23.679995328790593
1547.0,24.0,0.00015714973990921464,0.0014083495470992998,1.1764994403114422,2.3085393817503478e-07,2.0624595934911203e-06,"[0.7307091703733362, 1.6222897102495482]",-0.4058394143845394,0.040914933851067314,0.28551942673459396,"[-0.7949189145282942, -0.016759914240784546]",1.550192373619668
1548.0,24.0,0.007889872314516348,0.021404971010624926,0.8528736983605774,0.000491204925735531,0.0013319005578512227,"[0.3732873380974681, 1.3324600586236865]",0.7065275335736478,0.014374225272556778,0.15004410514151126,"[0.1408016200195732, 1.2722534471277225]",21.301263614429494
1549.0,24.0,0.0003449610308707133,0.0022702966472590257,0.8917821498632429,1.3166787690214683e-06,8.662360322509659e-06,"[0.5304462981936144, 1.2531180015328713]",0.33443989916458516,0.11649419479701305,0.49852374971028296,"[-0.08316014870064692, 0.7520399470298172]",22.72253368513923
1550.0,24.0,0.0006777277248469985,0.0035557593118940114,1.0984700076298024,5.350253291251307e-06,2.8070583899534667e-05,"[0.6253501772681311, 1.5715898379914737]",-0.05031899776034443,0.8255761253718727,0.9671697813634873,"[-0.49783666500331514, 0.3971986694826263]",0.19220441339973185
1551.0,24.0,6.950404490893886e-05,0.0008797980368220109,1.5467453744059478,3.310566095110689e-08,4.1905899938109983e-07,"[0.9979628281205973, 2.0955279206912985]",-0.3109092124105066,0.09598581781781461,0.449524991159006,"[-0.6769782074634934, 0.05515978264248006]",1.1875857121905644
1552.0,24.0,0.00048707391227371716,0.0028600934367217683,1.1087180864982653,2.7201218702288276e-06,1.597253006593557e-05,"[0.6454701575918913, 1.5719660154046393]",0.2096951258185742,0.3422699323810836,0.7830601640551778,"[-0.22307242306950198, 0.6424626747066504]",23.199023620408727
1553.0,24.0,0.0065295594642496586,0.01848575210837482,0.8586269098647363,0.0003548575761869721,0.0010046930243119254,"[0.38743881563978455, 1.3298150040896881]",0.20943289023304423,0.4701921960835864,0.8584731734461428,"[-0.3589692652614751, 0.7778350457275636]",23.200025286561328
1554.0,24.0,0.0006685558761552863,0.003524279789959337,1.0547932432865708,5.204148233932711e-06,2.7433570026002694e-05,"[0.6010658439430017, 1.5085206426301399]",0.04272003053485651,0.8514040031102517,0.9708072590103425,"[-0.40425012225299495, 0.489690183322708]",23.83682150331218
1555.0,24.0,2.4716835208562283e-05,0.0004983232904952074,1.2330898597913615,2.2979749946305047e-09,4.633014102077631e-08,"[0.8286165901121265, 1.6375631294705966]",0.16608535413415737,0.33859520688079714,0.7790961962282493,"[-0.17408199182639666, 0.5062527000947115]",23.365600677945142
1556.0,24.0,0.0016345410685091337,0.006535550054014929,0.9097983630942718,3.0025099658529355e-05,0.00012000439511802302,"[0.4825148398370014, 1.3370818863515421]",0.2701781786484183,0.2753020346448607,0.7255777749638787,"[-0.2152220567901958, 0.7555784140870324]",22.967995376460937
1557.0,24.0,0.027330199814507284,0.06255481761159827,0.7065766622382661,0.0035248901886242813,0.008067956485750243,"[0.23195336887925855, 1.1811999555972736]",0.28311530653197714,0.4238921568595905,0.833612894512469,"[-0.41077591890215737, 0.9770065319661116]",22.91857918801101
1558.0,24.0,0.010893523095722795,0.02792495025819737,0.7946861369692741,0.0008275671282014244,0.002121423040762431,"[0.32882701385931806, 1.2605452600792302]",-0.09003948273996976,0.7719272001277501,0.9589249382121035,"[-0.6988755145536892, 0.5187965490737497]",0.3439254900360859
1559.0,24.0,0.0003363430953393708,0.0022333538867156093,1.1741748625566393,1.2535701759777488e-06,8.307290761946645e-06,"[0.6993757269772927, 1.6489739981359859]",-0.4807502594606401,0.022640473033258064,0.1989423083343054,"[-0.8941193602754468, -0.06738115864583338]",1.8363307244609304
1560.0,24.0,0.002142004738970376,0.007959883831179399,1.2761226008714603,4.973244755929509e-05,0.0001847416328354201,"[0.6596010757143599, 1.8926441260285607]",0.2955317580402772,0.24554446258792262,0.691285086114647,"[-0.20327278423364947, 0.7943363003142039]",22.871151836814047
1561.0,24.0,0.0013356633783017198,0.005640470347557938,0.9492425607967794,2.0422464697067185e-05,8.620711142704594e-05,"[0.5125325577711547, 1.385952563822404]",0.19727434328240623,0.41730655430293784,0.82902937249044,"[-0.27942298583196734, 0.6739716723967798]",23.246467514913544
1562.0,24.0,8.832052499303511e-05,0.00099469730824461,1.325942862590325,5.893857923251634e-08,6.644710172775235e-07,"[0.8466355634634095, 1.8052501617172403]",-0.10619171863656618,0.5792262819753857,0.9033376518630002,"[-0.4815320713491768, 0.26914863407604445]",0.4056224864743981
1563.0,24.0,0.000724143086987573,0.003709749421042894,1.1053276773912573,6.1231771081241476e-06,3.14009082467905e-05,"[0.6262567081686689, 1.5843986466138458]",0.13671793225692142,0.5513328277841134,0.8939184893512985,"[-0.3130611363254067, 0.5864970008392496]",23.477775966528192
1564.0,24.0,2.8221051022532295e-06,0.0001973797818783904,1.177118941258781,3.682507100661064e-12,2.6117071635894067e-10,"[0.8451060857205486, 1.5091317967970135]",0.158947354924595,0.28693866959378345,0.7379216838836727,"[-0.13360818385629475, 0.45150289370548474]",23.392865826536852
1565.0,24.0,0.026181840269709322,0.06020940541383306,0.6526904265319089,0.0033008484001999005,0.007593394065332185,"[0.21731035563262674, 1.088070497431191]",0.2701643684795627,0.4424615365971055,0.846978439121565,"[-0.4192661886580318, 0.9595949256171572]",22.968048127420257
1566.0,24.0,0.0036826974831060144,0.011777094605391796,0.8797034521054141,0.00013175586730063935,0.0004213491119304105,"[0.42871783890792925, 1.330689065302899]",0.0583350238146938,0.8300317177931378,0.9686926026402447,"[-0.47429365517655564, 0.5909637028059432]",23.777176622508193
1567.0,24.0,0.06883310088672454,0.14364169634124485,0.7219334045747758,0.013862884742412904,0.028929225255452638,"[0.146931251206046, 1.2969355579435056]",-0.35547201763042313,0.3955410136914861,0.8172334993625746,"[-1.1755082353302104, 0.46456420006936416]",1.3578030896815492
1568.0,24.0,0.000902123643267199,0.0043040250155877815,0.930070253088048,9.489112656857757e-06,4.529409382748333e-05,"[0.5184399988950128, 1.3417005072810833]",0.04281118482282231,0.8552232135119149,0.9710102122541093,"[-0.4170662804430806, 0.5026886500887252]",23.836473319579852
1569.0,24.0,0.00012177457780498511,0.001203306104792343,0.9508460746207987,1.2658056599723473e-07,1.2507961066920429e-06,"[0.598136063311985, 1.3035560859296125]",-0.13557854111738887,0.4900126206959564,0.8697731756428894,"[-0.5205320223731075, 0.24937494013832973]",0.5178718799044852
1570.0,24.0,0.0012555655725742625,0.005400282032577473,1.147283600525305,1.8099403380874053e-05,7.784689626182389e-05,"[0.6227758234876882, 1.671791377562922]",0.054982338810141584,0.8205239185670006,0.966095377463714,"[-0.4200158843604733, 0.5299805619807565]",23.789982935894702
1571.0,24.0,0.025936145161495068,0.05971942243033633,0.6758446550135948,0.003248572672522431,0.0074800199689671444,"[0.22577696086110344, 1.1259123491660863]",0.10616363930139983,0.7634725105874753,0.9565635162989086,"[-0.5852965486549317, 0.7976238272577314]",23.594484768685373
1572.0,24.0,0.005175519462683952,0.015301619585075771,0.9151328168137401,0.0002384568621166453,0.0007049165160833673,"[0.4269844423316117, 1.4032811912958687]",0.08145827987600551,0.773228562330719,0.9594231226648312,"[-0.47260336871830966, 0.6355199284703207]",23.688852290447297
1573.0,24.0,0.0002562685110220768,0.0018817333530467887,1.0351749062781732,6.865049645180484e-07,5.04412170843533e-06,"[0.626545070624735, 1.4438047419316113]",-0.14731240065273177,0.4808195027655293,0.8646277697635844,"[-0.5568628944373792, 0.26223809313191565]",0.5626919218227843
1574.0,24.0,0.05400933401069483,0.11510338721431411,0.7767583194833246,0.009724184999367867,0.020725031967962205,"[0.1879257403534056, 1.3655908986132437]",0.05655934383911543,0.8880691935269207,0.979163537493745,"[-0.7310500427298169, 0.8441687304080477]",23.783959220399296
1575.0,24.0,0.0036453961819604506,0.01170647457276959,0.9484346558025368,0.00012939128320467073,0.0004155147180625264,"[0.46278024996440476, 1.434089061640669]",0.027692739401774524,0.9187552409201156,0.9874079467440474,"[-0.5044230489895487, 0.5598085277930978]",23.894221527274844
1576.0,24.0,1.9946000635135436e-06,0.00017969369941563454,1.33061848202951,1.179183244547393e-12,1.0623272473399935e-10,"[0.9637019874579078, 1.697534976601112]",0.31553208718024894,0.02969478162565352,0.23577251381749062,"[0.031083004417234716, 0.5999811699432631]",22.794756206907852
1577.0,24.0,0.09526704472531414,0.19406609233105346,0.8310178561567838,0.022115523193021992,0.04505097411493582,"[0.11926257100555815, 1.5427731413080095]",0.5200693665564708,0.24314159777183042,0.6880067848665263,"[-0.3532541047046154, 1.393392837817557]",22.013481349484803
1578.0,24.0,0.001315675428651041,0.005586072565540904,1.1648954554071198,1.9802265764187646e-05,8.408605420037217e-05,"[0.629836875572187, 1.6999540352420526]",0.05438382925872265,0.823261309716956,0.9666963285808975,"[-0.42284580713567055, 0.5316134656531158]",23.792269073981007
1579.0,24.0,0.000714020964338638,0.0036824185886469214,0.9238238525363496,5.946659534860962e-06,3.0716216605686785e-05,"[0.5239672447187109, 1.3236804603539882]",-0.06943408100278692,0.7621490861690529,0.9565635162989086,"[-0.519075124521577, 0.38020696251600317]",0.2652186530552785
1580.0,24.0,0.0038213865424298814,0.012127535837606732,1.1893165602902187,0.0001406155446447356,0.00044625688557516855,"[0.5770321407605153, 1.8016009798199222]",0.02656024644845356,0.9224840055505733,0.9878688510655973,"[-0.508427732415466, 0.5615482253123731]",23.89854733171175
1581.0,24.0,2.596506862136009e-05,0.0005111233980582694,1.4044519480350162,2.6324897310219644e-09,5.1820663996495365e-08,"[0.9420516756947024, 1.86685222037533]",-0.2544574498273784,0.14299261293245932,0.5418439292628242,"[-0.594946797774559, 0.08603189811980222]",0.9719558627180453
1582.0,24.0,0.02305048074573402,0.053718202623477096,0.8304351419691959,0.002718903090999889,0.00633481614864839,"[0.28750528554819166, 1.3733649983902]",0.380785091189062,0.2669168582798781,0.7161616784382053,"[-0.29146433656275494, 1.053034518940879]",22.545508091557505
1583.0,24.0,0.003992050239558636,0.012534221292176666,1.0201345187212005,0.00015191627249749878,0.00047697416796702914,"[0.4922909794859065, 1.5479780579564946]",-0.10763711643202356,0.6945572918984049,0.9387177887530813,"[-0.6448835372312265, 0.42960930436717937]",0.41114349936754613
1584.0,24.0,0.0005976501300020153,0.003266259574336787,1.082555696411398,4.172620760376128e-06,2.2751476337928722e-05,"[0.6215612240865651, 1.543550168736231]",0.3826155268207758,0.08674321921612825,0.4281501442059637,"[-0.05520446985836014, 0.8204355234999118]",22.538516342466334
1585.0,24.0,0.0032538327209440496,0.010713970105182909,0.9260316937571452,0.00010662349156655142,0.0003508505810021435,"[0.45764782893991235, 1.394415558574378]",-0.49677374011684794,0.059428410624647765,0.3531099858862018,"[-1.0133006254449173, 0.019753145211221512]",1.8975359121082787
1586.0,24.0,4.6153692547301275e-05,0.0006992983719288072,1.2874020286369292,1.1870881750338637e-08,1.7986184470210054e-07,"[0.8448464670072484, 1.72995759026661]",-0.305482882343866,0.09146903718569688,0.4389109269947067,"[-0.6602472519931915, 0.04928148730545939]",1.1668586581196676
1587.0,24.0,1.0015462467141316e-07,6.676974978094211e-05,1.5113005705856366,1.1634677609836707e-17,7.756451739891139e-15,"[1.165119888052622, 1.8574812531186513]",-0.11561260379281268,0.3406548921650978,0.7816771275013717,"[-0.35341634090984636, 0.12219113332422099]",0.4416076170564227
1588.0,24.0,0.0004299997658721283,0.002620352016283536,1.0445198135821903,2.08909935807417e-06,1.2738410719964452e-05,"[0.6130361206671879, 1.4760035064971926]",-0.022289410116973052,0.9189422278417912,0.9874079467440474,"[-0.4515716912413767, 0.4069928710074306]",0.0851392751692503
1589.0,24.0,0.0021172616281870346,0.007882582383421573,1.2094731402383492,4.8483635945642877e-05,0.00018063947818793916,"[0.6260053977942758, 1.7929408826824225]",-0.0078036212998053855,0.9756619090298796,0.9955285224381598,"[-0.5091414352535153, 0.4935341926539045]",0.029807637693149484
1590.0,24.0,0.0011430448258516366,0.005069799716176518,1.094992762204533,1.5118252511026477e-05,6.704324838592672e-05,"[0.5989985333439971, 1.590986991065069]",-0.1789804405680817,0.45504687543011646,0.8518286698429736,"[-0.6485684419664556, 0.29060756083029216]",0.6836549239962096
1591.0,24.0,9.020898225996881e-05,0.0010074044498439483,0.9962455281313434,6.23959890200749e-08,6.956074584177804e-07,"[0.6354400573395798, 1.357050998923107]",-0.2975891283649714,0.11876181185056174,0.5026527256948197,"[-0.6714782491306268, 0.07629999240068402]",1.1367067389526504
1592.0,24.0,8.827674884657443e-06,0.0003071388681463553,1.42231392256842,1.2591673369293161e-10,4.387342637384377e-09,"[0.9889068762168389, 1.8557209689200012]",-0.026632923644519302,0.869065237490414,0.9740699814956445,"[-0.34328960701214445, 0.29002375972310585]",0.10173027472834233
1593.0,24.0,1.3132675256425666e-05,0.0003588162638367668,1.4297543567002478,3.97881700247941e-10,1.0900868499943589e-08,"[0.9817397514280581, 1.8777689619724374]",-0.03869968984779604,0.8158000981228797,0.966095377463714,"[-0.36430579514573647, 0.2869064154501444]",0.1478219264495995
1594.0,24.0,0.01177118449789395,0.029800467083275824,0.7183974694832804,0.000939154358356082,0.0023776059705217264,"[0.2927715567208783, 1.1440233822456825]",-0.1868178253534012,0.5509927284304221,0.8939184893512985,"[-0.8008923912339022, 0.42725674052709983]",0.713591528704133
1595.0,24.0,0.0022709516032177607,0.00827304773485523,0.9127598613744158,5.5172098250443235e-05,0.00020106449799724212,"[0.4691271184414134, 1.3563926043074181]",-0.06648177411120848,0.7963611906529281,0.9628316126547152,"[-0.571411899983543, 0.43844835176112607]",0.253941671407623
1596.0,24.0,0.0002739069569705571,0.001963490730971735,1.227292015737875,7.989351576053001e-07,5.718934556945599e-06,"[0.7399278035556576, 1.7146562279200925]",-0.3338697628296359,0.10986076154970187,0.48460856440097866,"[-0.7431547362502737, 0.07541521059100204]",1.275288554478127
1597.0,24.0,3.3175774295522034e-05,0.0005775109646299736,1.2865234980576725,5.018285175640788e-09,8.742437048842988e-08,"[0.8552378008263801, 1.717809195288965]",0.11717727175712156,0.5093068917156087,0.87774087227094,"[-0.2308409224252143, 0.46519546593945743]",23.552415791563963
1598.0,24.0,0.00042734406781869437,0.0026105318742742478,1.112518624815359,2.069996684574996e-06,1.2652791470507311e-05,"[0.6531251279118968, 1.571912121718821]",0.2468597625137594,0.2573495780009606,0.706034507547217,"[-0.18030164027774265, 0.6740211653052615]",23.057065165090652
1599.0,24.0,0.025163483500974953,0.0581008623896905,0.7540764079934478,0.00310066404171486,0.007160886932366882,"[0.2543558063058884, 1.2537970096810072]",-0.029546099450023178,0.9329834415029001,0.9892015094756179,"[-0.7181898015192822, 0.6590976026192359]",0.11285778663734206
1600.0,24.0,0.017877929811956832,0.042883017059143276,0.7354557895060928,0.0018255841289743582,0.004380000309439439,"[0.27303679631234806, 1.1978747826998375]",-0.10800675756405731,0.7457392613063218,0.9547509829752914,"[-0.7608399245920106, 0.5448264094638959]",0.4125554244875443
1601.0,24.0,0.00037444399600906,0.0023941431969888745,1.2863386035306996,1.5588239606495365e-06,9.979666841546328e-06,"[0.7614807357509886, 1.8111964713104105]",-0.07113101130007049,0.7422233143296704,0.9537299711909787,"[-0.4949977083558745, 0.3527356857557335]",0.2717004493327604
1602.0,24.0,0.012193604557682617,0.030729850195772727,0.9054384820816768,0.000995190187033095,0.00250867201167909,"[0.3663467718669071, 1.4445301922964464]",0.2640199681541935,0.4005092260580648,0.8206211468997754,"[-0.35149349138830954, 0.8795334276966965]",22.991518007839087
1603.0,24.0,0.0004900842945271262,0.002868659454160498,1.049422677286475,2.7490759694475693e-06,1.6095292561168438e-05,"[0.6107471226839685, 1.4880982318889815]",-0.09166951308002513,0.6789800950715481,0.9353631286286652,"[-0.5258042262600096, 0.3424652000999593]",0.35015174730031573
1604.0,24.0,9.420011310574017e-05,0.0010340297816217362,1.299931617900055,6.906737356173573e-08,7.581489962868905e-07,"[0.8275516898747382, 1.772311545925372]",-0.23657188765097548,0.21757276314208385,0.6565173886122369,"[-0.6126216481518586, 0.13947787284990765]",0.9036380475895982
1605.0,24.0,1.2986414769693335e-05,0.0003577524729943068,1.2927550937200687,3.926870159715101e-10,1.0814700623269494e-08,"[0.8878020778141791, 1.6977081096259583]",-0.4621598190753522,0.0047213709677223804,0.0729732761626334,"[-0.7827513750299583, -0.1415682631207461]",1.7653204729031597
1606.0,24.0,1.1410353260966592e-05,0.00033697493027143397,1.3524128370907547,2.677927993495456e-10,7.899492606181287e-09,"[0.9327597899369381, 1.7720658842445713]",-0.2474772164705099,0.13075911182977745,0.5223251886007398,"[-0.5684629644810728, 0.07350853154005305]",0.9452933352937121
1607.0,24.0,0.13066424144406064,0.2591002209876277,0.649721986627199,0.03449728552122227,0.06843178136555675,"[0.047401808592200556, 1.2520421646621975]",0.221660087409707,0.6508171472230053,0.9299133911664488,"[-0.738171105886068, 1.181491280705482]",23.153320833661525
1608.0,24.0,7.454750177976273e-06,0.0002840664501892035,1.6400208574728514,7.624496422129497e-11,2.910113138217365e-09,"[1.1460954433822557, 2.133946271563447]",0.05003378743137432,0.7539919775361932,0.9552799279805988,"[-0.26289116473026136, 0.36295873959301]",23.808885009808503
1609.0,24.0,0.0026990217302793533,0.009349412375824775,1.0515982047194452,7.562624218131593e-05,0.00026218316074034734,"[0.5308375231733791, 1.5723588862655113]",-0.12329114197559843,0.6382870858840426,0.9254561198840693,"[-0.6373279950312432, 0.3907457110800463]",0.4709374724366678
1610.0,24.0,0.0027019013415945123,0.009349412375824775,0.9615083293134787,7.593222539335774e-05,0.00026255956221769616,"[0.48524484403069573, 1.4377718145962617]",-0.2509335275262101,0.3370642034108001,0.7773620927370852,"[-0.7632562631587109, 0.2613892081062906]",0.9584954710387806
1611.0,24.0,3.963458395248553e-05,0.0006423757528765888,1.2159944501536493,7.964882720102517e-09,1.290904816872369e-07,"[0.8028859757202924, 1.6291029245870061]",0.024205316306408875,0.8931022363562201,0.9795465253756226,"[-0.3288353959961322, 0.37724602860894996]",23.907542502257574
1612.0,24.0,0.01382844687181609,0.03423730347070089,0.8744236134935823,0.0012184212882364758,0.003016640971122743,"[0.34456686169317396, 1.4042803652939906]",0.2980154506531516,0.3504422294460907,0.7892843005542584,"[-0.32753839313298594, 0.9235692944392891]",22.86166482985901
1613.0,24.0,0.0071061322461618585,0.019662789834426837,0.9869046456589421,0.0004089505781586746,0.0011318864604447122,"[0.4396022773847448, 1.5342070139331394]",0.16643384657266402,0.5705715043491401,0.9008246509973031,"[-0.4086694419197425, 0.7415371350650706]",23.3642695348839
1614.0,24.0,0.0002593521823031594,0.001889871304371142,0.9346910481749662,7.1353517805348e-07,5.189346749479854e-06,"[0.565168517413786, 1.3042135789361464]",-0.515517359723324,0.012220162384778778,0.13399300860503047,"[-0.9187526023715593, -0.11228211707508873]",1.9691312651915946
1615.0,24.0,0.03852206438403166,0.08479433058338469,0.8163666480791133,0.005912375682487336,0.013014254198739458,"[0.23508053047654487, 1.3976527656816817]",0.26842175152418246,0.4747148982891477,0.8615157119619586,"[-0.4675545253343827, 1.0043980283827476]",22.974704433877005
1616.0,24.0,0.049248038505458655,0.1059781332159644,0.7169326314773499,0.008506970530501156,0.018306370842481507,"[0.18290566492626514, 1.2509595980284347]",-0.28688749647414546,0.46485735392211214,0.8563025696728113,"[-1.0562276519867915, 0.48245265903850065]",1.0958295162028546
1617.0,24.0,0.0007381599616501418,0.0037584519432288283,1.1577550741266778,6.4090993655321e-06,3.261737189892768e-05,"[0.654886017814926, 1.6606241304384297]",-0.40167107152174,0.07760780259445241,0.405686370070321,"[-0.8477774153221042, 0.044435272278624205]",1.5342704767128756
1618.0,24.0,8.753954366694261e-06,0.0003071388681463553,1.3960670031397902,1.2288419510856266e-10,4.326908278470516e-09,"[0.9709027144367777, 1.8212312918428026]",0.05895806670219006,0.7149531279605774,0.9463672813293932,"[-0.2574490425243621, 0.37536517592874225]",23.774796773980913
1619.0,24.0,0.012113395495419874,0.030543105132173155,0.7424420405477558,0.0009827699779311181,0.0024798636839039067,"[0.3008708338835809, 1.1840132472119307]",0.09115833037125398,0.7723909580299982,0.9589249382121035,"[-0.5265348755395811, 0.7088515362820891]",23.651800826817862
1620.0,24.0,0.0003278842620011297,0.002191739719258888,1.4516579041736728,1.1755513499108624e-06,7.857963568922876e-06,"[0.8661919902398314, 2.0371238181075144]",0.19955526951715985,0.349272280879503,0.7887384329942547,"[-0.21830841125375894, 0.6174189502880787]",23.237755018471407
1621.0,24.0,0.0009475084125853731,0.004446308834281432,1.2662380770621882,1.046933024255707e-05,4.912872004954045e-05,"[0.7031242695741211, 1.8293518845502552]",0.15664800684158742,0.5056852306416231,0.8752594956712603,"[-0.30464668173951104, 0.6179426954226859]",23.40164868925604
1622.0,24.0,0.0037024921184062743,0.01182904830161749,0.9233977443103044,0.00013343539525136685,0.0004261750087875019,"[0.449624951919647, 1.397170536700962]",-0.28571790044837897,0.29065099908888425,0.7403234821418345,"[-0.8156693214559695, 0.24423352055921155]",1.0913619884687418
1623.0,24.0,0.0013541525309874374,0.005694501812394606,1.0398306581567638,2.0924128401900642e-05,8.799044744281178e-05,"[0.5608343785618398, 1.5188269377516876]",0.017053148582205857,0.9443367810230947,0.9899384482268412,"[-0.46165593837172736, 0.4957622355361391]",23.93486177058867
1624.0,24.0,6.737307219339007e-07,0.00012239946415804818,1.582164290506467,2.5341278778279017e-14,4.692829403385003e-12,"[1.1752180235777239, 1.9891105574352101]",-0.10120576174374118,0.4576798551293978,0.8526437785195464,"[-0.36829467598315746, 0.1658831524956751]",0.3865775340215291
1625.0,24.0,0.0007363499993033662,0.0037518711631549123,1.0931398977444717,6.3386072141865055e-06,3.22904086305986e-05,"[0.6185828979452628, 1.5676968975436807]",0.18427469732961566,0.4221917440092352,0.8326729046370046,"[-0.26571371443627007, 0.6342631090955013]",23.29612250479749
1626.0,24.0,0.0025214846641069496,0.008906692561310313,1.0003183208920252,6.694691351534645e-05,0.00023664515205141907,"[0.5085587936300384, 1.492077848154012]",-0.22508264290753832,0.38603948230890084,0.8110539041812019,"[-0.7340150586470021, 0.2838497728319255]",0.8597523653501439
1627.0,24.0,0.0013748163181694327,0.005759599154459291,1.2326466218504557,2.155775130177697e-05,9.035101132345754e-05,"[0.6639371010508421, 1.8013561426500693]",-0.12580272207328314,0.6066410150802224,0.9135497973457457,"[-0.6046941915226975, 0.3530887473761312]",0.4805310017370937
1628.0,24.0,0.01323821336974363,0.032971888841204555,0.7302470417163063,0.0011345504790730681,0.002825779524465923,"[0.29051526927752036, 1.1699788141550922]",-0.18646647042164233,0.5581737094083603,0.8959434689226791,"[-0.8106038153989795, 0.43767087455569487]",0.7122494517240737
1629.0,24.0,0.29712816007253384,0.5303019098206921,0.40853306808758394,0.10917528039771487,0.19490806681596254,"[-0.09131372392228787, 0.9083798600974557]",0.03496038139634283,0.9570193067172702,0.9932738004330776,"[-1.2364351958309867, 1.3063559586236724]",23.86646117972146
1630.0,24.0,0.0018775126749875884,0.007226761643524205,1.0692386218841394,3.8832521680321e-05,0.00014952838536896806,"[0.5598786227098337, 1.578598621058445]",-0.13869692532951294,0.5823805135079261,0.9046577798681021,"[-0.6330333660767793, 0.35563951541775335]",0.5297832301881478
1631.0,24.0,0.03496415519010739,0.07759466309389124,0.8095386920350848,0.005116063753517516,0.01135389204065139,"[0.24279786251998525, 1.3762795215501842]",-0.2928060748088974,0.4272639323897627,0.836119601169068,"[-1.015695769194994, 0.4300836195771991]",1.1184368201561117
1632.0,24.0,0.02770793059548517,0.0633179401176535,0.7213662606009942,0.0036076509991903706,0.008240408860644977,"[0.2356023832859952, 1.207130137915993]",-0.4539147868909499,0.19696710908200832,0.6295158459912049,"[-1.1434424498149256, 0.23561287603302594]",1.7338267698287744
1633.0,24.0,0.0029392716118300166,0.009943408700372181,1.0885775152058197,8.81481879127671e-05,0.00029820090633547736,"[0.5444504929219086, 1.6327045374897309]",0.041724118238179564,0.874890784218356,0.9754479263760243,"[-0.4776670989503564, 0.5611153354267155]",23.840625608069832
1634.0,24.0,5.911784324828912e-05,0.0008098334691546455,1.089119237521021,2.2209331074597368e-08,3.0423741198078586e-07,"[0.7075151881992789, 1.470723286842763]",-0.3504073472028306,0.05699801066865299,0.3464556430459154,"[-0.7112418831029588, 0.01042718869729753]",1.3384574736731645
1635.0,24.0,3.12420199334833e-07,0.00010414006644494433,1.3739145129584474,1.33370627906212e-15,4.445687596873733e-13,"[1.0369511305293484, 1.7108778953875463]",0.04175208097506644,0.7481293857150513,0.955099432803589,"[-0.2130931945272031, 0.296597356477336]",23.840518798282684
1636.0,24.0,0.002558960878363507,0.008998208065171346,1.115852970353703,6.885006545354794e-05,0.00024208883774102654,"[0.5663786005967638, 1.6653273401106423]",0.28203691533612485,0.2771882588424681,0.7267652303158576,"[-0.22666270757305595, 0.7907365382453057]",22.922698338956767
1637.0,24.0,0.0014168391628536455,0.005885304403110458,0.8650168106342457,2.301359434039479e-05,9.545248585812853e-05,"[0.4645389962982954, 1.265494624970196]",0.45572337854980294,0.05951804457514399,0.3531286863405158,"[-0.018287711950114527, 0.9297344690497205]",22.259264918910237
1638.0,24.0,7.579345245029462e-05,0.0009311234944753639,1.3378421032126708,4.0662527190405327e-08,4.995396460737755e-07,"[0.8600457728623111, 1.8156384335630307]",0.10856797622879544,0.566074305737702,0.8980418059021485,"[-0.26224680176627957, 0.47938275422387044]",23.58530087812089
1639.0,24.0,0.001264454367774477,0.005420525170427774,1.1422277045517526,1.8414860944120693e-05,7.896595602110074e-05,"[0.6195630361281431, 1.6648923729753622]",-0.2736715283902651,0.2566569153697097,0.7058463400471383,"[-0.7465385095685415, 0.19919545278801132]",1.0453482366437918
1640.0,24.0,6.823632595852813e-05,0.0008736039603374155,1.1286110741146815,3.1535791104765384e-08,4.0374039101478997e-07,"[0.7287988015200588, 1.5284233467093042]",0.23182240943464283,0.21526701952616456,0.6542767589910653,"[-0.13483284801927792, 0.5984776668885636]",23.11450362285608
1641.0,24.0,0.00011023138978437427,0.0011367461016283896,1.0771500639645648,1.0002705794865058e-07,1.0322709798622352e-06,"[0.6808098628787175, 1.4734902650504123]",-0.08874133388729177,0.6490175524584678,0.9299133911664488,"[-0.47089762705301386, 0.2934149592784303]",0.33896692667353934
1642.0,24.0,8.797784319710316e-05,0.00099469730824461,1.1303082575891428,5.8348149509552176e-08,6.615436452330179e-07,"[0.7218552886774143, 1.5387612265008712]",-0.058397555366823006,0.7604731858436791,0.9565482608929913,"[-0.4338397402213368, 0.3170446294876908]",0.22306223042670056
1643.0,24.0,0.0910835852187076,0.18649382722913105,0.6405923512849623,0.020683195370920213,0.04235232683044379,"[0.09794284416337917, 1.1832418584065454]",-0.13873146457633112,0.7570752553542773,0.9559031001947945,"[-1.0177737668965652, 0.7403108377439029]",0.5299151603928306
1644.0,24.0,5.66451164161797e-05,0.000792145261353458,1.4552414163334793,2.014285892881393e-08,2.805412107077149e-07,"[0.9468939208346598, 1.9635889118322987]",-0.5511960907741322,0.0023705599973869915,0.04731656681411161,"[-0.9066370488929276, -0.1957551326553369]",2.1054139790311726
1645.0,24.0,2.269762794984863e-05,0.0004689592551621618,1.0231610233954926,1.8320351511226565e-09,3.785196593228629e-08,"[0.689603881652521, 1.3567181651384643]",0.2570887815292391,0.13499125047944965,0.5283995738321321,"[-0.0800242250868265, 0.5942017881453047]",23.017993190547582
1646.0,24.0,0.0016208332262490162,0.006488523723975245,0.9372109782175921,2.9453368753695396e-05,0.00011790780125578622,"[0.49751429818989684, 1.3769076582452875]",-0.06813838258943683,0.7840765034516464,0.9608848990282411,"[-0.5555238831787597, 0.41924711799988595]",0.2602694496814947
1647.0,24.0,0.019323603864039675,0.045942875328387374,0.778151915828604,0.0020615429655028257,0.004902599204525151,"[0.2831694899104746, 1.2731343417467333]",0.08973605503567406,0.7900670417047363,0.962205628674627,"[-0.570909599489177, 0.7503817095605251]",23.657233518420146
1648.0,24.0,0.00010949190539074626,0.0011311147251110152,0.9685795616991064,9.842397186418803e-08,1.0167765688449178e-06,"[0.612384435019348, 1.3247746883788647]",0.0720277774155953,0.711728199280145,0.9453650348600355,"[-0.30999677833015926, 0.45405233316134985]",23.724874156425244
1649.0,24.0,0.06850341855024845,0.14304326279024526,0.5947684293675061,0.013759307242180753,0.028725067311442073,"[0.1215672589222716, 1.0679695998127405]",0.29751360887990064,0.477743510248117,0.8630489258696656,"[-0.5238499248829923, 1.1188771426427935]",22.86358172423172
1650.0,24.0,0.00032555096682857095,0.0021846522654141616,1.1649814797531335,1.1643674492684322e-06,7.798844268375299e-06,"[0.695317467869512, 1.634645491636755]",-0.3785574851347189,0.07351029225736361,0.39585510100895854,"[-0.7931409441011257, 0.036025973831687874]",1.4459830800870528
1651.0,24.0,0.0012915675538467477,0.005502014500104184,1.0299446120358968,1.915846151251275e-05,8.162957610785152e-05,"[0.5576872291531743, 1.5022019949186194]",0.22258727891746233,0.35811067863329216,0.7950947571787126,"[-0.252142602152957, 0.6973171599878816]",23.149779222981874
1652.0,24.0,7.330618228829663e-06,0.0002840664501892035,1.291958278124935,7.248803201252646e-11,2.8205459927053098e-09,"[0.903312129624541, 1.680604426625329]",-0.020712451883714067,0.8966770025574348,0.9804117364427015,"[-0.3333228401734519, 0.29189793640602374]",0.07911573842030718
1653.0,24.0,0.00017752854879849584,0.0015006639796998802,1.073347201819126,3.041826563547276e-07,2.57128196411435e-06,"[0.6625311769575377, 1.484163226680714]",-0.3487826332317354,0.08288890781596177,0.4196906724858824,"[-0.7429790415638258, 0.04541377510035488]",1.332251523442518
1654.0,24.0,0.021682071463098362,0.05084913570145019,0.9402680484725726,0.0024670726458817845,0.005785817649816568,"[0.3315208368881206, 1.5490152600570246]",-0.1704321192064251,0.6187786464062395,0.9174210890671123,"[-0.8417602033396844, 0.5008959649268342]",0.651002741599913
1655.0,24.0,0.04651417933296285,0.1005060054731263,0.7626138442026403,0.007833595096572466,0.016926523544884328,"[0.20052049494129554, 1.3247071934639851]",-0.4285124439330419,0.266507009235873,0.7160047171367336,"[-1.184373140345365, 0.3273482524792811]",1.6367969670799747
1656.0,24.0,0.015915358349050817,0.038638888927047386,0.7751567832451702,0.0015294914811395874,0.0037114571248230703,"[0.29574198744349195, 1.2545715790468486]",-0.5627397483505074,0.0794245786195001,0.41003912555240113,"[-1.1915469790624775, 0.06606748236146276]",2.1495075029825403
1657.0,24.0,0.03200242363726203,0.07185097359061973,0.7968737210821047,0.004487377415761551,0.010070416103594144,"[0.2472576111876127, 1.346489830976597]",0.44949313803478574,0.21235921318186646,0.6510092372221534,"[-0.25693556917657023, 1.1559218452461417]",22.28306268470103
1658.0,24.0,0.019845428464429386,0.04707169939380784,0.735324609875329,0.0021533038166907,0.005107456870708491,"[0.2656044555605555, 1.2050447641901025]",0.28755270584051384,0.3929675793310281,0.8161958479905788,"[-0.372200587564521, 0.9473059992455487]",22.90162957118478
1659.0,24.0,7.219277434046348e-05,0.0009072176673814897,1.0438795394564042,3.6448672732775375e-08,4.5789789865295694e-07,"[0.6723752380410892, 1.4153838408717192]",0.37649527697725116,0.0437938235442253,0.29782820915864144,"[0.010475610713321093, 0.7425149432411813]",22.561893974839638
1660.0,24.0,1.5658618812827658e-05,0.0003934326334881321,1.6631983115930182,6.556454957680926e-10,1.6473504918796295e-08,"[1.1354168352779066, 2.19097978790813]",-0.15803857209224148,0.34667353831606484,0.7861077966350677,"[-0.4871881913528671, 0.17111104716838416]",0.6036628787439622
1661.0,24.0,0.033407890083098954,0.07450466120227242,0.6368671994494792,0.004785496831600138,0.010672383656556953,"[0.19440717244714606, 1.0793272264518123]",-0.4185333307765804,0.24985251266091846,0.697266945686356,"[-1.1314079063730869, 0.2943412448199261]",1.5986795626033934
1662.0,24.0,8.854852872182645e-05,0.000996046442315258,1.297733782832509,5.958524729330873e-08,6.694971605989746e-07,"[0.8284548040845972, 1.767012761580421]",-0.2638623518587835,0.1665463950823911,0.5847239461865604,"[-0.6376991035541202, 0.10997439983655316]",1.0078799422602804
1663.0,24.0,0.026181478757910267,0.06020940541383306,0.7310514875727548,0.003304690958584916,0.007599857440484326,"[0.24334045010560967, 1.2187625250399]",-0.3593255229476844,0.3051166063945977,0.751652013858742,"[-1.046063187257197, 0.32741214136182817]",1.372522395748902
1664.0,24.0,0.0006035863937099428,0.003280360835380124,0.9451586621691485,4.22754520868461e-06,2.2998377568162793e-05,"[0.5424349100522399, 1.347882414286057]",0.10349709836269483,0.6466087242055065,0.9293251815215532,"[-0.3389458882057419, 0.5459400849311316]",23.604670204797817
1665.0,24.0,0.0006162462824090829,0.003323874230901202,1.1519919784813133,4.408245595614836e-06,2.3798150288329265e-05,"[0.6602053692784782, 1.6437785876841484]",-0.03623741196383001,0.8727968635724308,0.9752862410683755,"[-0.4798411607189812, 0.40736633679132117]",0.1384167177336224
1666.0,24.0,0.07035273256467219,0.14665985525259992,0.6553752903708181,0.014309822585343352,0.02983077462026965,"[0.1309542219986648, 1.1797963587429714]",0.3778407134723816,0.36815982950700976,0.8007965373156024,"[-0.44506527515993344, 1.2007467021046967]",22.556754785988048
1667.0,24.0,0.002992912573151446,0.01007714671094763,0.7701821116448011,9.18883908656711e-05,0.00030918031919808576,"[0.3842188173774664, 1.1561454059121359]",0.5305812061257722,0.04169405413295825,0.28914045861968274,"[0.01995566942259508, 1.0412067428289493]",21.973329080002166
1668.0,24.0,1.6865354527656342e-05,0.00041028872094084595,1.3171379311511238,8.073018419520405e-10,1.9645880188910533e-08,"[0.8969297247824186, 1.737346137519829]",0.17812835432866514,0.2911655411334366,0.7406318280685713,"[-0.15261783812495955, 0.5088745467822898]",23.31959980569044
1669.0,24.0,0.0017563041029686154,0.006876809233601954,1.153331598520633,3.4327575295097285e-05,0.00013440710765504025,"[0.607672697562909, 1.698990499478357]",-0.22035276401414805,0.37797751392589807,0.8064925181406785,"[-0.7102226793017459, 0.2695171512734498]",0.8416855588035258
1670.0,24.0,0.010570638902939699,0.02720885174501853,0.9073785369726077,0.0007924965188439035,0.0020388384842909787,"[0.37735885272238845, 1.4373982212228271]",-0.47540830699921344,0.11877683908168589,0.5026527256948197,"[-1.0727326795371612, 0.12191606553873435]",1.815925969100979
1671.0,24.0,0.00011723588316904762,0.00117470824818685,1.1321171539548351,1.1809683776006157e-07,1.1809683776006156e-06,"[0.7131719017590247, 1.5510624061506455]",0.7544424311219888,6.709912192679019e-05,0.004082342785898195,"[0.38350608473754644, 1.1253787775064312]",21.11824218740805
1672.0,24.0,0.003373835004488472,0.01102200262818841,0.8441761938398546,0.00011391853205474746,0.0003719181588467106,"[0.41540806267001146, 1.272944325009698]",-0.5870585021157453,0.025617737018020583,0.21259532795037828,"[-1.1025760458977012, -0.07154095833378937]",2.2423982999002745
1673.0,24.0,5.116073336910895e-06,0.0002413319386198876,1.2399334787990275,2.43181131694878e-11,1.1470808098815e-09,"[0.8759869168430423, 1.6038800407550127]",0.1394405986230849,0.36956455481002315,0.8020186876808832,"[-0.16514182056588195, 0.4440230178120517]",23.467376147074635
1674.0,24.0,2.975955907923537e-08,4.6959787989594754e-05,1.4339416633947688,4.2109064570974534e-20,8.240055826204583e-17,"[1.1278740687788174, 1.7400092580107203]",-0.119005901343197,0.29249429175663266,0.74134309041223,"[-0.3405836618930993, 0.10257185920670533]",0.4545690589410295
1675.0,24.0,0.0297516647833686,0.06735717632639485,0.6947319517112871,0.004029589928960281,0.009120846376098418,"[0.22125238078367554, 1.1682115226388987]",-0.785440970361603,0.02389540093472659,0.2047592196634669,"[-1.4669671484362041, -0.10391479228700184]",3.0001635105586555
1676.0,24.0,0.010025945014761983,0.026075279622267834,0.8927393425567499,0.0007226114963889845,0.0018793536967203757,"[0.3751963204201775, 1.4102823646933222]",0.0011562438836278943,0.9969987445579191,0.9997520371781384,"[-0.6013112453752154, 0.6036237331424712]",23.99558347369202
1677.0,24.0,7.510259652514887e-05,0.0009237711749710809,1.4488617718681625,3.985264770558598e-08,4.90287415570193e-07,"[0.931750765129854, 1.965972778606471]",-0.19502293616627586,0.30135783781555037,0.7501149821647681,"[-0.5648616759613184, 0.1748158036287667]",0.7449327433717914
1678.0,24.0,1.1347933400689394e-05,0.00033697493027143397,1.3081063214348332,2.617998045940732e-10,7.814919540121587e-09,"[0.9024262681249381, 1.7137863747447284]",0.005489281865023621,0.9733699764541284,0.994757257490167,"[-0.31680416846506076, 0.327782732195108]",23.979032487771764
1679.0,24.0,0.02235140636397007,0.05224732670399736,0.6876313963801532,0.002589239209669311,0.006053867686858338,"[0.2402828079029548, 1.1349799848573516]",-0.28478530129573354,0.40618692058402106,0.8239061166191282,"[-0.9567740020746014, 0.3872033994831343]",1.0877997221071378
1680.0,24.0,0.00043766345260724674,0.0026525057733772527,0.9795828038669093,2.170386216794975e-06,1.3169819276668537e-05,"[0.5742634963737641, 1.3849021113600546]",0.1227224808981573,0.5754640349799757,0.9020009203830158,"[-0.3067809900260746, 0.5522259518223892]",23.53123465287738
1681.0,24.0,0.10571100487416056,0.21338515315736892,0.6740509976310686,0.02557774325024619,0.05163048698071496,"[0.08230268756816661, 1.2657993076939706]",0.24957002263977124,0.5901127181135387,0.9077706636973603,"[-0.6584920737281232, 1.1576321190076657]",23.04671273398378
1682.0,24.0,0.0018723592378266712,0.007212477803646654,1.0339042034649626,3.8600074979455414e-05,0.00014869058158495922,"[0.5415424121561104, 1.5262659947738149]",0.046010744874352305,0.8553882890593956,0.9710102122541093,"[-0.44880685982504426, 0.5408283495737489]",23.82425190042976
1683.0,24.0,0.1129149856864616,0.22646407077108224,0.6088619221266411,0.028057222311581247,0.056272006240636274,"[0.06556331254945791, 1.1521605317038244]",0.09064710331743786,0.847969459075598,0.9708072590103425,"[-0.8360920356154977, 1.0173862422503734]",23.653753570321634
1684.0,24.0,0.006993478171844322,0.01943712665882246,1.0079111481551541,0.00039961455629749766,0.0011103488643998268,"[0.44992221352252215, 1.565900082787786]",-0.3843416179957435,0.18564065435483112,0.6170340062801836,"[-0.9534741572148386, 0.1847909212233516]",1.468076840159029
1685.0,24.0,0.006247390799847667,0.01786157262292369,0.7773238294939829,0.0003307365625933858,0.0009457293153495526,"[0.35293767004656684, 1.2017099889413991]",0.4386180868171614,0.12444840121413325,0.5107259184944607,"[-0.12093289679553199, 0.9981690704298548]",22.324602320484928
1686.0,24.0,8.590897692204726e-05,0.0009840661732193271,0.9739751541801762,5.507969126565041e-08,6.31647835615257e-07,"[0.6226818305458384, 1.325268477814514]",-0.035672511208251656,0.8520150955063236,0.9708072590103425,"[-0.41046539735718707, 0.33912037494068376]",0.13625895579106298
1687.0,24.0,0.02342190793670211,0.05449489980619383,0.8133819291947116,0.0027793758002847804,0.0064681773336857816,"[0.28040820708562386, 1.3463556513037993]",-0.1729640634253755,0.6178027323671706,0.9174210890671123,"[-0.8523745887112054, 0.5064464618604544]",0.6606740561138068
1688.0,24.0,0.006873956949007743,0.01916186370109473,0.8873110279513013,0.0003863917261060615,0.0010777066130659913,"[0.39731504751041186, 1.3773070083921908]",0.059845747568080476,0.8380072173354792,0.9708072590103425,"[-0.5138859366725521, 0.6335774318087131]",23.771406082836243
1689.0,24.0,2.2445137345963637e-07,8.947099647922045e-05,1.3956172691206818,3.5300577658021886e-16,1.5348077242618212e-13,"[1.0601419234150897, 1.731092614826274]",-0.06652645852626549,0.6015751760167234,0.91161020243821,"[-0.3162493187301299, 0.18319640167759893]",0.2541123533004749
1690.0,24.0,0.0009405540973542202,0.0044219750698364845,1.1165525274412678,1.033349890908957e-05,4.859796529604542e-05,"[0.6203244785619059, 1.6127805763206298]",-0.2270439975202363,0.33341870081253755,0.7746503714826705,"[-0.6871088370488183, 0.23302084200834572]",0.8672441881125512
1691.0,24.0,2.735206306453813e-06,0.00019677743211897936,1.2723986500452713,3.320820137345939e-12,2.3890792355006754e-10,"[0.9142626608387244, 1.630534639251818]",0.12514394894359882,0.40116513535705256,0.8206211468997754,"[-0.16701246857384744, 0.41730036646104507]",23.521985326262076
1692.0,24.0,0.0012373887139614573,0.0053536158947566715,1.1287967950081756,1.7648510666348784e-05,7.63809185839349e-05,"[0.6134142369673172, 1.644179353049034]",-0.24007322964744304,0.31925250829027063,0.7626672438850229,"[-0.7125001186521549, 0.23235365935726876]",0.9170121888582317
1693.0,24.0,0.006659027598604297,0.018768397966753936,0.952331447086551,0.0003663423438824297,0.0010325319726111322,"[0.4284966323633881, 1.476166261809714]",-0.09765660994288083,0.7375640605889766,0.9523631024368666,"[-0.6688722132672759, 0.4735589933815142]",0.3730207727521589
1694.0,24.0,0.005737773282876204,0.016626407658290942,1.0031941285148733,0.0002844786427030381,0.0008243368377369982,"[0.46139103765351885, 1.5449972193762278]",0.044253203887913095,0.8771702256850269,0.976152042827762,"[-0.5169277172103809, 0.6054341249862071]",23.830965212486042
1695.0,24.0,0.005340291446197454,0.015674468582910047,1.2186383250522799,0.0002516487511854639,0.000739056537989615,"[0.5661488994559858, 1.871127750648574]",-0.08305692860204328,0.769740662163396,0.9588381359019884,"[-0.6391919675159564, 0.47307811031186986]",0.3172540978810995
1696.0,24.0,0.00030505218102774444,0.002098020502254088,1.2097861975903963,1.0040752698639446e-06,6.905607082970733e-06,"[0.7249741210711729, 1.6945982741096197]",-0.1244603702511462,0.5575848811354399,0.8955748171144232,"[-0.540429515290926, 0.2915087747886335]",0.47540359546841754
1697.0,24.0,0.00046141433107689734,0.0027526256347955385,1.2251534607025614,2.433251765235398e-06,1.4520224020923131e-05,"[0.7157266846016893, 1.7345802368034335]",0.2668857423611035,0.22359751315633059,0.662664232788248,"[-0.16292434071487794, 0.696695825437085]",22.980571556699527
1698.0,24.0,0.0005593849955416307,0.0031321938870661936,1.023835662167534,3.6437862286563393e-06,2.0379117609934784e-05,"[0.5904955651750421, 1.4571757591600258]",0.392944685433787,0.0765919209655776,0.4042144658105994,"[-0.04197291382365048, 0.8278622846912245]",22.499061862836548
1699.0,24.0,0.0008680523498232833,0.004181369700497511,1.1139535894377006,8.790932605920614e-06,4.2390147562988466e-05,"[0.6227657627464853, 1.605141416128916]",-0.023751143304959754,0.9190806048105391,0.9874079467440474,"[-0.4819705783552509, 0.4344682917453314]",0.0907226846656397
1700.0,24.0,0.0052822798909770725,0.015536117326403153,1.0885508091313945,0.00024713931142268664,0.0007270941789428851,"[0.5064497695221526, 1.6706518487406363]",0.15236732242432272,0.5903488347634946,0.9077706636973603,"[-0.4023744454539736, 0.707109090302619]",23.41799969929182
1701.0,24.0,0.0011162588607538126,0.004981074791404787,1.0399647204316722,1.4450281346656334e-05,6.445263758544306e-05,"[0.5699767373837343, 1.50995270347961]",-0.22135450842626803,0.3538276894634993,0.7919151509926126,"[-0.6892701244325371, 0.24656110758000105]",0.8455119406012117
1702.0,24.0,0.007586948709584487,0.020752047892736564,0.9424578516450586,0.0004558497216941801,0.0012473621967802996,"[0.41551048847152494, 1.4694052148185923]",0.01164846605170844,0.9686575806639617,0.9946639642340541,"[-0.5694003720219644, 0.5926973041253812]",23.95550613716238
1703.0,24.0,0.0016656563569650293,0.006638726014208965,0.9948623423744277,3.1110479989878436e-05,0.00012399553602980643,"[0.5267208450543788, 1.4630038396944767]",-0.2700796411757853,0.27641128949261384,0.7263340040658952,"[-0.756425061171281, 0.21626577881971049]",1.031628238118679
1704.0,24.0,0.0021821401567163,0.008064071606189166,1.189952893266825,5.126454093736325e-05,0.0001894476753043727,"[0.6140545753482213, 1.7658512111854288]",0.048398836749449003,0.8503751104051063,0.9708072590103425,"[-0.454464079344265, 0.551261752843163]",23.81513006139426
1705.0,24.0,0.08068493549171313,0.16656675369882976,0.6424707694489059,0.017424741628817204,0.035971803527698604,"[0.11285744806349107, 1.1720840908343209]",-0.377161240638757,0.38323311967933305,0.809701846218668,"[-1.224937498674517, 0.47061501739700284]",1.4406498189679204
1706.0,24.0,2.2567821431995085e-05,0.000467242679751451,1.3340656109172513,1.792611672553547e-09,3.711411330338606e-08,"[0.8994063777491017, 1.7687248440854009]",-0.06462446973658942,0.7082572979179304,0.9438396827264531,"[-0.4031130863476319, 0.27386414687445304]",0.24684729127849925
1707.0,24.0,0.0007567193301425816,0.0038064352622866273,1.0618518879067254,6.692089706637933e-06,3.366242307161938e-05,"[0.5996990605869699, 1.5240047152264808]",-0.1534005892351198,0.5054616497498348,0.8752594956712603,"[-0.6048950869435112, 0.2980939084732716]",0.5859470891994889
1708.0,24.0,0.05804816134788645,0.12277622187490803,0.6245569651380064,0.01081724105860308,0.02288394554390328,"[0.1442406536465764, 1.1048732766294365]",0.2568481035832022,0.5267219784544952,0.8839273529919359,"[-0.538410707385074, 1.0521069145514783]",23.0189125125829
1709.0,24.0,0.02789235791829194,0.06366664669776749,0.7856396866715363,0.00363226129298745,0.008290941093329035,"[0.2562078967657032, 1.3150714765773692]",-0.1935611080456736,0.5869527286626964,0.9076681456842388,"[-0.8918911088505944, 0.5047688927592472]",0.7393489712595214
1710.0,24.0,0.05134825319409776,0.1100241122650477,0.8256343928554366,0.00903564529866231,0.01936071416040778,"[0.20579599339245003, 1.4454727923184232]",0.1726017593967084,0.6638616674559877,0.93180039273632,"[-0.6058214927600979, 0.9510250115535147]",23.34070984333574
1711.0,24.0,0.0441205748154331,0.09583096180589293,0.6545583735320054,0.00722221778565056,0.015686832722959513,"[0.17700434305583534, 1.1321124040081756]",-0.076282464560534,0.8436091251449829,0.9708072590103425,"[-0.8341472098521326, 0.6815822807310646]",0.2913775513449915
1712.0,24.0,0.0004617349936939521,0.0027526256347955385,1.060563954174024,2.4364935907109013e-06,1.4520224020923131e-05,"[0.6195491939534268, 1.501578714394621]",-0.26277817762852695,0.2309067318069713,0.6712404994388701,"[-0.6926816885798768, 0.16712533332282292]",1.0037387017502442
1713.0,24.0,4.7262696813536785e-05,0.0007077229198797094,1.1430630266864652,1.2508830288708002e-08,1.87538684988126e-07,"[0.7495089854023258, 1.5366170679706046]",-0.006812656219254087,0.9702313384102339,0.9946639642340541,"[-0.36461610638118747, 0.3509907939426793]",0.026022429909120747
1714.0,24.0,0.6971408822916332,0.899304543719857,0.21283293277090973,0.391983942034262,0.5056552399822781,"[-0.2744716141624116, 0.7001374797042311]",0.47546743464442365,0.6906173293130702,0.9373185088522442,"[-1.8658848555212617, 2.816819724810109]",22.183848179930816
1715.0,24.0,3.571363079421176e-06,0.0002119682796890759,1.563259681206524,7.86003758598416e-12,4.678593801181047e-10,"[1.11538678234848, 2.0111325800645683]",-0.13040369654914663,0.3900404157220141,0.813966605760538,"[-0.42775499813249407, 0.1669476050342008]",0.4981054296780533
1716.0,24.0,0.04116299211997551,0.09005248768316673,0.8595561969099563,0.006515375469773303,0.014256839102348583,"[0.24032941443904676, 1.478782979380866]",-0.03246653745975525,0.932259358786117,0.9892015094756179,"[-0.7810704292210645, 0.716137354301554]",0.12401303812315764
1717.0,24.0,0.00041862260538870266,0.0025764711683181033,1.2375668665383923,1.9776863025788685e-06,1.2177871321298452e-05,"[0.7275281757742749, 1.7476055573025098]",-0.16250773922056894,0.4561729126521399,0.8520462075951002,"[-0.5899432422589138, 0.26492776381777594]",0.6207338397034132
1718.0,24.0,0.00017720439304179036,0.0015004605676696898,1.1906317003164741,3.0083525058743817e-07,2.5472925536616273e-06,"[0.7351114320434796, 1.6461519685894688]",-0.13272118017620826,0.5123796374661059,0.8792582667193836,"[-0.5297813156076372, 0.2643389552552207]",0.5069575650728068
1719.0,24.0,0.00023186087002223922,0.0017746761673797442,1.2361384259863792,5.49578013337862e-07,4.211325772703924e-06,"[0.7523688989641357, 1.7199079530086228]",0.06813098255708638,0.742574155569296,0.9537299711909787,"[-0.3384323624349502, 0.47469432754912294]",23.739758816359966
1720.0,24.0,6.891899079755253e-07,0.00012239946415804818,1.4636844988458226,2.7533600080673895e-14,5.006109105577072e-12,"[1.0866820203528575, 1.8406869773387877]",-0.07125812178885838,0.6016929726778435,0.91161020243821,"[-0.3388291055991348, 0.19631286202141807]",0.27218597563538643
1721.0,24.0,0.0002744675706958729,0.0019646927036211376,1.155811629328324,7.968782117442705e-07,5.708296645732597e-06,"[0.6968794364964572, 1.6147438221601909]",-0.04186206741310361,0.8423699016947359,0.9708072590103425,"[-0.4544483123006317, 0.3707241774744245]",0.1599013189641982
1722.0,24.0,4.996240172906812e-06,0.0002413319386198876,1.146003707408612,2.254463497624264e-11,1.0997382915240313e-09,"[0.8101853754291182, 1.4818220393881059]",0.03809895440546107,0.8062757980406917,0.964880279922775,"[-0.2663971322265554, 0.34259504103747757]",23.854472713913715
1723.0,24.0,6.809040996021095e-05,0.0008729539738488584,1.375542768512569,3.122358613607676e-08,4.0030238635995843e-07,"[0.8884081259633381, 1.8626774110617998]",-0.006177438931691093,0.9737558348512482,0.9950499027705376,"[-0.37420938527887054, 0.36185450741548836]",0.023596078599046912
1724.0,24.0,0.0012618372574367083,0.0054179358412911474,0.8290435803633781,1.8270823005041632e-05,7.848291668832316e-05,"[0.4498414156537088, 1.2082457450730475]",0.003997582663281207,0.986848928175358,0.9971100704756963,"[-0.471342886228919, 0.4793380515554814]",23.984730359009287
1725.0,24.0,0.0034184267787776635,0.011131314812040586,0.847073013186918,0.0001157729388623345,0.00037698495252297734,"[0.4163928519660706, 1.2777531744077653]",-0.25361074322779054,0.344499129649703,0.7843787104956808,"[-0.7794344120193583, 0.2722129255637772]",0.9687216817418949
1726.0,24.0,0.0009569115862040941,0.0044736399542033385,0.7128519494960391,1.0664666999907427e-05,4.9858190742905224e-05,"[0.39554820698205223, 1.030155692010026]",0.0871698232981366,0.7117134399286766,0.9453650348600355,"[-0.3751411009017466, 0.5494807474980199]",23.667035801607707
1727.0,24.0,2.1246068578731743e-05,0.00044822929490995244,1.332351444715664,1.52047522691491e-09,3.2077536432804007e-08,"[0.900162783984871, 1.7645401054464567]",-0.02380946313875132,0.8898955533690839,0.9795465253756226,"[-0.36090071818774194, 0.3132817919102393]",0.0909454500215171
1728.0,24.0,2.0714871086434513e-05,0.00044070996318830403,1.4496700501322364,1.420908133085921e-09,3.0481690204080884e-08,"[0.9802734778094542, 1.9190666224550186]",0.11731909509180216,0.49393893163857705,0.8710087226182522,"[-0.2188240515591099, 0.4534622417427142]",23.551874066329717
1729.0,24.0,5.645608549081986e-05,0.0007918104556917231,1.2188600724541767,1.9603052489694007e-08,2.749376225763535e-07,"[0.793441978999522, 1.6442781659088315]",0.05913986971654506,0.7492355417422837,0.9551730187504387,"[-0.30348459923236815, 0.42176433866545826]",23.77410233761923
1730.0,24.0,7.366480620881345e-06,0.0002840664501892035,1.3495438499670187,7.367727112704925e-11,2.855708183218963e-09,"[0.9434225688730897, 1.7556651310609477]",0.11645403697673196,0.4650296722466086,0.8563025696728113,"[-0.19595886773837107, 0.428866941691835]",23.555178344931523
1731.0,24.0,0.05298851282532163,0.11315078544804962,0.6129620063358648,0.009502388149217014,0.02029124097633358,"[0.14972087105068116, 1.0762031416210485]",-0.6099774981705641,0.11848621119833157,0.5019504201218639,"[-1.3757763911663856, 0.15582139482525736]",2.329942416208148
1732.0,24.0,1.57732873472163e-08,4.6959787989594754e-05,1.4914288820689992,1.725693934823383e-21,8.628469674116914e-18,"[1.1843874567166819, 1.7984703074213164]",0.09878573636870502,0.365119963764989,0.7992721325156805,"[-0.1150010604315487, 0.3125725331689587]",23.622666281998747
1733.0,24.0,0.02121739409729094,0.04994462244358509,0.8624527320704481,0.00238458192452455,0.005612101493350318,"[0.3059713647196509, 1.4189340994212454]",0.11476998736431554,0.7370174456145143,0.9523631024368666,"[-0.5550968128610556, 0.7846367875896867]",23.561610940616994
1734.0,24.0,0.09305954584497074,0.190111431756835,0.6566704946007227,0.021371231613912644,0.04366822969741039,"[0.09741425828306616, 1.2159267309183792]",-0.417108696005017,0.34956738861679026,0.788972827902179,"[-1.2910587705510377, 0.4568413785410037]",1.5932378586195157
1735.0,24.0,8.060879846781811e-05,0.0009573491504491462,1.0333677142918025,4.806749200701365e-08,5.688858235113324e-07,"[0.6623074910155694, 1.4044279375680357]",0.5552704118586114,0.0028872163432264956,0.05376566747162934,"[0.19000411185473276, 0.92053671186249]",21.879023260800707
1736.0,24.0,0.014101932198314014,0.03485400938782505,0.8097604323940695,0.0012542023384747682,0.003100623828120564,"[0.31782789885197527, 1.3016929659361636]",-0.09852924296539634,0.7595216518734696,0.9564591353912479,"[-0.7293952564457745, 0.5323367705149818]",0.3763539853690844
1737.0,24.0,0.05419350378553902,0.11538580452323718,0.8073227706639332,0.009773006161076738,0.020815774570983468,"[0.1949113334141327, 1.4197342079137338]",0.0671500624328516,0.8673637844099615,0.9734244302898619,"[-0.7209064027737954, 0.8552065276394986]",23.743505655237175
1738.0,24.0,0.04773773250441525,0.10297181299485601,0.7399110600179953,0.008142408134607124,0.017559646613342948,"[0.19186100533436923, 1.2879611147016214]",0.4655780547852064,0.22858836349791867,0.6687703725178837,"[-0.29232380301676986, 1.2234799125871827]",22.221622828459804
1739.0,24.0,0.0020187840159679197,0.007630905566400434,0.9581244641754645,4.460625547323718e-05,0.00016854812773264163,"[0.49810850075779073, 1.4181404275931382]",-0.324479700259678,0.19892738294865953,0.6328323021452894,"[-0.8195457509720583, 0.17058635045270226]",1.2394211575033034
1740.0,24.0,5.090362291583221e-06,0.0002413319386198876,1.4428414211382021,2.3946282166679673e-11,1.145755127592329e-09,"[1.0194803062250983, 1.866202536051306]",-0.14418009967516898,0.35330576960401805,0.7918103308023713,"[-0.4486284283073371, 0.16026822895699916]",0.5507274134108476
1741.0,24.0,2.5772723434562506e-05,0.0005091825201210124,1.263329218509548,2.5699420605305652e-09,5.078936878518904e-08,"[0.8476666408517092, 1.6789917961673866]",0.1479809857988137,0.3955143168078019,0.8172334993625746,"[-0.19337615596851354, 0.4893381275661409]",23.434754271036173
1742.0,24.0,1.13441206921009e-05,0.00033697493027143397,1.32086619816067,2.632365628354408e-10,7.834421512959549e-09,"[0.9111741215320821, 1.7305582747892578]",-0.239745688092869,0.14316321900254544,0.5422230035624452,"[-0.560686136192635, 0.08119476000689696]",0.9157610722787486
1743.0,24.0,0.002238951068981685,0.008213347828646274,0.8477075493453506,5.3751064727918e-05,0.00019739649183958134,"[0.43631742072493057, 1.2590976779657708]",0.062401882452506996,0.8083302539160769,0.9649119699762027,"[-0.4417827258947864, 0.5665864907998004]",23.76164236678666
1744.0,24.0,0.0001920740509800846,0.001589038590159661,0.8916645299034077,3.612704971967006e-07,2.989751575891708e-06,"[0.5482045739200226, 1.235124485886793]",-0.16441675666458,0.4198480614950527,0.8307712672074292,"[-0.5638923540469756, 0.23505884071781563]",0.6280257492073256
1745.0,24.0,0.00019383824618270172,0.0015980069759497255,1.0211001403385076,3.687462267282045e-07,3.0399524050140516e-06,"[0.6274822837848385, 1.4147179968921768]",0.158966861552698,0.4358347284886399,0.8423793596586738,"[-0.24086741780206933, 0.5588011409074654]",23.392791316705996
1746.0,24.0,0.028035952842680026,0.06392146110962159,0.8503489486197158,0.0036578316770064685,0.008339789505258707,"[0.27687783656118814, 1.4238200606782434]",-0.08136569352344925,0.8199116107773871,0.966095377463714,"[-0.7818610177046288, 0.6191296306577303]",0.3107940557365719
1747.0,24.0,0.0006061908223356255,0.0032909382320066532,0.9068889478358915,4.270042607123049e-06,2.3194147784481526e-05,"[0.5202964274796902, 1.2934814681920928]",0.17300447690114495,0.4429868020094119,0.8470530868214143,"[-0.26899308390739857, 0.6150020377096885]",23.339171575779723
1748.0,24.0,0.0002117065266878096,0.0016815450888626655,1.3244899061760855,4.5262396675172075e-07,3.5951069638738738e-06,"[0.8099690610760698, 1.8390107512761014]",-0.37033397026820936,0.06934434462664872,0.383582200383129,"[-0.7699889388045987, 0.02932099826818002]",1.4145715671127805
1749.0,24.0,0.0035863556252820894,0.011546540970000288,1.084841855207266,0.00012599293736844747,0.0004057743554539371,"[0.5302876132086034, 1.6393960972059287]",-0.23144479184500444,0.39124275216374205,0.8149192921552635,"[-0.7605345393769393, 0.2976449556869304]",0.8840539842001739
1750.0,24.0,0.0008074656464849234,0.003993400823367574,1.2780914598397464,7.612955392556912e-06,3.7703711105744304e-05,"[0.7184106769561406, 1.8377722427233523]",0.07042266702892075,0.7615742442663221,0.9565635162989086,"[-0.38448650446876587, 0.5253318385266074]",23.731005226479184
1751.0,24.0,0.03335361935025603,0.07441682139726914,0.8356458424686717,0.004779125905142253,0.010660552989387137,"[0.2551733571336927, 1.4161183278036507]",-0.5079979898378468,0.1601423726829545,0.5758445619667547,"[-1.2168566013382955, 0.20086062166260188]",1.9404093879225537
1752.0,24.0,0.000800024725668196,0.00396640915056121,1.1939499999348457,7.4711130445903835e-06,3.705909248308722e-05,"[0.6715837803793839, 1.7163162194903077]",-0.008785854113786407,0.9697886532278628,0.9946639642340541,"[-0.4634578851232143, 0.4458861768956415]",0.03355949067584088
1753.0,24.0,0.003286688919605929,0.010793723873911098,0.9090565270089999,0.00010884809736597986,0.00035723038190344555,"[0.4486608693679536, 1.3694521846500463]",0.6580892493798434,0.011661246747575472,0.129857981598836,"[0.1467045869123158, 1.169473911847371]",21.48628423117351
1754.0,24.0,0.04200756337164955,0.09171957068045752,0.8613734985573551,0.006724124153067786,0.014681493783990798,"[0.2384465139688975, 1.4843004831458129]",-0.25117382670400357,0.5104354960033131,0.878165481881163,"[-0.9991558577992294, 0.4968082043912223]",0.9594133462859825
1755.0,24.0,0.004206263701750567,0.013034594675396863,0.9547966904600522,0.00016642848496153367,0.0005157374805129646,"[0.4577775218034807, 1.4518158591166237]",-0.0669058312264399,0.8084032484460626,0.9649119699762027,"[-0.6076907493952385, 0.4738790869423587]",0.2555614502726399
1756.0,24.0,0.000282693525917191,0.002006341560803343,1.1667766100799501,8.541977552090278e-07,6.0667454205186636e-06,"[0.7022133395750849, 1.6313398805848154]",0.27400093001256565,0.19182157563293212,0.6242159962021872,"[-0.13745180731059242, 0.6854536673357237]",22.95339354184137
1757.0,24.0,0.008080937010537416,0.021834469090887373,0.8954568180274197,0.0005068970490415517,0.0013699920244366263,"[0.3907055387959, 1.4002080972589395]",-0.16833398678845768,0.572457815338636,0.9009085678948678,"[-0.7528623834128738, 0.41619440983595846]",0.6429884661059723
1758.0,24.0,0.00109312521495042,0.00491473164183577,1.0801276625856269,1.3841335893502225e-05,6.223622254272583e-05,"[0.593051166978058, 1.5672041581931957]",-0.08307893698284552,0.7281071316253733,0.9499529938388005,"[-0.5514645804626941, 0.38530670649700305]",0.3173381637033585
1759.0,24.0,0.002477617948921181,0.00881087464054474,0.8209744943942846,6.469895029376948e-05,0.00023022826225156497,"[0.4181991828360541, 1.2237498059525151]",-0.05887007558339086,0.8209158583809901,0.9661243478651173,"[-0.568587217848607, 0.4508470666818253]",0.22486712470296358
1760.0,24.0,7.41547930850624e-06,0.0002840664501892035,1.4112043775920402,7.518315293111592e-11,2.880580572073407e-09,"[0.986329228433293, 1.8360795267507874]",-0.1292863757744449,0.41741628904893646,0.82902937249044,"[-0.4417699547990962, 0.1831972032502064]",0.4938375786945402
1761.0,24.0,0.0011497874630355173,0.005092061395197154,1.3646530982023144,1.5267430124923435e-05,6.761483669142354e-05,"[0.7462026522063204, 1.9831035441983085]",0.05701554362338257,0.8123995847907263,0.9656985281831257,"[-0.41383803746129666, 0.5278691247080618]",23.78221666558241
1762.0,24.0,0.01039212030749635,0.026853024050378167,0.7603774427530772,0.0007710697804575998,0.0019908850515300796,"[0.31722463366292797, 1.2035302518432265]",-0.4952474362127264,0.10294379711657829,0.467501349303262,"[-1.0904761076816891, 0.09998123525623648]",1.8917058606442447
1763.0,24.0,0.009982880588857277,0.025970032749368564,0.9688395148604234,0.000722099730907591,0.0018785112666690712,"[0.40721168425798804, 1.5304673454628588]",-0.49279564787061325,0.10286160620163626,0.4673403280401466,"[-1.084936135288883, 0.0993448395476566]",1.8823407190267476
1764.0,24.0,0.0027755204059938727,0.009534594318082694,0.9747235549352645,7.953828347649546e-05,0.0002733221631792342,"[0.49055574697120014, 1.458891362899329]",-0.11373035420323685,0.6655640446348297,0.932554357061552,"[-0.6294283646175334, 0.4019676562110597]",0.43441795322489424
1765.0,24.0,0.6849225311480025,0.8924933853204164,0.24044529437084786,0.38034611207955493,0.4956295440181847,"[-0.29675552271317507, 0.7776461114548707]",0.3562080402151686,0.761493882163532,0.9565635162989086,"[-1.9439888401824077, 2.656404920612745]",22.639385511136304
1766.0,24.0,3.655627462044425e-05,0.0006115572438672329,1.3445572860347719,6.524742977071529e-09,1.0891666477718424e-07,"[0.8904110337170446, 1.7987035383524992]",-0.34327647040563036,0.05316996039619878,0.33335398367522745,"[-0.6912445628272961, 0.004691622016035402]",1.311219530692675
1767.0,24.0,0.06526254313860619,0.1366468658681034,0.673110676291189,0.012808053319290323,0.026817532075566003,"[0.1430826801771261, 1.203138672405252]",0.05594852232327252,0.8933751660902933,0.9795465253756226,"[-0.7621763403693842, 0.8740733850159292]",23.786292386725535
1768.0,24.0,0.061038297897062825,0.12855580854478268,0.6701978282523109,0.011622618230748753,0.024478976897111947,"[0.14964471870125529, 1.1907509378033665]",0.03449014056322497,0.9332515047428038,0.9892015094756179,"[-0.7726224523787111, 0.841602733505161]",23.868257367394282
1769.0,24.0,0.01906219028335478,0.04539697614516499,0.8357698711017125,0.00201768338443636,0.004806296770929872,"[0.3052381197264705, 1.3663016224769544]",0.011466565180794142,0.9728227603300372,0.9946639642340541,"[-0.6482116594332749, 0.6711447897948631]",23.956200947308588
1770.0,24.0,0.0021091858041028914,0.007874094959895463,1.1730162306309997,4.815753066195766e-05,0.00017981049269391765,"[0.607355058637022, 1.7386774026249774]",0.07792418292734293,0.7604415461078311,0.9565482608929913,"[-0.4229878731034036, 0.5788362389580894]",23.70235154641719
1771.0,24.0,0.00034490262066179156,0.0022702966472590257,1.161104880895496,1.3077014750440556e-06,8.625999175752344e-06,"[0.6907760215455787, 1.6314337402454133]",0.07943346389057293,0.7113707673619769,0.9453650348600355,"[-0.3413235857288296, 0.5001905135099755]",23.69658651779769
1772.0,24.0,2.0773902574732265e-05,0.00044070996318830403,1.4724268501704654,1.4303146814851399e-09,3.0497114743819615e-08,"[0.9955780233716252, 1.9492756769693056]",0.05388117039468199,0.7536343374004324,0.9552799279805988,"[-0.2826008256631661, 0.39036316645253005]",23.794189089410633
1773.0,24.0,0.13205885592527797,0.2615544779664844,0.4958107390439145,0.03499200315208604,0.06930481907721536,"[0.03491730367192597, 0.956704174415903]",-0.010763480195368658,0.9825773682927713,0.9971100704756963,"[-0.9767978877134659, 0.9552709273227286]",0.04111346587115139
1774.0,24.0,0.07658516926201804,0.15875864274879362,0.5111705136541878,0.01616556257855535,0.03351070186267693,"[0.09461716375290402, 0.9277238635554714]",-0.3560191586938002,0.4055770390390593,0.823506678251897,"[-1.1950029918930185, 0.48296467450541813]",1.3598930145968695
1775.0,24.0,0.0018978580498655688,0.007288241358930755,1.0327340160474126,3.958111742227658e-05,0.00015200121897955673,"[0.5402364064884079, 1.5252316256064171]",0.001238317651018228,0.9960925717808837,0.9991900609698904,"[-0.49435731588370346, 0.4968339511857399]",23.99526997499334
1776.0,24.0,0.004373107680277919,0.013439175415728085,0.8888985465272974,0.00017943487728610437,0.000551089917954866,"[0.4238552976253288, 1.3539417954292658]",-0.4865508478891041,0.07446433198711014,0.3984180416645807,"[-1.0211673871418085, 0.048065691363600394]",1.8584873401704909
1777.0,24.0,9.1295602267882e-05,0.0010087911852804641,1.0942621277948066,6.380989306193842e-08,7.050816912921372e-07,"[0.6976643704922922, 1.490859885097321]",-0.08518879971865445,0.6573757524023693,0.9301211184160023,"[-0.46163121824001385, 0.29125361880270495]",0.32539724571094364
1778.0,24.0,6.600614894595456e-06,0.0002716302425759447,1.25716672358198,5.312363856704472e-11,2.1861579657220048e-09,"[0.8816659466956807, 1.6326675004682791]",-0.20006109166318975,0.20512875564564614,0.6392760095475456,"[-0.5095240503521505, 0.10940186702577098]",0.7641770798053781
1779.0,24.0,0.0021598267393822504,0.007999472948860354,0.8176976573498247,5.0520265385320074e-05,0.00018704281890159226,"[0.4222927438314521, 1.2131025708681973]",0.3140247202074091,0.21728027448224774,0.6560394760937431,"[-0.18482512276542673, 0.812874563180245]",22.800513924622596
1780.0,24.0,0.014183044143085072,0.035019862081691534,0.8114638804340594,0.0012657911136735591,0.003126182054022127,"[0.31809382045435214, 1.3048339404137665]",0.10596236098152545,0.7421771129511086,0.9537299711909787,"[-0.5253455595751979, 0.7372702815382488]",23.59525359523446
1781.0,24.0,3.37214554844668e-06,0.00020932207166557925,1.086718658762955,6.5571662225910686e-12,4.0982288891194176e-10,"[0.7765492677867954, 1.3968880497391143]",-0.18754696060058862,0.21401945317806104,0.6531442092239284,"[-0.48336914369007494, 0.1082752224888977]",0.7163766201946709
1782.0,24.0,0.007232936621460876,0.019941926168902332,0.9680539852498109,0.0004211091854572595,0.001161360136396193,"[0.43002561632402636, 1.5060823541755954]",-0.13359731013911968,0.6498543737357223,0.9299133911664488,"[-0.7103955239764792, 0.44320090369823983]",0.5103041350181252
1783.0,24.0,0.0005729843684380112,0.0031895459157525135,1.0152520564599412,3.798405964761757e-06,2.1149253701346085e-05,"[0.5847444029136034, 1.445759710006279]",-0.07890140749540997,0.7255187968133667,0.9490709376786874,"[-0.5193660272257725, 0.36156321223495264]",0.30138117647525803
1784.0,24.0,8.079386810232016e-05,0.0009575330142191225,1.3186602725027161,4.7675762474511027e-08,5.662204569419362e-07,"[0.8452836156593608, 1.7920369293460714]",0.23081909338039708,0.2233971346868886,0.662664232788248,"[-0.14074607582613846, 0.6023842625869327]",23.11833600788448
1785.0,24.0,0.002897002962800541,0.009843706975197217,0.9855114060216624,8.589171001081057e-05,0.00029195006801771095,"[0.49368525938016466, 1.4773375526631602]",0.06676744244862398,0.8007271530289336,0.9643261963868218,"[-0.45168976069467415, 0.5852246455919221]",23.744967155920747
1786.0,24.0,0.00014546646610768171,0.0013481600195336583,1.1652937456124672,1.9148574167601775e-07,1.7746593297128615e-06,"[0.7267014359642989, 1.6038860552606355]",0.14420946264109968,0.46921234825318947,0.8578574563604952,"[-0.24631347458028263, 0.534732399862482]",23.449160428321033
1787.0,24.0,0.1359349751880992,0.268540053710192,0.5414483582519144,0.03656180531465389,0.07221371778521408,"[0.03383942898106351, 1.0490572875227653]",0.5758409950453052,0.2359505803668812,0.6772692276850305,"[-0.37645144734540903, 1.5281334374360194]",21.800449420886018
1788.0,24.0,0.00035744449755610493,0.0023246180969305062,1.4846989876952235,1.4191438399618942e-06,9.221207537114322e-06,"[0.8812611433875078, 2.088136832002939]",0.2995392989437047,0.16172544976797376,0.5781053166642794,"[-0.12002020317976003, 0.7190988010671694]",22.85584415814788
1789.0,24.0,0.018499903433279494,0.04424755664501194,1.0571858491631936,0.0019270121131624858,0.0046089742003407935,"[0.3890546866552146, 1.7253170116711725]",-0.16761986296287468,0.6161723739627649,0.9174210890671123,"[-0.822996711584019, 0.48775698565826964]",0.6402607140222628
1790.0,24.0,0.0007264452681168842,0.0037139328635832527,1.034436479754632,6.177751640129547e-06,3.158851245722828e-05,"[0.5859048825407462, 1.4829680769685176]",-0.24972315047028015,0.27513570197382,0.7255688343191455,"[-0.6982185993914642, 0.19877229845090394]",0.9538721712438302
1791.0,24.0,0.00011027754079364998,0.0011367461016283896,1.177246828654001,1.0026390343566763e-07,1.0336484890275014e-06,"[0.7440408064625581, 1.6104528508454439]",0.1562371417021513,0.4224149645223524,0.8326729046370046,"[-0.2254687237301663, 0.5379430071344689]",23.40321807848529
1792.0,24.0,0.07293237093185892,0.1516855052877828,0.625391654309922,0.015080188545658365,0.03135826272750752,"[0.12106268055637948, 1.1297206280634646]",-0.43381607007448153,0.3037322626269334,0.7514276816848787,"[-1.2605489543840864, 0.3929168142351235]",1.6570553266812909
1793.0,24.0,0.00028017899308332436,0.001998148751960919,1.2741006506539723,8.337383186207875e-07,5.9467783068529785e-06,"[0.7672933620949409, 1.7809079392130036]",-0.06604242866316223,0.7541045605061336,0.9552799279805988,"[-0.4792852148988497, 0.3472003575725252]",0.2522634954128674
1794.0,24.0,0.011465499860336474,0.029129826880936165,0.8357609742375295,0.0009039502399686148,0.0022966215446357085,"[0.34219523859584505, 1.3293267098792139]",-0.45774487555552046,0.13781466039171814,0.5321029358753596,"[-1.062311284040969, 0.14682153292992806]",1.7484566308714937
1795.0,24.0,0.005801245270371319,0.01678115496202291,0.9989577514065865,0.00028999977851397235,0.000838876998883345,"[0.4587033870540417, 1.5392121157591312]",-0.11507058470975373,0.6879126000761695,0.9373175997811231,"[-0.676534694824035, 0.4463935254045276]",0.43953725666476745
1796.0,24.0,0.009095778515234281,0.024082018838322165,0.8569531696503155,0.000616082554096861,0.001631142584317874,"[0.3664786610024195, 1.3474276782982115]",-0.09670048105199491,0.7498230308848199,0.9551730187504387,"[-0.6910738711667449, 0.4976729090627551]",0.3693686294109397
1797.0,24.0,0.00038040767996847034,0.0024183577874664357,0.8203617875227313,1.6195980987959708e-06,1.0296237118855505e-05,"[0.48509932108091114, 1.1556242539645514]",-0.27839970772205636,0.19626521974312294,0.6288536358318583,"[-0.70064529571475, 0.14384588027063722]",1.0634085513433003
1798.0,24.0,0.0007513324121932631,0.0037903298631495196,1.093881574924894,6.600381721980739e-06,3.334007346103521e-05,"[0.6180979790892109, 1.569665170760577]",-0.1819124976372679,0.42907364780033386,0.8377072389698045,"[-0.6327874830153886, 0.2689624877408527]",0.694854557019934
1799.0,24.0,0.0018385900040488326,0.007107035191530084,1.083684883840793,3.7519172121666445e-05,0.00014497361716254425,"[0.568436176607729, 1.5989335910738571]",0.3564978315027423,0.15345790485086064,0.5650143772122999,"[-0.1330015949694508, 0.8459972579749353]",22.638278589955128
1800.0,24.0,1.4001234738674264e-05,0.0003733662596979804,1.0557335759233653,4.773980206389903e-10,1.2730613883706409e-08,"[0.723404581030679, 1.3880625708160514]",-0.07238664592709654,0.6643856435225661,0.9319266977215779,"[-0.3993889246437741, 0.25461563278958105]",0.2764966203153654
1801.0,24.0,0.00387778351881065,0.01226370499307606,0.888285081681551,0.00014507665760244378,0.0004585604630854567,"[0.4300469056591819, 1.34652325770392]",0.3839014179510425,0.15596931504458159,0.5686112581043584,"[-0.14644446811522815, 0.9142473040173131]",22.533604600154494
1802.0,24.0,0.004610120019329622,0.013970060664635216,0.8484912381031111,0.00019520365488100763,0.0005917055316186953,"[0.4020622656741478, 1.2949202105320743]",-0.0017806925825469833,0.994907191199927,0.999042938587908,"[-0.5485659310946032, 0.5450045459295092]",0.006801744639346206
1803.0,24.0,0.037023919507605405,0.08183890253670513,0.9079423838737712,0.00558924646941876,0.012354656210032625,"[0.2657321899993216, 1.550152577748221]",1.0522533126992037,0.002945539090173584,0.054245655435977605,"[0.3586356212830544, 1.7458710041153531]",19.9806884135784
1804.0,24.0,0.0007628618506364993,0.003827706224969891,1.0797796389909582,6.807058924397488e-06,3.415483654991213e-05,"[0.6094459970117394, 1.550113280970177]",0.193328173296762,0.4012163412162706,0.8206211468997754,"[-0.258057685013209, 0.644714031606733]",23.26154077394145
1805.0,24.0,0.011354534252721546,0.028877248862465784,1.0927141363363435,0.0008849526693072436,0.0022506425974243224,"[0.44855288884626965, 1.7368753838264173]",0.037797135006837124,0.903741895942744,0.982851517978372,"[-0.5747678048177148, 0.6503620748313891]",23.855625579094802
1806.0,24.0,0.00037693936155721837,0.002402538724143025,1.234566365069194,1.5811727048324287e-06,1.0090444829817668e-05,"[0.7305338303106472, 1.7385988998277409]",0.07909461788328276,0.714700204899622,0.9463672813293932,"[-0.3449847495832544, 0.5031739853498199]",23.697880814205863
1807.0,24.0,0.13070654872625628,0.2591327294334978,0.568084927016675,0.03459125913243909,0.06855260027421092,"[0.04117179276061478, 1.0949980612727352]",0.5347249643925052,0.2673283369784989,0.7164035664938894,"[-0.41010694162140926, 1.4795568704064195]",21.957501089335082
1808.0,24.0,0.00020638424549628755,0.0016525396826485579,1.5148149730370442,4.277628406369813e-07,3.4193672313108023e-06,"[0.9276148750238152, 2.102015071050273]",-0.38279175571297497,0.059766332071318116,0.3538636025476749,"[-0.7813323583705745, 0.01574884694462453]",1.4621568023170857
1809.0,24.0,0.0024347802689212816,0.008686337027903253,0.829577083393503,6.266201861875872e-05,0.00022363318564867495,"[0.4233512878077164, 1.2358028789792896]",-0.0026321955262194052,0.9919113421967729,0.999042938587908,"[-0.5115204152024835, 0.5062560241500447]",0.010054246300372582
1810.0,24.0,0.0022580411005185376,0.008247045655655726,0.8805205554335309,5.488513279595065e-05,0.00020031070363485637,"[0.4526871852897411, 1.3083539255773207]",0.35786458618208883,0.16084267263969054,0.5771404496462651,"[-0.14233520985676162, 0.8580643822209393]",22.63305797163804
1811.0,24.0,0.056365407056300144,0.1195956016471465,0.7511655124234311,0.01035626305786411,0.02197382358978169,"[0.17689527408208916, 1.3254357507647732]",-0.17690703425075327,0.6617789527655324,0.9314630095972414,"[-0.9695113841537056, 0.6156973156521991]",0.6757350952496308
1812.0,24.0,0.0010902738739448643,0.0049089323455419375,1.355616177322859,1.3766013715989612e-05,6.2009070792746e-05,"[0.7444782953643855, 1.9667540592813326]",-0.024385688625442548,0.9187401759734616,0.9874079467440474,"[-0.49286934877981425, 0.44409797152892916]",0.09314646925053571
1813.0,24.0,0.0002550090616063156,0.0018788848472636606,1.2842709062209525,6.784826057302189e-07,4.9998718182035296e-06,"[0.7775445014127208, 1.7909973110291841]",-0.0958507120057206,0.6466070967029214,0.9293251815215532,"[-0.5056038970836054, 0.31390247307216423]",0.3661227507501147
1814.0,24.0,3.248424848746572e-06,0.00020823236209913923,1.52375537322229,5.7958010746996105e-12,3.7152570991664173e-10,"[1.0899590675461908, 1.957551678898389]",0.10189358832673712,0.4993252895124338,0.8731021700276606,"[-0.19372812490669378, 0.397515301560168]",23.6107951619623
1815.0,24.0,0.0028150555459385282,0.009630706623121888,0.9297078079961002,8.164327193796239e-05,0.00027940887042423814,"[0.467166242448851, 1.3922493735433494]",-0.16012011968304662,0.5430717119971384,0.8908656692866443,"[-0.676139193021415, 0.35589895365532176]",0.6116138048645462
1816.0,24.0,0.02674778481223198,0.0613340628576748,0.9486524614968177,0.003405489528315584,0.007808964751927503,"[0.3137560936817385, 1.5835488293118969]",0.12023369414401497,0.7344636787444769,0.9521126807754771,"[-0.5745126547715217, 0.8149800430595516]",23.540741118018744
1817.0,24.0,0.0009445597904676198,0.004434553006890234,1.023551724935603,1.041518158880514e-05,4.889756614462507e-05,"[0.5684799386367334, 1.4786235112344726]",-0.2048741718872087,0.3832944546854745,0.809701846218668,"[-0.665446034438329, 0.25569769066391157]",0.7825616920249892
1818.0,24.0,6.0927913664372825e-05,0.0008173507895384916,1.462756815802185,2.372676712126757e-08,3.193373771368448e-07,"[0.9491841835244021, 1.976329448079968]",0.09416788487790306,0.6127302098947336,0.9164376456696585,"[-0.2704565950629923, 0.4587923648187984]",23.640305175388157
1819.0,24.0,0.0012863866299713176,0.00549268415871613,1.059786099503678,1.896169674098784e-05,8.096369231847924e-05,"[0.5741068909890591, 1.5454653080182972]",-0.026040523631741586,0.9146533152780918,0.986565242976216,"[-0.5022746232802605, 0.45019357601677734]",0.0994674733606317
1820.0,24.0,0.0011293704842208967,0.005025394418889722,0.824957101768473,1.4743575769681176e-05,6.567294329479365e-05,"[0.4517564480311493, 1.1981577555057967]",0.034347213553272304,0.886128810759996,0.9784496396712549,"[-0.4357454285635383, 0.5044398556700829]",23.86880330835753
1821.0,24.0,0.012506428669849278,0.03139951963306372,0.998924065685056,0.0010382274902307714,0.0026066469752216207,"[0.4020092488482935, 1.5958388825218184]",-0.35933421141529465,0.2522252861569627,0.7000725238610587,"[-0.9744486761387336, 0.25578025330814436]",1.3725555832505354
1822.0,24.0,0.001244261678807407,0.005363196891411236,1.049938910606325,1.7873170606025458e-05,7.700633608800283e-05,"[0.5702472141639073, 1.5296306070487429]",0.3171203518325294,0.1871997865792001,0.6188422696833061,"[-0.15413643706874325, 0.788377140733802]",22.788689482819485
1823.0,24.0,0.0005837274745744428,0.0032129785982328647,0.9493623160235825,4.0017107267646474e-06,2.1963286096403115e-05,"[0.5458495162556221, 1.3528751157915428]",-0.6047607774107346,0.005940072698870339,0.08573214905653208,"[-1.0356145239933123, -0.173907030828157]",2.3100160107123804
1824.0,24.0,0.019051910083589793,0.04538330177129536,0.8982648810729704,0.002017060282702652,0.004805957309274843,"[0.3280793681830011, 1.4684503939629399]",-0.1337630799517484,0.6906486422803555,0.9373185088522442,"[-0.7925251740509974, 0.5249990141475006]",0.510937329060412
1825.0,24.0,2.8376333782441327e-05,0.0005291259639408355,1.0228272096793234,3.3375770778525417e-09,6.226822906441309e-08,"[0.683855099073465, 1.361799320285182]",-0.25883064716540893,0.13876425258402905,0.5344267759675758,"[-0.6015054785985078, 0.08384418426768991]",0.9886602460811784
1826.0,24.0,0.001679083390653962,0.006674283215112526,1.0234935693684024,3.14751179392487e-05,0.00012510929482741802,"[0.5415717163452519, 1.505415422391553]",-0.047146306341204536,0.8501934401905021,0.9708072590103425,"[-0.536394316782651, 0.442101704100242]",0.18008562486545934
1827.0,24.0,0.0119028772361645,0.03008816288211451,1.1361373465219333,0.000955089597170481,0.0024142810848596587,"[0.46205416753643347, 1.8102205255074333]",-0.020142901525344925,0.94894567482704,0.9908684119057948,"[-0.6367108701604064, 0.5964250671097165]",0.07694021630332616
1828.0,24.0,0.0014471116268096594,0.00596440867799839,1.0880229913601356,2.3759183039320497e-05,9.793562670783387e-05,"[0.5834448500577583, 1.592601132662513]",0.07434618503225199,0.7622901796292457,0.9565635162989086,"[-0.4073993007584391, 0.5560916708229431]",23.716018491650217
1829.0,24.0,0.005239554065208327,0.015442245992361707,0.9043165269147371,0.00024354847801193402,0.0007180084847049941,"[0.42122798384976334, 1.3874050699797107]",0.0798972897240171,0.7777811418689127,0.9596363723535175,"[-0.47499032584983003, 0.6347849052978642]",23.694814833618658
1830.0,24.0,0.00635730780841718,0.018101673714171925,0.8107071028560027,0.00033943456855042484,0.0009667746184859722,"[0.36725853076002274, 1.2541556749519827]",-0.2563937082917347,0.3743179804323864,0.8058196345601851,"[-0.8220335013551562, 0.3092460847716868]",0.9793518252549852
1831.0,24.0,0.000783122267049833,0.003901954494518351,1.0734551322371806,7.186054948152621e-06,3.5787126235819827e-05,"[0.6046749140835219, 1.5422353503908393]",-0.2596939176624913,0.25963894539398436,0.7080418472702055,"[-0.7112290890006121, 0.1918412536756296]",0.9919576964852437
1832.0,24.0,0.012760423632359423,0.03196498905901659,0.7885850049803231,0.001073694000528481,0.0026889406474542472,"[0.31599274952518125, 1.261177260435465]",0.43415115040923347,0.1660462657108106,0.5842585000380387,"[-0.18022297082606042, 1.0485252716445275]",22.3416647607201
1833.0,24.0,0.0010243323756281223,0.00470019749618427,1.084577479457236,1.2187709497825708e-05,5.595826215714283e-05,"[0.5986071337233698, 1.5705478251911023]",-0.05448936650885727,0.8185561441911247,0.966095377463714,"[-0.5200345389107531, 0.4110558058930386]",0.20813404861993456
1834.0,24.0,0.004238337113390578,0.013112996731757144,0.9592999456345922,0.00016884880625646844,0.0005225899296083826,"[0.4594574999500273, 1.459142391319157]",0.17864138987390188,0.516868291151112,0.8811227277424873,"[-0.3615333853163052, 0.718816165064109]",23.31764015425829
1835.0,24.0,0.0009278506114701692,0.0043828559823815266,0.936296693336973,1.0041131844009728e-05,4.745336410212537e-05,"[0.5207647525516912, 1.3518286341222547]",0.13313449071104344,0.571031375274258,0.9008246509973031,"[-0.3274542446882021, 0.5937232261102889]",23.49146370497557
1836.0,24.0,0.011691858348894841,0.029622139216860504,0.9582946286413602,0.0009278798376524533,0.002351764708099952,"[0.39111747964069454, 1.525471777642026]",-0.024582871978680032,0.9375596360415831,0.9892015094756179,"[-0.6396341633678347, 0.5904684194104747]",0.09389965417925206
1837.0,24.0,0.0001221089517177404,0.001205365631389806,1.2985401619412256,1.2793501249522038e-07,1.2629320088373186e-06,"[0.816677585842831, 1.7804027380396201]",0.272653035604292,0.1634711558363373,0.5807145855642534,"[-0.11083696539489746, 0.6561430366034815]",22.958542119229595
1838.0,24.0,0.024379882396455693,0.05647413110135672,0.791287901996085,0.0029612575155714845,0.006859526327476221,"[0.2694049833384563, 1.3131708206537138]",-0.3205875623173071,0.35560394500637493,0.7930507248135034,"[-1.000775585663571, 0.3596004610289566]",1.2245542856779312
1839.0,24.0,0.0010809919237343016,0.004876289744160516,0.9003756223518999,1.3552640217759983e-05,6.118573461742656e-05,"[0.4947885685781793, 1.3059626761256204]",-0.13750800321410672,0.5642475564545948,0.8973402615372054,"[-0.6049671155290286, 0.3299511091008152]",0.5252418822293116
1840.0,24.0,0.037212435979493474,0.0822374275789911,0.8570411668399941,0.005628306350335152,0.012438246078088733,"[0.2503379969720634, 1.4637443367079248]",-0.464825482154235,0.20850661957615413,0.6458441380111967,"[-1.1892064257058719, 0.2595554613974018]",1.7755025558380821
1841.0,24.0,0.0013170269546577684,0.0055877257304105575,1.1808093861299407,1.9938907319984408e-05,8.452271013134552e-05,"[0.6382460716033571, 1.7233727006565243]",0.3209370211033056,0.18436423828237547,0.61577901897921,"[-0.1529273541762738, 0.7948013963828849]",22.774110880085303
1842.0,24.0,3.856819829658545e-06,0.0002186098267406235,1.1532546142044051,1.0058435515499481e-11,5.715020179261069e-10,"[0.8211286713922461, 1.4853805570165641]",-0.1806122931540557,0.2357293938758096,0.6772692276850305,"[-0.47915743443710257, 0.11793284812899119]",0.6898881417271309
1843.0,24.0,0.0004881473277875426,0.0028643282437138665,1.2680312533761198,2.7256162065522895e-06,1.5995400273194186e-05,"[0.7381719863563989, 1.7978905203958406]",0.06029821993837725,0.7854472767110544,0.9608848990282411,"[-0.3738329397409966, 0.4944293796177511]",23.76967776569196
1844.0,24.0,0.0032849189732342245,0.010793074408024012,0.9969271875073453,0.00010797201445333545,0.0003547043838808655,"[0.4922858989660043, 1.5015684760486865]",-0.30628274448557047,0.2504902735421808,0.6981334268176722,"[-0.8286673389132552, 0.21610184994211423]",1.1699139064471318
1845.0,24.0,0.00434071619110993,0.013356049818799783,0.9654267673932715,0.00017628816456017642,0.0005423601259030502,"[0.4609440381430778, 1.4699094966434652]",-0.2644942851745107,0.33723284281996013,0.7775336483984394,"[-0.8046920926302805, 0.27570352228125916]",1.0102937497219389
1846.0,24.0,0.0030909088966532333,0.010320230038908959,1.1714636437722388,9.649155141817187e-05,0.0003223907498101299,"[0.5826254807741313, 1.7603018067703462]",-0.07170314227674712,0.7878215997730137,0.9614615569599874,"[-0.5938675871934973, 0.45046130264000306]",0.2738858286855783
1847.0,24.0,0.0013676435613949737,0.005739167274003246,0.8947982967225663,2.143986905553834e-05,8.993233664235881e-05,"[0.4820821300053297, 1.3075144634398028]",-0.33405574977848485,0.16842349416922964,0.5870841641586949,"[-0.809437553919562, 0.1413260543625922]",1.2759989722923644
1848.0,24.0,5.992173890635494e-05,0.0008151517773106611,1.2249788133935686,2.2760689550158664e-08,3.104734757564129e-07,"[0.7954456049895673, 1.65451202179757]",-0.08943092474707193,0.6302979660556531,0.9216640993393094,"[-0.45360848464259773, 0.2747466351484539]",0.3416009697306194
1849.0,24.0,0.004993249979209403,0.014863661705184064,0.8895154586757984,0.00022563415077230849,0.000671330409914634,"[0.41684442159236584, 1.362186495759231]",-0.45807063125226843,0.09885076671228292,0.4572190874758692,"[-1.0020443961246397, 0.08590313362010282]",1.7497009259765606
1850.0,24.0,1.6488497270845154e-07,8.947099647922045e-05,1.8175327117360895,9.850476789831116e-17,5.794398111665362e-14,"[1.3886797772232562, 2.246385646248923]",-0.051415008556205954,0.6810402528881592,0.9356843168376249,"[-0.29657503723306, 0.19374502012064812]",0.1963908662599745
1851.0,24.0,0.0007132789458135798,0.0036824185886469214,0.9677058252529,5.940159584587331e-06,3.0716216605686785e-05,"[0.5488772595809189, 1.386534390924881]",-0.14567308431449,0.5249001176796554,0.8839273529919359,"[-0.5947284541019336, 0.30338228547295365]",0.5564301946582446
1852.0,24.0,0.006593264896486726,0.01860402058828083,0.9480309554141589,0.0003609788576634227,0.0010188508542574729,"[0.42712713371898303, 1.4689347771093348]",-0.2535882266934548,0.381762864844162,0.8095104429845542,"[-0.8218409177684528, 0.31466446438154316]",0.968635674916115
1853.0,24.0,0.0001891477832481661,0.001576231527068051,1.0916102835726773,3.4994103472377876e-07,2.916175289364823e-06,"[0.6716318507439151, 1.5115887164014397]",0.2583802948031959,0.20302662730720644,0.637179387958919,"[-0.13944036273562366, 0.6562009523420155]",23.013059973228724
1854.0,24.0,0.07934443634702276,0.16403364903478754,0.5074964114322925,0.01701190858379854,0.035163101661427325,"[0.09069548060431004, 0.9242973422602749]",0.3807823439110223,0.3768232021499923,0.8059627565530977,"[-0.4636953908045255, 1.2252600786265702]",22.545518585386624
1855.0,24.0,0.011232530476457487,0.028647106545415676,0.9926469160026832,0.0008695730040309471,0.0022177327315249865,"[0.4083344174247707, 1.5769594145805956]",0.031192671727390042,0.9203861853135284,0.9876219255870755,"[-0.5804949808210096, 0.6428803242757897]",23.880852770552234
1856.0,24.0,1.5954294192407472e-06,0.00016619056450424452,1.1643328122210954,5.456964599300577e-13,5.6843381242714354e-11,"[0.847970392973252, 1.4806952314689388]",0.06319726698959194,0.6608111581313494,0.9312445858671778,"[-0.21908668292874312, 0.345481216907927]",23.758604221648998
1857.0,24.0,0.061270837901771756,0.12899123768794055,0.7739129793910096,0.011691968544113607,0.024614670619186544,"[0.17230382637859876, 1.3755221324034204]",-0.14751010866241288,0.719988181784853,0.9476172461296232,"[-0.9540233454393993, 0.6590031281145735]",0.5634471107914949
1858.0,24.0,0.009374485848967136,0.02470365402712025,0.6858751169893252,0.0006504982913167024,0.0017131901272496772,"[0.2916128418432108, 1.0801373921354398]",-0.4145030223489137,0.16849851316198905,0.5870841641586949,"[-1.0044701870459014, 0.17546414234807417]",1.5832849184006395
1859.0,24.0,0.0010424536080377942,0.004757648943028551,1.0627153766046062,1.2689071198953586e-05,5.786170177361417e-05,"[0.585580596868763, 1.5398501563404494]",0.3505915703349398,0.13724286546449266,0.5315370467253783,"[-0.11177953877206592, 0.8129626794419456]",22.660838845796267
1860.0,24.0,0.003175309846198574,0.010528215670419677,0.9652144494744995,0.00010124710467953547,0.0003358112924694377,"[0.47859197821938493, 1.451836920729614]",-0.05695941768678736,0.8312266174671492,0.969180643199337,"[-0.5807670172037979, 0.46684818183022314]",0.21756894913171534
1861.0,24.0,2.2507811996880497e-05,0.000467242679751451,1.3154799475095302,1.7816493242952412e-09,3.711411330338606e-08,"[0.8869469860784339, 1.7440129089406264]",-0.11985654744481167,0.4872643968344659,0.8690287084616835,"[-0.45802537248498926, 0.21831227759536592]",0.4578182877064813
1862.0,24.0,0.00013483171049473075,0.00129025560282039,1.2744779351530018,1.6059183451704338e-07,1.5367639666702718e-06,"[0.7977719811107575, 1.751183889195246]",-0.14277459584010366,0.47089830622159257,0.8584731734461428,"[-0.5308827724335701, 0.2453335807533627]",0.5453587842216013
1863.0,24.0,0.0027024028316235717,0.009349412375824775,1.188379155019314,7.579323636251e-05,0.0002624103953153001,"[0.5998049689922194, 1.7769533410464085]",-0.11796397099531308,0.6529417675442968,0.9301211184160023,"[-0.6321196888892454, 0.39619174689861925]",0.4505891781756731
1864.0,24.0,0.0023495374849629097,0.00846157693406106,1.0408066470062338,5.876225392966194e-05,0.00021175587001679978,"[0.5330709011636083, 1.5485423928488593]",0.13492462444677145,0.6014237324320589,0.91161020243821,"[-0.37133607031686333, 0.6411853192104062]",23.484625897787488
1865.0,24.0,0.013590699650289377,0.03372382047218207,0.7416091402583924,0.0011879737426521426,0.002947825664149237,"[0.29323208086902025, 1.1899861996477645]",-0.4434738164542855,0.1605831461000461,0.5768072776582116,"[-1.062948306564128, 0.17600067365555705]",1.693945200492659
1866.0,24.0,0.025329151962479136,0.058398477305654416,0.9418778348265591,0.0031323551492902857,0.007222400620913733,"[0.31704007015737923, 1.566715599495739]",0.0698132273877512,0.8426168643359836,0.9708072590103425,"[-0.6193494882179765, 0.7589759429934789]",23.73333311443298
1867.0,24.0,2.9422701161007565e-06,0.00019982963675528148,1.3514135013587547,4.209845460943104e-12,2.8834557951665097e-10,"[0.9691998968019648, 1.7336271059155446]",-0.11097854594615875,0.4588491190541255,0.8534160467298005,"[-0.40462138064465064, 0.18266428875233315]",0.4239068199475725
1868.0,24.0,0.026480986473122484,0.06083387657505739,0.8421203604687411,0.00335439436862429,0.007705936982826304,"[0.27942417763141936, 1.4048165433060626]",0.14697363605587732,0.6777603022955048,0.934509389667956,"[-0.5462832706861274, 0.840230542797882]",23.43860206362043
1869.0,24.0,0.21478942461702719,0.4038964466676344,0.47180007498608834,0.06924341027226501,0.13023022432248452,"[-0.03716995930011091, 0.9807701092722876]",-0.2056066786691657,0.7183936041513985,0.9468743958763655,"[-1.3231174479621646, 0.9119040906238332]",0.7853596618297123
1870.0,24.0,6.18562955487665e-05,0.000822557121659129,1.300169905111932,2.4869700671908403e-08,3.302749093214927e-07,"[0.8430110560956581, 1.7573287541282059]",-0.35876716173685796,0.05205269575241976,0.32965253966729574,"[-0.7207229720398345, 0.003188648566118557]",1.3703896130272906
1871.0,24.0,0.012082273238782427,0.0304876942689438,1.0427739595496004,0.0009864997779246898,0.0024880196164557117,"[0.42237840138357596, 1.663169517715625]",0.9012984614467019,0.0027395610587547144,0.0519840808112849,"[0.3115849597847241, 1.4910119631086798]",20.557293471831297
1872.0,24.0,2.4844999983308464e-05,0.0004989535691149897,1.5318197556007922,2.323851216977294e-09,4.675756975809444e-08,"[1.029204715475466, 2.0344347957261184]",0.03844434070794822,0.8250932386755718,0.9669028334941271,"[-0.3025053244337553, 0.3793940058496517]",23.853153435418104
1873.0,24.0,0.007760900419180381,0.021120215631157943,1.0044856837845415,0.0004739267830417448,0.0012899476947244007,"[0.4411915630094576, 1.5677798045596254]",0.16896608456577678,0.5690198954920755,0.9003479359051828,"[-0.41254406989218695, 0.7504762390237405]",23.354597098235363
1874.0,24.0,0.0010945851357075335,0.00491473164183577,1.1388721177978984,1.3873637581364922e-05,6.235342733197718e-05,"[0.6252447408066691, 1.6524994947891276]",-0.04743319166591764,0.8427396555242251,0.9708072590103425,"[-0.5160413698091841, 0.4211749864773488]",0.1811814460861461
1875.0,24.0,0.00022968100518428022,0.0017627091725577915,1.2128477338209407,5.383430937328826e-07,4.131566337167173e-06,"[0.7385695727166218, 1.6871258949252597]",-0.09417819755846324,0.6494526382537047,0.9299133911664488,"[-0.5002874294065043, 0.31193103428957775]",0.3597342161499478
1876.0,24.0,0.0330529663154803,0.07384487559311952,0.8051966693480967,0.004698635191189585,0.010497397656813191,"[0.24695239492922694, 1.3634409437669666]",0.23631336536947156,0.5185651875172581,0.8816839468333598,"[-0.48115149247091327, 0.9537782232098564]",23.09734943478642
1877.0,24.0,0.004687552355170589,0.014136165124157387,1.02300932276521,0.00020097118941793415,0.000606613913123858,"[0.4836942859617591, 1.562324359568661]",-0.07293952778718094,0.7940584904049898,0.9628316126547152,"[-0.6205820195388196, 0.47470296396445777]",0.27860847345884404
1878.0,24.0,0.00010168142169782732,0.001081717252104546,1.1842706254336979,8.269288781519881e-08,8.797115725021151e-07,"[0.7513174536087421, 1.6172237972586536]",-0.15414878087662842,0.42564639962491246,0.8351205329521741,"[-0.5333879469631011, 0.2250903852098443]",0.5888049707545162
1879.0,24.0,1.1502303996932807e-05,0.0003373109676519885,1.209184728268213,2.721925625903089e-10,7.982186586226068e-09,"[0.833825529813167, 1.584543926723259]",0.006126868219596737,0.9703065010840218,0.9946639642340541,"[-0.3164736282266507, 0.3287273646658442]",23.976597087292284
1880.0,24.0,4.3818483466918465e-07,0.00010996435020225141,1.608358218818885,5.0477436039382315e-15,1.2942932317790337e-12,"[1.205542163561042, 2.011174274076728]",-0.25423832243790834,0.054374495906644414,0.33857095832281703,"[-0.5132503265202771, 0.004773681644460459]",0.9711188577452218
1881.0,24.0,0.07996965918107216,0.16519243788694932,0.5684798761492774,0.017211745482213957,0.03555411171702945,"[0.1007516943793233, 1.0362080579192314]",-0.42542469232228797,0.32313083112844787,0.7656907328213951,"[-1.2693310489430947, 0.41848166429851885]",1.62500262471458
1882.0,24.0,0.00038740169963249837,0.0024565738721147646,1.0792363438037833,1.675650581568438e-06,1.0625558538797958e-05,"[0.6375495150188147, 1.520923172588752]",-0.056800536691060444,0.7934621842943178,0.9628316126547152,"[-0.4820090389929507, 0.36840796561082984]",0.21696206843171612
1883.0,24.0,0.00028116672665532566,0.0019983420515659253,1.0217299334814798,8.399152567971571e-07,5.97948755484318e-06,"[0.6151907297427426, 1.428269137220217]",0.016276556622742966,0.938503459232743,0.9892015094756179,"[-0.3972175557490025, 0.42977066899448846]",23.937828133367407
1884.0,24.0,0.0036644796807122084,0.011737603077233212,0.9993235694584119,0.00013069437584323974,0.00041875801295494954,"[0.48728089726693236, 1.5113662416498914]",-0.1358009182477673,0.6166841115937024,0.9174210890671123,"[-0.6675401615300398, 0.3959383250345052]",0.5187212979732129
1885.0,24.0,0.0008503724093072529,0.00413203308701289,1.0443553752825778,8.480813945822697e-06,4.120900848310348e-05,"[0.5846541470034455, 1.5040566035617102]",-0.30446625316214604,0.18899011590206982,0.6208893243259477,"[-0.7587562913435284, 0.14982378501923638]",1.1629754206901748
1886.0,24.0,0.0009634086974173039,0.004501909801015439,0.8994924140429635,1.0877937855798687e-05,5.08314853074705e-05,"[0.49872051797989275, 1.3002643101060343]",0.37330924849997427,0.11038982673565871,0.48608466198000316,"[-0.08500494495952887, 0.8316234419594775]",22.574063707183402
1887.0,24.0,0.045193751066902155,0.09799165452493963,0.7632077015221665,0.007493340521343041,0.0162474859526085,"[0.2038165527254171, 1.3225988503189159]",-0.25946984139910434,0.5021913077170448,0.8734611984187444,"[-1.0173189927995319, 0.4983793100013231]",0.9911017882065015
1888.0,24.0,0.0044137045135857296,0.013534819115564948,0.8360782946677857,0.0001810346998605891,0.0005551508735375317,"[0.3984085766190425, 1.273748012716529]",0.08750053389148427,0.7524352648881703,0.9552799279805988,"[-0.45619520641028877, 0.6311962741932573]",23.665772580191767
1889.0,24.0,0.00017835834665468414,0.0015064049548537512,1.188550702103151,3.068929531907291e-07,2.5920012938406174e-06,"[0.7334926974488161, 1.6436087067574858]",0.3046308452826789,0.1307833537587175,0.5223251886007398,"[-0.09050984305403131, 0.6997715336193892]",22.836395883719984
1890.0,24.0,1.2020146467657579e-06,0.00014839686997108122,1.155654527593591,2.0993293237060667e-13,2.5917645971679838e-11,"[0.8471630350477073, 1.4641460201394747]",0.4913538073727972,0.00041321078961409076,0.014549675690636997,"[0.218654974576039, 0.7640526401695554]",22.12316670599031
1891.0,24.0,9.983811131931403e-05,0.0010723749873180883,0.9785031769985962,7.90135612714434e-08,8.496081857144451e-07,"[0.6213230754693484, 1.335683278527844]",-0.037488236049556534,0.8464025566573041,0.9708072590103425,"[-0.4167943973155718, 0.3418179252164587]",0.14319451380198503
1892.0,24.0,4.120349488884084e-05,0.0006592559182214535,1.2167150347494307,8.841363677999975e-09,1.414618188479996e-07,"[0.8020954044036888, 1.6313346650951726]",0.21282309501738084,0.23723922999057034,0.6791847408833963,"[-0.14010027413663168, 0.5657464641713934]",23.187075658172827
1893.0,24.0,0.004632385306402701,0.014016294421793345,1.0041549752415242,0.00019732859719537397,0.0005974223348331032,"[0.47543662753570115, 1.5328733229473472]",0.24762227250165125,0.3728916312432864,0.8052075820412143,"[-0.2970383594281897, 0.7922829044314922]",23.054152591481134
1894.0,24.0,0.1085325517263725,0.21868336031910637,0.604065458417809,0.02656120983400297,0.053518456244213114,"[0.07025280429964242, 1.1378781125359756]",-0.3039893746519704,0.5135880978470803,0.8803357696922911,"[-1.2160418641308604, 0.6080631148269197]",1.161153878958605
1895.0,24.0,0.002917866233265414,0.009894426019889501,0.8963437966990954,8.708056870845637e-05,0.0002952884662884245,"[0.448640184251219, 1.3440474091469716]",0.14936584033020317,0.5721056953962007,0.900878138176577,"[-0.36882175937880823, 0.6675534400392146]",23.42946451637696
1896.0,24.0,0.002015462701413715,0.007630905566400434,0.8592245415744322,4.4260416280011675e-05,0.00016790749726863305,"[0.4468751670025036, 1.2715739161463606]",-0.02061492492565531,0.9354288242036131,0.9892015094756179,"[-0.5193344009162444, 0.47810455106493377]",0.07874321288127277
1897.0,24.0,0.0022965969491706125,0.008333080367092207,1.0725067567031885,5.643495710298816e-05,0.00020477125218791058,"[0.5505429275907525, 1.5944705858156245]",0.21731791623918983,0.3980132783919692,0.8191259073718239,"[-0.2866432934578794, 0.7212791259362591]",23.16990670579446
1898.0,24.0,0.004243006686362521,0.01311999593804119,0.8088684080735982,0.00016960012849609907,0.0005245905613860164,"[0.3872837387538173, 1.230453077393379]",0.315658331502652,0.24984702280328208,0.697266945686356,"[-0.2219862810255837, 0.8533029440308877]",22.79427398911711
1899.0,24.0,0.013525849002787468,0.03357123108162688,0.8439983056716139,0.0011735965014463762,0.002912872924910341,"[0.33426215441167606, 1.353734456931552]",-0.1277264304830643,0.6896337947040858,0.9373185088522442,"[-0.7545898263418488, 0.49913696537572017]",0.4878790265967127
1900.0,24.0,0.00035359560412720546,0.002309232073414149,0.7712128078221645,1.381268299281244e-06,9.02200064847318e-06,"[0.45811280454553416, 1.084312811098795]",0.16195796011430819,0.4509240723492941,0.8505871587526356,"[-0.25910868988001506, 0.5830246101086314]",23.38136616179347
1901.0,24.0,7.34833649881118e-05,0.0009162514337669801,0.9443809431966845,3.7929575952378855e-08,4.72937356014699e-07,"[0.6078581842013293, 1.2809037021920398]",-0.2965190165054379,0.11417336337704799,0.49519485119615037,"[-0.6644135691242916, 0.07137553611341585]",1.1326192127421058
1902.0,24.0,0.003208656638729892,0.010614147002083666,0.9960111567759059,0.00010331794585226371,0.00034188598892211683,"[0.49322606105617717, 1.4987962524956346]",-0.19659306463502535,0.46133380463504847,0.8550833639977362,"[-0.7196557252196414, 0.3264695959495907]",0.7509301923419703
1903.0,24.0,0.09101186008884563,0.18638513227287656,0.5803487347019107,0.020684876423988748,0.04235232683044379,"[0.08872543833379148, 1.07197203107003]",-0.3112273023409333,0.4852257793432966,0.8677556500702994,"[-1.1852419199495392, 0.5627873152676724]",1.1888007262251683
1904.0,24.0,0.0038658309522280033,0.012237514885178864,0.8776003060288142,0.00014360758206680645,0.00045459823382971336,"[0.4251743666355424, 1.330026245422086]",0.1281944697843178,0.6386613189518289,0.9254619894969263,"[-0.4068819562446985, 0.6632708958133341]",23.510333194962747
1905.0,24.0,0.033148721430270395,0.0740422636369676,0.6992078378661448,0.004719825014579366,0.010540029063375093,"[0.21419854887034323, 1.1842171268619464]",-0.24972289447907325,0.49513023373702325,0.871424115982267,"[-0.9672075177144541, 0.4677617287563076]",0.9538711934294469
1906.0,24.0,0.0013608837546782568,0.005713197962545159,1.0937573769605027,2.114494350812656e-05,8.876970406434325e-05,"[0.5896414590812128, 1.5978732948397925]",-0.13645866550521113,0.5760429281551682,0.9024642458956106,"[-0.6147606547126191, 0.34184332370219683]",0.5212337074290686
1907.0,24.0,0.05687169525151491,0.12049087977015872,0.6794234299956664,0.010489133566741509,0.02223216101471282,"[0.15910166049868435, 1.1997451994926485]",0.12946502434993334,0.7495459129491846,0.9551730187504387,"[-0.665385990194974, 0.9243160388948407]",23.50548003401269
1908.0,24.0,0.0321045648401051,0.07201562323935644,0.8408382059527756,0.004518441477511746,0.010131034702941135,"[0.2604497252648682, 1.4212266866406829]",0.6521032344809985,0.06680569552738412,0.3762676301097982,"[-0.04517636358074839, 1.3493828325427453]",21.50914912382726
1909.0,24.0,0.025323078406933968,0.058398477305654416,0.6613528439263735,0.0031310791293583926,0.007221123453317327,"[0.22263283889422214, 1.1000728489585248]",0.058713174700373294,0.8673953731852851,0.9734244302898619,"[-0.6304957469779726, 0.7479220963787192]",23.775732192523623
1910.0,24.0,0.13139857581774278,0.2603498629239999,0.6245417991067248,0.034796539685762705,0.06894499640531544,"[0.04460676736645364, 1.204476830846996]",-0.3307236767829451,0.49828535753063785,0.8728067218963704,"[-1.2879238918184965, 0.6264765382526063]",1.2632713909807685
1911.0,24.0,0.004334684754563049,0.01334618672606913,1.148619019949155,0.0001754904954430029,0.0005404696502710283,"[0.5485912419076441, 1.748646797990666]",-0.12808268722915983,0.6433673143721548,0.9269467971048314,"[-0.6702850272373256, 0.414119652779006]",0.48923982712833514
1912.0,24.0,0.03289392932102003,0.07353885383639623,0.6363628861497924,0.004674815537012697,0.010448850105079788,"[0.19542515986310538, 1.0773006124364795]",-0.41292784183880027,0.2551411091044694,0.7046292623147469,"[-1.1241394669889475, 0.29828378331134686]",1.5772681720539221
1913.0,24.0,8.656424674190262e-05,0.0009881763326701212,1.1227876857733365,5.641184430922491e-08,6.432365371633398e-07,"[0.7175026831529604, 1.5280726883937126]",0.26229905371570084,0.16833071461581772,0.5870841641586949,"[-0.1108872138137032, 0.6354853212451048]",22.99809141678767
1914.0,24.0,0.04240893935384525,0.0924546312488451,0.7432499146075761,0.006810701203412906,0.01485107109335566,"[0.20490402553237697, 1.2815958036827753]",0.0605720881993248,0.8746436494134852,0.9754479263760243,"[-0.6919440360887187, 0.8130882124873683]",23.768631665992302
1915.0,24.0,0.0016373303355986689,0.006541471576502872,1.0464044526360727,3.0018092142619526e-05,0.00012000439511802302,"[0.5549706312152749, 1.5378382740568706]",0.0516807776025372,0.8355555925871749,0.9708072590103425,"[-0.4362835355280847, 0.5396450907331591]",23.802593970761357
1916.0,24.0,0.24059023098725296,0.444385354612584,0.3103168112789406,0.08116193387826466,0.14991121883683906,"[-0.03843058661740578, 0.659064209175287]",-0.18443145636096236,0.7563280299433048,0.955539980247545,"[-1.3493417257412148, 0.9804788130192901]",0.7044762705956242
1917.0,24.0,0.0006556064615594151,0.003470653581574458,1.1646249133840205,5.0140742893172615e-06,2.6543537794162315e-05,"[0.6645101306868672, 1.664739696081174]",0.20860442792818734,0.35799005310662024,0.7950034490486793,"[-0.23619146515538864, 0.6534003210117634]",23.203189779464928
1918.0,24.0,0.024165111508696567,0.0560415387492963,0.7792100783575168,0.0029154414499635716,0.006761227852420156,"[0.26611898833748693, 1.2923011683775467]",0.14239336507330158,0.6829288980609461,0.9360279342933807,"[-0.5408541122577, 0.8256408424043031]",23.456097410042286
1919.0,24.0,0.006261177988155788,0.017894192592614426,0.8893997051516142,0.000332043945257006,0.0009486969864485886,"[0.4036856712856845, 1.3751137390175439]",-0.4492367732853344,0.11546240214178774,0.49794682363179554,"[-1.008593373695622, 0.11011982712495327]",1.715958074088338
1920.0,24.0,0.002923242358309584,0.009905938184715636,0.8416702645246399,8.746026351050848e-05,0.0002963750034242917,"[0.4211625813638006, 1.2621779476854793]",0.21432924215343352,0.41685280519506585,0.8288815882747501,"[-0.3030756270450723, 0.7317341113519393]",23.181322599891388
1921.0,24.0,0.010482025845716779,0.027017732502844775,0.7699300381181714,0.0007796184655577408,0.0020088082080848774,"[0.32080325698021117, 1.2190568192561315]",0.32438864948336654,0.2905037537307773,0.7402083898549213,"[-0.2771059062913971, 0.9258832052581302]",22.76092663084363
1922.0,24.0,0.0016896324523033644,0.006694264866495104,0.9130254071182866,3.184823032073507e-05,0.00012618157813286477,"[0.48284046694147004, 1.3432103472951031]",-0.048134061392723915,0.8471897109130422,0.9708072590103425,"[-0.5376950038771193, 0.44142688109167144]",0.1838585712417785
1923.0,24.0,0.0023287157570950952,0.008412990451933148,1.2728254845068323,5.778412921250853e-05,0.00020883313773945982,"[0.6525147919132086, 1.893136177100456]",0.09102201300792157,0.7244879409837326,0.9485309517985501,"[-0.4151240520480187, 0.5971680780638619]",23.652321520790746
1924.0,24.0,0.0002635670051553669,0.0019099058344591803,1.1071763070831988,7.398098584569562e-07,5.357059076444288e-06,"[0.6688413527581898, 1.5455112614082078]",0.5396674232074297,0.008700004941638513,0.10929654449294614,"[0.13651165298360102, 0.9428231934312583]",21.938622287300923
1925.0,24.0,0.0008664387964442544,0.004178733526603495,0.9712565214376989,8.76645205029016e-06,4.23091315168444e-05,"[0.5430474366769187, 1.3994656061984792]",0.12527436575381135,0.5915882272612278,0.9080402567325063,"[-0.33235249990733273, 0.5829012314149554]",23.521487170741892
1926.0,24.0,0.013002394815484049,0.03244110482905202,1.0406061079033524,0.0011012478011979754,0.0027476242544859667,"[0.4156088508901141, 1.6656033649165907]",-0.06886929001678865,0.8287259602024278,0.9685389604382321,"[-0.692812677716048, 0.5550740976824707]",0.2630613104016296
1927.0,24.0,0.0009432223226309234,0.00443035379347545,1.200966702349055,1.036210452941031e-05,4.8671228414327426e-05,"[0.6671501018732934, 1.7347833028248165]",0.03603378151989656,0.8784713378948826,0.9766268042296392,"[-0.4258466513005446, 0.4979142143403377]",23.862361093267562
1928.0,24.0,8.214522896146163e-05,0.0009630155798530085,1.4314636472330222,4.9625566590641114e-08,5.817768650719943e-07,"[0.9169213924882925, 1.946005901977752]",-0.22578758322918713,0.23434239843670446,0.675980281718279,"[-0.5979015762429345, 0.14632640978456024]",0.8624450390327486
1929.0,24.0,9.770496906442091e-06,0.00031929728452425134,1.529431232955659,1.705361880194593e-10,5.573078039851611e-09,"[1.0600078548488003, 1.9988546110625176]",-0.22159627067473497,0.17171278802058365,0.5931357099156603,"[-0.5393792892303588, 0.09618674788088882]",0.8464354043667284
1930.0,24.0,0.0033894570814595134,0.011059309430725707,1.2036125003019895,0.00011435406338087319,0.0003730964547499941,"[0.5921341549082121, 1.8150908456957668]",-0.3800651481787787,0.15388427728799786,0.5659590926369911,"[-0.902465457030386, 0.1423351606728287]",1.451741928710551
1931.0,24.0,0.05565207084114855,0.11815726293237486,0.6401354609038498,0.010179447172154287,0.021617003975693962,"[0.15188566541245185, 1.1283852563952477]",-0.32674073599869935,0.4154404505851562,0.8288815882747501,"[-1.1131281011760619, 0.4596466291786633]",1.248057677848248
1932.0,24.0,0.0010019870950829291,0.0046234397226732,1.2358655921059354,1.1681482123840155e-05,5.393112707220755e-05,"[0.6832751865491025, 1.7884559976627683]",-0.13123109300313107,0.5794007699049283,0.9033376518630002,"[-0.5952878775888679, 0.33282569158260583]",0.5012658513312133
1933.0,24.0,0.0004012368002014119,0.002515591223833303,0.9406659021701914,1.8064102876036873e-06,1.1331844581028487e-05,"[0.5544723700118176, 1.3268594343285653]",0.11467969591286042,0.5979570810657038,0.9110092270106063,"[-0.31154971135736015, 0.540909103183081]",23.561955828556627
1934.0,24.0,0.0010627247529404183,0.004826758129230164,1.0713193496817304,1.3095236307792679e-05,5.955086997631959e-05,"[0.5895610223220187, 1.553077677041442]",-0.016945508688245958,0.9433415450705293,0.9899283388510246,"[-0.48426355550341926, 0.45037253812692735]",0.06472707530258409
1935.0,24.0,1.977980204223526e-06,0.00017969369941563454,1.415364259111476,1.1319135542717933e-12,1.0290123220652667e-10,"[1.0253889927120858, 1.805339525510866]",-0.056844805736272264,0.6971326301806922,0.9391521354987097,"[-0.34311275319200885, 0.22942314171946432]",0.2171311637286302
1936.0,24.0,0.0002569550895431323,0.0018824548684478555,1.2679139575420206,6.900407400723464e-07,5.063712317874077e-06,"[0.7673110812494415, 1.7685168338345998]",-0.10655046342755803,0.6104657569604204,0.914972392392165,"[-0.5165062763505481, 0.303405349495432]",0.4069927906374738
1937.0,24.0,4.605645841211315e-05,0.0006992983719288072,1.4389884281248781,1.1713811176685854e-08,1.780214464541923e-07,"[0.9445205702056292, 1.9334562860441271]",-0.04655387223807228,0.7982947724994596,0.9637749275618248,"[-0.40359659500290596, 0.3104888505267614]",0.17782269328218625
1938.0,24.0,0.00024595457517996686,0.0018300191605652297,1.4819138919659665,6.343889236286854e-07,4.720155681761052e-06,"[0.8987332657016845, 2.0650945182302483]",0.49183440988058624,0.01648910013380968,0.16390755600208431,"[0.0898262555190027, 0.8938425642421698]",22.121330939635666
1939.0,24.0,0.030445038881117124,0.0687246927338987,0.7158468460478136,0.004150795051669974,0.009369740522957052,"[0.22638252725612518, 1.205311164839502]",0.2445638767558922,0.4980101113125571,0.8728067218963704,"[-0.4628142195013334, 0.9519419730131178]",23.065834802701985
1940.0,24.0,0.0017690654235491966,0.006915814791044552,1.0466107885515106,3.473250123076151e-05,0.00013577991098812162,"[0.5511214813335028, 1.5421000957695183]",-0.10638223177498318,0.6714464823845214,0.9337317235217931,"[-0.5979504087595231, 0.3851859452095568]",0.40635019305927045
1941.0,24.0,0.011285166838086906,0.028744693932977346,0.9291493410926622,0.0008762956836602046,0.002232031797402457,"[0.3818615115806787, 1.4764371706046457]",0.06613131676305617,0.8322504116901581,0.9694238924754317,"[-0.5457906473404642, 0.6780532808665766]",23.747396977055608
1942.0,24.0,0.01319142470478019,0.032871728643857935,0.8935454047635502,0.0011269586667211411,0.0028082697899854004,"[0.35579546474837553, 1.4312953447787247]",0.05108004840395175,0.8727965936026552,0.9752862410683755,"[-0.5742199172024417, 0.6763800140103452]",23.804888587275308
1943.0,24.0,5.385234164336053e-06,0.00024367575404235533,1.3616735305152716,2.8468795634827534e-11,1.2937615036323146e-09,"[0.9606037521373296, 1.7627433088932136]",0.12211595460450209,0.4337368574153122,0.8405753050684345,"[-0.18363118286153113, 0.4278630920705353]",23.533551412663392
1944.0,24.0,0.010915476964001901,0.027974056801645057,0.8746994745465537,0.0008344100836032334,0.00213677358157038,"[0.3615843441165679, 1.3878146049765396]",0.4373248763762341,0.15399806550391076,0.5661693584702602,"[-0.16394520574882698, 1.038594958501295]",22.329542020504086
1945.0,24.0,0.01144511973697545,0.029085437705147266,0.9350818701400794,0.0008973080703925352,0.0022803254647840794,"[0.3832037179924235, 1.4869600222877353]",-0.17536189997117368,0.5743277238176492,0.9017816319235349,"[-0.7872713780913447, 0.43654757814899736]",0.6698331170495709
1946.0,24.0,0.0007685703777966438,0.003850552994973165,0.9507546990950617,6.94680012548281e-06,3.476876939681086e-05,"[0.5362239713237124, 1.3652854268664112]",0.3851144120058807,0.0921701106873359,0.4401628972652144,"[-0.06309435916680273, 0.8333231831785641]",22.52897130416005
1947.0,24.0,0.017598373731371512,0.042263145368327364,0.9635893003587549,0.0017803776244778066,0.004275642710081188,"[0.3591627794931581, 1.5680158212243516]",0.02864925781634131,0.9313518733112135,0.9892015094756179,"[-0.6231831781075715, 0.6804816937402541]",23.890567896062763
1948.0,24.0,0.00010533742791846723,0.001105981972137937,1.4740463701382924,8.976862782218219e-08,9.439393041238926e-07,"[0.9336584578599615, 2.0144342824166235]",-0.03540468664098739,0.8554599969958703,0.9710102122541093,"[-0.41635158145560225, 0.34554220817362746]",0.13523594130078564
1949.0,24.0,2.0105798138332493e-07,8.947099647922045e-05,1.4095797135819603,2.2459724795313393e-16,1.1229862397656696e-13,"[1.072997057415529, 1.7461623697483917]",-0.019122919361699076,0.8799418110808942,0.9766268042296392,"[-0.2672657529018988, 0.22901991417850068]",0.07304417142629088
1950.0,24.0,1.7640834528992894e-05,0.0004182254996226117,1.6490426435585046,9.116603132130509e-10,2.165463926871855e-08,"[1.121285898099152, 2.176799389017857]",0.03361041535101528,0.8429805671738333,0.9708072590103425,"[-0.2989541732475836, 0.36617500394961416]",23.871617670180342
1951.0,24.0,2.4297624639328114e-05,0.0004947092499094448,1.2835125133542018,2.21254330095341e-09,4.4970392295801015e-08,"[0.8629343050574005, 1.704090721651003]",0.346468486895704,0.04422867268469528,0.29783617969491777,"[0.008946755084297986, 0.68399021870711]",22.6765878644395
1952.0,24.0,0.03280304246129038,0.07336846893601069,0.8215363522336323,0.004642179474686334,0.010385188981401195,"[0.2527421349166793, 1.3903305695505854]",-0.1664822772695045,0.6494986340108244,0.9299133911664488,"[-0.8844775329427585, 0.5515129784037496]",0.635915456751291
1953.0,24.0,9.070343442736012e-06,0.0003095680355882598,1.6347131793518552,1.3685758633902762e-10,4.6709073835845606e-09,"[1.1356004899110448, 2.1338258687926657]",0.17276588777670465,0.284794508962145,0.7346806579540356,"[-0.14381178862016142, 0.4893435641735707]",23.340082919104265
1954.0,24.0,0.0008443371543501679,0.004114703481238635,0.9219689467090741,8.320082044780078e-06,4.056854424608385e-05,"[0.5165132403394729, 1.3274246530786753]",-0.03337383608866329,0.8861818386502555,0.9784496396712549,"[-0.4903586313881663, 0.42361095921083974]",0.12747866360278676
1955.0,24.0,0.0350740024695077,0.07782117255271288,0.6674906687355647,0.0051361908569828715,0.011396030301714825,"[0.19998292808349327, 1.1349984093876362]",-0.22174680289112914,0.5489509444123828,0.8928806760019607,"[-0.9469127028854255, 0.5034190971031672]",0.8470103950787374
1956.0,24.0,0.002531389236276741,0.00892906256182272,1.2061056691683598,6.743783113533801e-05,0.00023787594756732988,"[0.6129223910453142, 1.7992889472914055]",0.2338156671717,0.3679443656157476,0.8007965373156024,"[-0.27518659259934153, 0.7428179269427415]",23.10688993913507
1957.0,24.0,0.19504231502762215,0.37228920600805904,0.4354270263921883,0.060653501878913246,0.11577305187805544,"[-0.01948523327402224, 0.8903392860583987]",0.8806131738686291,0.0960898989530903,0.449524991159006,"[-0.15655819681405903, 1.9177845445513173]",20.63630545024716
1958.0,24.0,0.0008491293229880342,0.004131902326030156,1.2103029654420832,8.422837536346302e-06,4.100699871638901e-05,"[0.6777315050415639, 1.7428744258426025]",-0.13402160263453222,0.5651509615923804,0.8977775402579515,"[-0.5906872544573205, 0.322644049188256]",0.5119248129692061
1959.0,24.0,9.502364883499693e-07,0.00013123505145810953,1.347697344884103,8.935561118580613e-14,1.265247106231348e-11,"[0.9934154835678133, 1.7019792062003927]",-0.23763467131658533,0.0868680231251433,0.4285546281457489,"[-0.5096633557437471, 0.03439401311057649]",0.9076975821612574
1960.0,24.0,0.03132808224965717,0.07051110116960876,0.7300015849693688,0.004343398414894456,0.009775823576174783,"[0.22834099328085156, 1.2316621766578861]",0.41303187419674003,0.2510998304958739,0.6990529802223661,"[-0.2923268747069755, 1.1183906231004554]",22.422334453609896
1961.0,24.0,0.002986716260183571,0.010062939267495633,1.0288307003412758,9.163090636564789e-05,0.0003085215702547067,"[0.5133394991318977, 1.5443219015506537]",-0.5783135433684006,0.025915989566787697,0.213773116931268,"[-1.087175419064592, -0.06945166767220923]",2.2089950180176836
1962.0,24.0,0.00254142357845103,0.008954980896585729,0.978094134494372,6.813211552402462e-05,0.00024007087922489297,"[0.4967569736091564, 1.4594312953795876]",-0.3669430987233335,0.15552904190224737,0.5680561322222348,"[-0.8733222883056709, 0.13943609085900388]",1.401619391886621
1963.0,24.0,0.008908604385844612,0.02366163183491265,0.9203155013343156,0.0005952350621089475,0.0015809696204752922,"[0.39500894561524624, 1.4456220570533849]",0.07403905558604329,0.806658142881277,0.964880279922775,"[-0.518892954086435, 0.6669710652585216]",23.717191639719015
1964.0,24.0,0.0005418586841122703,0.003059619898996444,1.2970526693946045,3.3848846685870924e-06,1.9123642195407302e-05,"[0.749873369672707, 1.844231969116502]",0.06320576386687637,0.7774424838155136,0.9596363723535175,"[-0.3750730180322928, 0.5014845457660455]",23.7585717659685
1965.0,24.0,0.0031575775871118426,0.010476368902162716,0.9774778235627771,0.0001006237089544594,0.0003338543760930969,"[0.48486263983368433, 1.4700930072918699]",0.3091471528295031,0.24394210230307112,0.6897159217773741,"[-0.21086872268681356, 0.8291630283458198]",22.819144859625574
1966.0,24.0,0.0012999430319998887,0.0055269686734689145,1.107335869318998,1.93540811041076e-05,8.232276097025776e-05,"[0.5993234191536065, 1.6153483194843896]",-0.08138845628583713,0.7378110186312066,0.9523631024368666,"[-0.5579135095923858, 0.3951365970207116]",0.3108810030842309
1967.0,24.0,0.0016925551937909103,0.006703188886300635,0.9173569455778905,3.221763945895205e-05,0.00012754409920408573,"[0.4848571995073256, 1.3498566916484553]",-0.4553307025226605,0.06449122893375793,0.36960426004306096,"[-0.9380475572106657, 0.02738615216534468]",1.7392351691516823
1968.0,24.0,0.00034514387246092513,0.0022702966472590257,1.2039385463797798,1.3222419051960967e-06,8.687528943469755e-06,"[0.7160373535965165, 1.691839739163043]",0.42055192310373535,0.04742882057411115,0.31162168576945565,"[0.0047702720076644445, 0.8363335741998063]",22.39360998266971
1969.0,24.0,0.0034108461063084156,0.011113868055745896,1.1032233345743918,0.00011500870865856501,0.0003748654128375652,"[0.54254343308096, 1.6639032360678236]",0.04033243492591687,0.88100900451249,0.9767026443074529,"[-0.48775888896422803, 0.5684237588160618]",23.845941446750594
1970.0,24.0,0.05264813074289823,0.11252004860632236,0.6823197958411105,0.009367115964107112,0.020023762214850603,"[0.1676397768463319, 1.196999814835889]",0.034916380912449974,0.9304262427666237,0.9892015094756179,"[-0.7489110217822261, 0.8187437836071261]",23.8666292491897
1971.0,24.0,0.0010427221578690788,0.004757648943028551,1.190290189721475,1.2664531326822245e-05,5.78025163250673e-05,"[0.6559290422073296, 1.7246513372356205]",0.26250341704557734,0.2676393315135772,0.7165711687110501,"[-0.20162841701559897, 0.7266352511067536]",22.997310806368393
1972.0,24.0,0.02860022950879552,0.0651337497353576,0.7997744681226875,0.0037723203320994838,0.00859102785720675,"[0.2586124538590774, 1.3409364823862977]",-0.16184793521409446,0.6512585806393829,0.9299133911664488,"[-0.8636311011839437, 0.5399352307557548]",0.6182135740449592
1973.0,24.0,0.0002486965896916402,0.0018476715430285305,1.29482889001314,6.429351181452536e-07,4.7766353502619134e-06,"[0.785007069481463, 1.8046507105448168]",0.17011875049613145,0.414122819029908,0.8280792891742401,"[-0.23816213614895498, 0.5783996371412179]",23.350194238702173
1974.0,24.0,0.000327030077628582,0.0021889563428954617,1.0315959131469583,1.1674456327360845e-06,7.814227796091596e-06,"[0.6156617838606175, 1.447530042433299]",0.143073607961818,0.502674693055787,0.8734611984187444,"[-0.27528302729486215, 0.5614302432184981]",23.453499073605233
1975.0,24.0,0.0005748923750214947,0.0031933679244490498,1.1695870578702838,3.8255271198653685e-06,2.1255978162783813e-05,"[0.6734767650695112, 1.6656973506710564]",-0.10278894370654612,0.6473888562371363,0.9294020283387066,"[-0.5432477786541912, 0.337669891241099]",0.39262484366619316
1976.0,24.0,0.00012755403597929972,0.0012363057120824666,1.0197382760571645,1.411519280172692e-07,1.369077866316869e-06,"[0.6400369127635546, 1.3994396393507744]",0.15418742149613163,0.4339880675885174,0.8408991815317136,"[-0.23206948482095174, 0.5404443278132149]",23.41104743295113
1977.0,24.0,0.026502780126862656,0.06084677947405266,0.7466694003464576,0.00335898955085779,0.007714721063063367,"[0.24768026704889945, 1.2456585336440158]",0.16088576932741194,0.6491558117658385,0.9299133911664488,"[-0.5322465025840687, 0.8540180412388926]",23.3854616289216
1978.0,24.0,0.01613619221284838,0.03910056899035846,0.8717518875089451,0.0015534577789296242,0.003765045513644266,"[0.33182508250818443, 1.4116786925097058]",0.10333657799742024,0.7528201720270016,0.9552799279805988,"[-0.5397921134992608, 0.7464652694941013]",23.605283347428227
1979.0,24.0,9.581134591623769e-05,0.0010431813931165372,1.3695569555921714,7.170523088215115e-08,7.811027329210364e-07,"[0.8712537148165826, 1.8678601963677601]",0.12988429591801776,0.5002318174569487,0.8731021700276606,"[-0.24774377723853874, 0.5075123690745742]",23.503878534591287
1980.0,24.0,0.008493260302079158,0.02270983902271499,0.8878353474880685,0.0005505514964679133,0.0014724565297349914,"[0.3841626628348257, 1.3915080321413114]",0.17317556923002897,0.5639176081321626,0.897274934025387,"[-0.4150373512071832, 0.7613884896672412]",23.338518051222916
1981.0,24.0,0.00028770283066468285,0.0020260762722864993,1.1226873953963306,8.929126767672395e-07,6.283692306595633e-06,"[0.6748891754903479, 1.5704856153023132]",-0.44117452465061024,0.03438428998595697,0.2569827353210536,"[-0.8499060135357597, -0.032443035765460815]",1.6851625527446845
1982.0,24.0,0.0989531266483311,0.20096085834348315,0.6111396933026817,0.023306963910747304,0.04733339543206195,"[0.08308898596669256, 1.1391904006386708]",0.3463763368768191,0.4455895583792977,0.8480769362464472,"[-0.5436281295408383, 1.2363808032944765]",22.676939851583775
1983.0,24.0,0.00040477678033385583,0.002528143983302244,1.0607647947498549,1.8387622697436957e-06,1.1499451342987466e-05,"[0.6249379608431134, 1.4965916286565963]",-0.02783925952776123,0.898308625568428,0.9814362783441801,"[-0.4547930005931177, 0.39911448153759527]",0.10633813838067224
1984.0,24.0,0.12903681293200342,0.2561270602064379,0.6608602615098602,0.03390937979144338,0.06730722467535406,"[0.0502180384500045, 1.2715024845697158]",0.2911117396029894,0.5498646895922576,0.893217494464356,"[-0.6630754298746481, 1.2452989090806268]",22.888035063602487
1985.0,24.0,0.028301786465290944,0.0645128481087097,0.7047488176817625,0.0037185290689025693,0.008476245883069455,"[0.22862549035818097, 1.1808721450053439]",-0.30724595851803826,0.38771580857531773,0.8128805960587455,"[-1.0044141737747805, 0.38992225673870395]",1.1735931130356771
1986.0,24.0,0.0006026622486514316,0.0032776603816410503,1.1790364515069718,4.229401634785138e-06,2.2998377568162793e-05,"[0.6766494516519583, 1.6814234513619852]",0.2680468226892776,0.23293217786371712,0.6742147546764915,"[-0.17238296864790237, 0.7084766140264576]",22.976136556534193
1987.0,24.0,8.067731740714814e-07,0.00012374671217748142,1.5750922877015323,4.916691960516002e-14,7.804272953200003e-12,"[1.1653393980786717, 1.984845177324393]",0.13498588386967825,0.3270990747408915,0.7687404811771833,"[-0.13498815364109412, 0.4049599213804506]",23.484391904028293
1988.0,24.0,0.0010792209569409283,0.004872329376708479,1.131705817809632,1.3508661284899149e-05,6.101473028409732e-05,"[0.6219962476450963, 1.6414153879741677]",-0.1340633976821186,0.5740114665326718,0.9016831079683816,"[-0.6014792357491323, 0.3333524403848951]",0.5120844582912893
1989.0,24.0,0.024709920799001233,0.05711955801895801,0.8380511875899086,0.0030274591302514647,0.006995053443279724,"[0.28405941528426437, 1.3920429598955528]",-0.42501123659916384,0.21924407948063362,0.657423017751728,"[-1.1030569462312643, 0.2530344730329366]",1.6234233401845437
1990.0,24.0,2.063022381705423e-06,0.00018314236420362477,1.5616574416965223,1.3307395041778202e-12,1.1881602715873394e-10,"[1.13001735448568, 1.9932975289073647]",-0.41953965921885494,0.0037376596161013157,0.06334967716752332,"[-0.7031349114616161, -0.13594440697609372]",1.6025234541064806
1991.0,24.0,0.0040312494540747845,0.012612028877604832,0.9649876208335089,0.00015446355042522783,0.0004836053551196864,"[0.46513289310444494, 1.4648423485625728]",0.002032899333779703,0.9940943696587435,0.999042938587908,"[-0.5362787787664932, 0.5403445774340526]",23.992234896533297
1992.0,24.0,0.046932346143429435,0.10136575840913484,0.7756249898626653,0.007929239022898786,0.01712578622656325,"[0.20306075934510048, 1.3481892203802301]",0.3374824039914328,0.38456025907395486,0.8109663835384961,"[-0.42322448999275164, 1.0981892979756172]",22.71091217275746
1993.0,24.0,7.695420436313374e-05,0.0009323511532191524,1.6583532334645643,4.239321801660951e-08,5.140682361566063e-07,"[1.06529333514339, 2.2514131317857387]",0.259362106583537,0.16921125991397568,0.588560904048611,"[-0.11040921554012506, 0.629133428707199]",23.009309728476072
1994.0,24.0,0.18607470264686407,0.3567383102892333,0.5106284614230718,0.056676661214410014,0.10868007903050818,"[-0.014513434919583013, 1.0357703577657267]",-0.312727875717278,0.5634714384585244,0.897274934025387,"[-1.3737333308544277, 0.7482775794198717]",1.1945324943127849
1995.0,24.0,0.01903216599682018,0.045347071710317315,0.7087911058845021,0.0020182436449231278,0.004806486413248697,"[0.2588511767123844, 1.1587310350566198]",0.3199738785316706,0.3381093170339967,0.7783363651795504,"[-0.3347210317257252, 0.9746687887890664]",22.777789813713575
1996.0,24.0,0.0024004961092370753,0.008597765434230213,0.9334620384363883,6.10620048951442e-05,0.00021870345592816693,"[0.4770631430236869, 1.3898609338490897]",0.027462622054681418,0.915630818935393,0.986565242976216,"[-0.4806202736283617, 0.5355455177377245]",23.89510051079359
1997.0,24.0,0.008546304181641512,0.022808391197335236,0.7887262200385523,0.0005588164665489375,0.0014913703404028221,"[0.34075735968261917, 1.2366950803944854]",-0.4432532762360655,0.13547510953711855,0.5289930087353322,"[-1.0251988603553805, 0.1386923078832496]",1.693102798911532
1998.0,24.0,0.0005381395605035334,0.0030506777806322757,1.38586698879111,3.3379351308651688e-06,1.8922534755471478e-05,"[0.8015826278473591, 1.9701513497348606]",0.08960299494498436,0.6883660452792568,0.9373175997811231,"[-0.3482685263118978, 0.5274745162018666]",23.657741770528023
1999.0,24.0,0.07530869916800938,0.15627453655947163,0.5951663060881287,0.01581238501738418,0.03281258563474617,"[0.11178485564034402, 1.0785477565359134]",-0.5845326729910632,0.1646663021088447,0.5820654015865844,"[-1.4090190026028475, 0.23995365662072132]",2.232750343325907
2000.0,24.0,0.0012714880416603964,0.005439526062971616,1.2098876928650166,1.8569772187254437e-05,7.94284426433869e-05,"[0.6560219624778929, 1.7637534232521404]",-0.1687135035367202,0.48606681688914777,0.8682865610738617,"[-0.6434231649590745, 0.3059961578856341]",0.6444381133013037
2001.0,24.0,0.008472384078695525,0.02266555398259905,0.9158745282930462,0.0005480505176511673,0.0014661597582963275,"[0.39647962597199093, 1.4352694306141014]",-0.1288214414783182,0.6679537781244496,0.9332201550489372,"[-0.7174230670524656, 0.4597801840958292]",0.4920616604999438
2002.0,24.0,0.006762105896978102,0.01896271984570416,1.0931159570830753,0.00037687214314387543,0.001056848410386639,"[0.4905833798899182, 1.6956485342762324]",-0.27963399519810483,0.3358438225809317,0.7765781593921399,"[-0.8491134343876385, 0.28984544399142886]",1.068123182215529
2003.0,24.0,0.38000181571341307,0.6396260153398639,0.3200080748940185,0.1549557326035382,0.2609121613125749,"[-0.12098852070474048, 0.7610046704927775]",0.06126397358812774,0.9331619652068935,0.9892015094756179,"[-1.3704648338914494, 1.4929927810677048]",23.765988858479954
2004.0,24.0,0.0010915293061802874,0.004910163320649067,1.0626058352224328,1.3797150911155829e-05,6.209338843904513e-05,"[0.5835080313980119, 1.5417036390468537]",0.029560183068876533,0.901586437903457,0.982851517978372,"[-0.4389668299232329, 0.49808719606098595]",23.887088417901285
2005.0,24.0,0.0005983773646543552,0.003266259574336787,1.340310095582931,4.155915415878631e-06,2.2716154083143835e-05,"[0.7696572858265919, 1.9109629053392703]",0.14580901678241265,0.5176744892311617,0.8812796782833903,"[-0.29593667153365255, 0.5875547050984778]",23.44305058156104
2006.0,24.0,0.009246260276761509,0.024435148722942675,1.1502888936454856,0.0006329806551877428,0.0016732240422620745,"[0.49050663958839835, 1.8100711477025728]",-0.10258072295701925,0.7356900436070097,0.9523631024368666,"[-0.6981808291026096, 0.4930193831885711]",0.39182949898919717
2007.0,24.0,0.001052744370991794,0.004796101917958059,0.9849465230456981,1.2881597236879925e-05,5.868609219535273e-05,"[0.5423943775115581, 1.427498668579838]",0.18867522858407515,0.4271362355889333,0.836119601169068,"[-0.27700398963872513, 0.6543544468068754]",23.279313713564427
2008.0,24.0,0.012929559848962782,0.03232389179291793,0.7884083177622145,0.0010911875775360483,0.0027286511066167748,"[0.31526022932960085, 1.2615564061948281]",-0.003154755634541928,0.9920897660977658,0.999042938587908,"[-0.6268284652167344, 0.6205189539476506]",0.012050278883624562
2009.0,24.0,0.00037015596519113513,0.0023765364905428484,1.1808109686054715,1.520468047390205e-06,9.771645548780239e-06,"[0.6995103193855363, 1.6621116178254067]",-0.006467314469653651,0.9761273422583443,0.9955285224381598,"[-0.4300581419209426, 0.4171235129816353]",0.024703321593002835
2010.0,24.0,0.16975180047566332,0.32835721972652254,0.5401975270540147,0.04990004909378914,0.09651847020075269,"[0.00023576970586147716, 1.080159284402168]",-0.4907183529926007,0.34626670573705776,0.7858981065298632,"[-1.5118839753854252, 0.5304472694002238]",1.8744060370724633
2011.0,24.0,0.0008772957266320609,0.0042096723926682384,1.1736657461239823,8.98198893748398e-06,4.31385249091303e-05,"[0.6556093922940368, 1.6917220999539277]",0.09146186934326916,0.6957665937799635,0.9388952763058601,"[-0.36696003828971835, 0.5498837769762567]",23.65064139335025
2012.0,24.0,6.463384953638062e-06,0.0002715707963713471,1.5496213992726042,5.004179403205885e-11,2.1025963879016322e-09,"[1.0873950586267205, 2.0118477399184878]",-0.27212334113905357,0.08359947301399208,0.4207321238751489,"[-0.5803885403168145, 0.03614185803870734]",1.0394345969510999
2013.0,24.0,0.0022184795146062294,0.008165180399728486,0.8791708749681673,5.285421292002006e-05,0.00019453151608398993,"[0.45292811202427347, 1.305413637912061]",0.07156837533985616,0.7806189581412007,0.9596987437192043,"[-0.43207663067896196, 0.5752133813586743]",23.72662894309454
2014.0,24.0,0.0018270918746363996,0.0070746584330099276,0.89401858869541,3.703733002465737e-05,0.00014333332052885977,"[0.46925522465960023, 1.3187819527312197]",0.30932681097246917,0.2162105845754997,0.6545885091598538,"[-0.1809177016264848, 0.7995713235714231]",22.8184586160691
2015.0,24.0,0.04559486672191811,0.09875431388762858,0.6113116179119631,0.00758688572854241,0.01643250103647912,"[0.16255366507149577, 1.0600695707524304]",-0.18940575643453084,0.6255929003289082,0.9195245607783346,"[-0.9502145897681785, 0.5714030768991168]",0.7234766972787635
2016.0,24.0,0.0007044922124813619,0.003663359951740638,1.0974672435510704,5.791715764051123e-06,3.0118126698133764e-05,"[0.6230372281047727, 1.571897258997368]",0.12933092991640738,0.5721038062779912,0.900878138176577,"[-0.319348329907391, 0.5780101897402057]",23.505992237019175
2017.0,24.0,0.007275538320256968,0.020020743864218406,0.9226197898683203,0.00042668161085633485,0.0011738146103337961,"[0.4093360966539339, 1.4359034830827067]",-0.34511642937368237,0.23787799653058483,0.6798456602760355,"[-0.9182008661773655, 0.22796800743000079]",1.3182476562491168
2018.0,24.0,0.0030212241302184587,0.010145144829477698,1.0387959754467462,9.273383785544263e-05,0.0003113963662036354,"[0.5179269066039687, 1.5596650442895237]",0.17441509748127526,0.5108267432087584,0.878165481881163,"[-0.3454645055942154, 0.6942947005567659]",23.333783402064007
2019.0,24.0,0.005999653854391092,0.01724360908182843,1.0162818197511756,0.0003082418085036327,0.0008857523232863009,"[0.4642516229830632, 1.5683120165192879]",-0.3506897299144045,0.21917142392567068,0.657423017751728,"[-0.9100777229328469, 0.20869826310403794]",1.3395360961785407
2020.0,24.0,0.0022531789865476567,0.008241327675741247,1.135905916823769,5.437604052783157e-05,0.00019896099717464898,"[0.5842833800290457, 1.6875284536184925]",-0.04823008333351542,0.851393442222061,0.9708072590103425,"[-0.5528144059260337, 0.45635423925900287]",0.1842253480383124
2021.0,24.0,0.0002934654879586586,0.002049339999711303,1.3474992833401187,9.228267578398866e-07,6.448824303563149e-06,"[0.8093243317878636, 1.8856742348923738]",0.1076684243478141,0.6108358563357587,0.9152719016477362,"[-0.3070186298054492, 0.5223554785010773]",23.58873691320311
2022.0,24.0,0.0070453503136167165,0.01954327410157203,1.3255344644681146,0.0004053510344899483,0.0011237899486829727,"[0.5909255163457391, 2.0601434125904903]",-0.4791820533424973,0.09739830508247654,0.45259435447247465,"[-1.045772170442928, 0.08740806375793331]",1.8303406183291853
2023.0,24.0,0.049996379880716556,0.10733443512390844,0.5588274478344377,0.008690111895232687,0.018656315790538187,"[0.14141993655638824, 0.9762349591124873]",0.19489033302060843,0.6216501547904568,0.9177195404295999,"[-0.5791075793192967, 0.9688882453605135]",23.25557376333467
2024.0,24.0,0.0035080860074767723,0.01133835167251704,1.0291956309293473,0.00012089534490501545,0.00039074125696514367,"[0.5044747274394635, 1.5539165344192312]",-0.04520459033672708,0.8671762185853076,0.9734244302898619,"[-0.5749582786723961, 0.48454909799894197]",0.17266881606082177
2025.0,24.0,0.00693590120572257,0.01929855649894983,0.864234983615811,0.0003923018881348393,0.0010918505096989683,"[0.38644384615257343, 1.3420261210790485]",0.0764922934113903,0.7940449919441431,0.9628316126547152,"[-0.4977864643038564, 0.650771051126637]",23.7078209614834
2026.0,24.0,0.000741549881503098,0.0037718712182253206,1.0527181411028304,6.42455520925006e-06,3.267830726983754e-05,"[0.5954199487752914, 1.5100163334303693]",0.14856325196178144,0.5182209019253892,0.8815502965687397,"[-0.30211468062826835, 0.5992411845518313]",23.432530178123418
2027.0,24.0,0.0024079375072937285,0.008618244478502965,1.115676158979249,6.141730857945685e-05,0.00021989727382548105,"[0.5700004939122846, 1.6613518240462133]",0.060596941942690385,0.8151951269652564,0.966095377463714,"[-0.44754566373482485, 0.5687395476202056]",23.768536731685636
2028.0,24.0,8.517803770162743e-05,0.0009779338427282139,1.2701723399567606,5.401213735509467e-08,6.208291650010882e-07,"[0.8123406160256791, 1.728004063887842]",0.11635867229806962,0.5422219443189981,0.890788466764078,"[-0.25784167404188335, 0.4905590186380226]",23.555542611171653
2029.0,24.0,0.0007144342673535622,0.0036826508626472275,1.1129909583699733,6.000739642602497e-06,3.089026429816072e-05,"[0.6310539001518463, 1.5949280165881004]",0.4009037448780539,0.07727297506774655,0.40478983322809736,"[-0.04384764488886089, 0.8456551346449688]",22.468660495166535
2030.0,24.0,0.007723100449301785,0.021038137971402304,0.9930644761122408,0.00046958286726692,0.0012791688021436122,"[0.4365663135840854, 1.5495626386403962]",-0.002732996380596653,0.9926612318163391,0.999042938587908,"[-0.5851015497081079, 0.5796355569469146]",0.010439277202181189
2031.0,24.0,0.0005307915787623641,0.0030175757746581243,1.2392029375600482,3.2541267776394416e-06,1.8499867979758055e-05,"[0.717340989337706, 1.7610648857823903]",-0.23893648041137983,0.2825180133303825,0.7326711963962202,"[-0.6747005113262304, 0.19682755050347078]",0.9126701266188222
2032.0,24.0,0.00015210602582161297,0.0013837656190825037,1.1698876202504318,2.1242938403901258e-07,1.9364574661714912e-06,"[0.7279282492956671, 1.6118469912051965]",0.18067453303664038,0.3658775987906737,0.7997324563730572,"[-0.21094998533020842, 0.5722990514034891]",23.30987411943357
2033.0,24.0,0.010833874093084289,0.02778919358566022,0.9815957619039614,0.0008252805964628149,0.002116104093494397,"[0.4062989814455271, 1.5568925423623956]",0.5077482707587251,0.09613033010302642,0.449524991159006,"[-0.09034180977943451, 1.1058383512968848]",22.060544468697284
2034.0,24.0,9.483529673971155e-05,0.0010357381128266857,0.8689424007443578,7.055640666112936e-08,7.711082695205395e-07,"[0.5529544001935769, 1.1849304012951387]",0.36411297870445836,0.05652987462977847,0.3451152297300273,"[-0.010126749965457649, 0.7383527073743743]",22.609190870286515
2035.0,24.0,0.0009182213363379388,0.004360488354166005,0.9373144696931692,9.837359675417614e-06,4.6711109569884206e-05,"[0.5217478796632047, 1.3528810597231338]",-0.14019810734125748,0.5503219576773924,0.893538270413586,"[-0.6002575043559641, 0.31986128967344923]",0.5355173230917425
2036.0,24.0,0.001657937271167619,0.0066105951800941734,1.174587580318657,3.0972813854799824e-05,0.0001234960680015942,"[0.6220089547720822, 1.7271662058652317]",-0.43439197979021404,0.07750379543083132,0.40535457861313445,"[-0.9166698785080182, 0.04788591892759009]",1.6592551397540944
2037.0,24.0,0.007096488899031407,0.01965242010255167,0.8835065090973785,0.0004076123541929023,0.0011288074056851351,"[0.3936651368919611, 1.373347881302796]",0.038737068315471745,0.8951540030918566,0.9799823477491091,"[-0.5373755782380455, 0.614849714868989]",23.852035298320903
2038.0,24.0,0.000662084346776909,0.0034975401308869995,1.0847406253140195,5.113492690467968e-06,2.7012639674949645e-05,"[0.6185088769749154, 1.5509723736531236]",0.19373844395595174,0.3939129917256463,0.8163177410562709,"[-0.251659078156199, 0.6391359660681024]",23.259973655459476
2039.0,24.0,0.04354970785651516,0.09479692611344179,0.6423294686779997,0.007087364627406227,0.015427437151515516,"[0.17479226745909843, 1.1098666698969009]",-0.15655852862939046,0.6844389384533544,0.9369519542512278,"[-0.9115758146461568, 0.5984587573873759]",0.5980095291494761
2040.0,24.0,3.341214878653188e-05,0.0005800720275439563,1.5084005036509924,5.107571483405497e-09,8.867311603134543e-08,"[1.0024801814390714, 2.0143208258629137]",0.06296470221074202,0.7232184492654994,0.9484629638926688,"[-0.28548882857644386, 0.4114182329979279]",23.75949255366843
2041.0,24.0,2.3881057248083863e-06,0.0001910484579846709,1.2941567992387921,2.1472791786881322e-12,1.7178233429505056e-10,"[0.9330669319967588, 1.6552466664808254]",0.3071251806688311,0.03655989195645208,0.2655948601213674,"[0.019197640959564777, 0.5950527203780974]",22.82686822436554
2042.0,24.0,0.0009689251034973955,0.004523459866934619,1.0142837024739586,1.09483733213052e-05,5.111285397434734e-05,"[0.5622221749959074, 1.4663452299520099]",0.19356181133319428,0.41141751654495606,0.8269698825024242,"[-0.2683001449080559, 0.6554237675744445]",23.26064834238003
2043.0,24.0,0.031151011488168817,0.07017574113126564,0.771825673675435,0.004298456985947152,0.0096812094278089,"[0.2420371984249573, 1.3016141489259128]",0.2698559190808094,0.45595439029201,0.8520462075951002,"[-0.43958758276222554, 0.9792994209238444]",22.969226317336386
2044.0,24.0,0.0002277236981596768,0.0017503743132949792,1.31736725397352,5.295671873131083e-07,4.076729694481204e-06,"[0.8025419247778274, 1.8321925831692125]",0.21162530411915537,0.30547137843219274,0.751652013858742,"[-0.1931266667178358, 0.6163772749561465]",23.191650882386657
2045.0,24.0,0.0030298812340904067,0.010170799711616002,0.8483850371506683,9.328253324589098e-05,0.00031313371348066794,"[0.42283588000822425, 1.2739341942931124]",0.21963928732917548,0.40718760559380374,0.8246002543414414,"[-0.2997352023645512, 0.7390137770229022]",23.161039721385134
2046.0,24.0,0.0013769926663712215,0.005766300947953188,1.0844150169260676,2.161124367982381e-05,9.049934539289702e-05,"[0.5840300975690219, 1.584799936283113]",-0.07625995629980853,0.7551695205845037,0.9553874318273853,"[-0.555580868149157, 0.40306095554953997]",0.29129157612207485
2047.0,24.0,0.0003548997226493137,0.0023135575140111712,0.9965574482384768,1.4035564726379984e-06,9.148007216786521e-06,"[0.5917036547520784, 1.4014112417248752]",0.42004822495168437,0.04825062051668775,0.3151558920251827,"[0.003230500854000007, 0.8368659490493687]",22.39553396788711
2048.0,24.0,0.07580489731595434,0.15720634034830847,0.6550395951165795,0.015936292983846835,0.033049135180105424,"[0.12240214741688049, 1.1876770428162784]",0.3998206655553407,0.34813149825720824,0.7879208285975445,"[-0.4354144880483293, 1.2350558191590106]",22.472797553437825
2049.0,24.0,0.00018482670954533923,0.0015476517087837582,1.335869741574747,3.3305605012098877e-07,2.78707991733045e-06,"[0.822859430113864, 1.84888005303563]",0.3336415630356271,0.0985101910238191,0.4560656991843477,"[-0.062168452168721744, 0.729451578239976]",22.72558310452737
2050.0,24.0,2.3530214437531746e-06,0.00019031624718310683,1.4883525661516293,2.020738079868363e-12,1.642876487697856e-10,"[1.0735795445161116, 1.903125587787147]",0.06464625999404205,0.6616490582423664,0.9314630095972414,"[-0.224872649056455, 0.3541651690445391]",23.753069476069065
2051.0,24.0,0.002942969347186985,0.009949186434033079,0.909592489079387,8.838583774701271e-05,0.000298802696913498,"[0.4548561504131883, 1.3643288277455856]",-0.10415558441876271,0.6941355948214055,0.9384107475438823,"[-0.6232699449711705, 0.41495877613364507]",0.39784502666091076
2052.0,24.0,0.001008944665575542,0.004640588180696068,1.2812041189690182,1.184936571858754e-05,5.4505972735834794e-05,"[0.7079350848543904, 1.854473153083646]",0.1720797904322362,0.46725426510255197,0.8568927430895292,"[-0.29187018425518757, 0.63602976511966]",23.342703617915813
2053.0,24.0,2.796504604122085e-05,0.0005256587601733243,1.0436291815025798,3.189524841526327e-09,5.995347446478059e-08,"[0.698199157159459, 1.3890592058457005]",-0.011765879442691585,0.946547725506907,0.9904370601691201,"[-0.35573631425601093, 0.33220455537062776]",0.04494234895506433
2054.0,24.0,0.0014174492106925791,0.005885304403110458,1.023320207479758,2.2888742548001922e-05,9.509240776070596e-05,"[0.5496892797395353, 1.4969511352199807]",0.21632874482373232,0.37635455662825257,0.8059627565530977,"[-0.2629621114739424, 0.6956196011214071]",23.173685062282505
2055.0,24.0,7.629014093152443e-05,0.0009320752940391425,1.1110407454805356,4.135019870668943e-08,5.056016684200085e-07,"[0.7140297382514535, 1.5080517527096176]",0.14518580962474825,0.44277411920293397,0.8470530868214143,"[-0.22556677825598348, 0.51593839750548]",23.44543105755414
2056.0,24.0,7.716019768873806e-06,0.000285444934164819,1.510300391168331,8.460637066035999e-11,3.1547841694409664e-09,"[1.0543461450599194, 1.9662546372767427]",-0.10902495555078939,0.4954217154310152,0.871424115982267,"[-0.42247888065421735, 0.20442896955263856]",0.4164446543107753
2057.0,24.0,0.007957532394653462,0.0215476100586338,0.7361897839084596,0.0004935930369338992,0.0013369258855197702,"[0.3220627118407086, 1.1503168559762105]",-0.034827968204051096,0.907035967209009,0.9841760235891468,"[-0.619369195511387, 0.5497132591032848]",0.13303303914053022
2058.0,24.0,0.007242795633699503,0.019958103151555533,1.0554281320855223,0.00042189934536399564,0.0011628978648401203,"[0.4687560716581535, 1.642100192512891]",-0.08451756364394925,0.7741765933166456,0.9594455240012958,"[-0.6618689357597907, 0.4928338084718922]",0.32283331276844124
2059.0,24.0,0.007195439697708874,0.019860446308884554,1.1609020622430062,0.0004172543518456006,0.00115199986705025,"[0.5161370266281987, 1.8056670978578135]",0.07242960272543719,0.8056442917192517,0.964880279922775,"[-0.5045262286651274, 0.6493854341160018]",23.723339296801548
2060.0,24.0,0.0021027717249971823,0.00785789134901787,1.1547671182539434,4.8033814959088805e-05,0.00017949856113261885,"[0.5979883679278112, 1.7115458685800755]",0.2678635047082807,0.29214501066441123,0.7412149261786141,"[-0.23051224331598208, 0.7662392527325435]",22.97683677964219
2061.0,24.0,0.0031406913069672152,0.01043765804907682,1.0258648822228862,9.970570565193529e-05,0.00033124819153466874,"[0.5091597617391928, 1.5425700027065796]",0.32765229474153834,0.21620212521067428,0.6545885091598538,"[-0.19162626567982965, 0.8469308551629063]",22.748460424235557
2062.0,24.0,0.0007127270833338318,0.0036824185886469214,1.2429772804555783,5.957373078817827e-06,3.073979916830664e-05,"[0.7049370065240806, 1.781017554387076]",0.32350295524226436,0.15546062219129106,0.5680561322222348,"[-0.12285520634198038, 0.769861116826509]",22.76430973364058
2063.0,24.0,0.002748844102182013,0.00945920200337926,1.059123518025225,7.81518595667964e-05,0.0002689327583165739,"[0.5335931324441373, 1.5846539036063128]",-0.10069810895651177,0.7016899230923686,0.9403385576344795,"[-0.6159564104044601, 0.4145601924914366]",0.38463844321044255
2064.0,24.0,1.5215268791555423e-06,0.00016397729653569806,1.139517297048613,4.641493440839753e-13,5.021999515928027e-11,"[0.8308388567980964, 1.4481957372991294]",-0.10373264473935961,0.4697957578064277,0.8584731734461428,"[-0.3850124440763567, 0.17754715459763748]",0.3962295160863498
2065.0,24.0,6.254331777016684e-06,0.0002661417777453908,1.3105427401655378,4.5030228899651206e-11,1.9161799531766472e-09,"[0.9205609798634977, 1.700524500467578]",0.1528712588460328,0.3317425966961831,0.7731125534751413,"[-0.15582348615114816, 0.4615660038432138]",23.416074803951357
2066.0,24.0,0.0019818243298393196,0.007549806970816455,0.9456282536366052,4.302274029480897e-05,0.00016389615350403415,"[0.4925432073592517, 1.3987132999139587]",0.24434166528537737,0.33398293333971707,0.7747226475057227,"[-0.2513521103907311, 0.7400354409614858]",23.066683587996643
2067.0,24.0,0.002703850059088525,0.009349412375824775,0.936451816800606,7.585451883076781e-05,0.0002624723834974665,"[0.4726282435329137, 1.4002753900682983]",0.10259629521890368,0.6958140888675728,0.9388952763058601,"[-0.41171769426852234, 0.6169102847063297]",23.608111019351906
2068.0,24.0,0.00012456711528685077,0.0012229373743654962,1.5131074499455992,1.3328255896697964e-07,1.3092589289487195e-06,"[0.9508241792500984, 2.0753907206411]",-0.0011437290749825024,0.9953686068557185,0.9991181788695819,"[-0.3873303524963958, 0.3850428943464308]",0.00436872326019327
2069.0,24.0,0.00022196271506730387,0.0017257776509662641,1.263906198700156,4.990159627376431e-07,3.880372960634861e-06,"[0.77109477926814, 1.7567176181321722]",-0.1062648730889979,0.6069430235892461,0.9135497973457457,"[-0.5111216635402909, 0.2985919173622951]",0.4059019158995266
2070.0,24.0,0.061633102935847894,0.12964472641112304,0.7568379242758378,0.011796491166905957,0.02481382239567934,"[0.16777026351722668, 1.345905585034449]",-0.1975208062271152,0.6312008306141522,0.9220225036291709,"[-1.0039865144448403, 0.6089449019906098]",0.7544739041890034
2071.0,24.0,0.004526030165463412,0.013786263068728032,0.9070008849808471,0.00018909091227878268,0.0005763209761620928,"[0.43081231243639, 1.383189457525304]",0.05953177712973279,0.8306168020226994,0.9688562996181591,"[-0.4859304802122706, 0.6049940344717362]",23.772605361570193
2072.0,24.0,0.005689817768654493,0.01652095751641839,1.2017505361071692,0.00028049392293392973,0.0008146788351261392,"[0.553361894718662, 1.8501391774956764]",-0.08523263358532329,0.7656260409390828,0.9575323787835143,"[-0.645622785438345, 0.47515751826769836]",0.3255646787482679
2073.0,24.0,0.00010671652876718096,0.0011126134539436927,1.2498177385552696,9.446605976896022e-08,9.830027528741073e-07,"[0.7908388259495005, 1.7087966511610386]",0.6502767725100478,0.0005923101289787697,0.018505665651066434,"[0.27924978711227166, 1.021303757907824]",21.516125694652366
2074.0,24.0,2.958963497272971e-05,0.0005419347064602511,1.2879586872664035,3.7066027980488957e-09,6.788649813276365e-08,"[0.8598687769554335, 1.7160485975773736]",0.04240321881405684,0.8098366020843637,0.9652974790766282,"[-0.30296694534910557, 0.38777338297721925]",23.838031634945654
2075.0,24.0,0.02798465297542259,0.06381904897473795,0.7747348470114098,0.0036568690171604776,0.008339496048256505,"[0.25227231467338507, 1.2971973793494347]",0.33884522161296804,0.33921336748839115,0.7794904371607723,"[-0.35604863060148584, 1.033739073827422]",22.705706592893456
2076.0,24.0,0.000971464736134432,0.004529092429916525,0.9884154176308824,1.1004580038406132e-05,5.1327332268685315e-05,"[0.5477718507364138, 1.429058984525351]",-0.1921326245913093,0.4150168810045063,0.8287078294818416,"[-0.6541305204640866, 0.2698652712814679]",0.7338925663902318
2077.0,24.0,0.0021531362042247998,0.007989373670592948,0.9693567193880461,5.009321953435287e-05,0.0001859436508327872,"[0.5008451337205433, 1.437868305055549]",-0.1839966053492974,0.4716304790917991,0.8589154600105611,"[-0.68498625137201, 0.31699304067341516]",0.7028152620832645
2078.0,24.0,1.1281664845728671e-05,0.00033697493027143397,1.18171273149269,2.58216258784507e-10,7.777598156159849e-09,"[0.8153542858387846, 1.5480711771465956]",-0.16301229582430476,0.32038217320228934,0.763905992375511,"[-0.48454491539812333, 0.1585203237495138]",0.6226611039647144
2079.0,24.0,0.011162905027043936,0.02850588617733385,0.9403559909015138,0.000864605636243346,0.0022061894264948866,"[0.38708908902440253, 1.493622892778625]",0.3905007028388905,0.20558844888892802,0.6400636640377585,"[-0.21415536572590466, 0.9951567714036856]",22.50839718869595
2080.0,24.0,0.022469582683270574,0.052486761698833394,0.715080543162039,0.002608220699331282,0.006092550103553568,"[0.24953184859139493, 1.180629237732683]",-0.2168397082224569,0.5284356809039726,0.8840013597459259,"[-0.8910162209503684, 0.45733680450545455]",0.8282666741329997
2081.0,24.0,6.548052224265524e-05,0.0008526109667012402,1.1604689290762276,2.844066831567392e-08,3.7032120202700417e-07,"[0.7507103829623443, 1.5702274751901109]",0.1886124409892762,0.3124209527115728,0.757560761484743,"[-0.177344791810364, 0.5545696737889164]",23.27955354451028
2082.0,24.0,0.0005754448999857188,0.0031933679244490498,1.2391689741424654,3.830478550178098e-06,2.126862048960632e-05,"[0.7135132029389347, 1.764824745345996]",-0.009760438760415546,0.9653868112845579,0.9940144267756981,"[-0.45059902026847026, 0.43107814274763917]",0.03728212981118078
2083.0,24.0,0.06425022033110049,0.13475297888234164,0.7965553980897327,0.012569909330184623,0.026352011174391246,"[0.17099838528367906, 1.4221124108957865]",-0.5278903094658709,0.19609961094507533,0.6285458267749615,"[-1.3282390145263099, 0.2724583955945681]",2.0163924518832888
2084.0,24.0,0.09267628697614878,0.18944457681142432,0.6789637855564263,0.02125084940501725,0.04344000287207124,"[0.10125776292383748, 1.2566698081890153]",0.44264542536599816,0.3196870797891854,0.7628347551089013,"[-0.4291946952917737, 1.31448554602377]",22.309219020383683
2085.0,24.0,9.572512953909031e-07,0.00013123505145810953,1.5137074780192314,9.109779164865705e-14,1.265247106231348e-11,"[1.1156490426884624, 1.9117659133500005]",0.10124605735423664,0.4674137775734365,0.8568927430895292,"[-0.1718245624392965, 0.3743166771477698]",23.613268548084186
2086.0,24.0,5.224946981981558e-06,0.00024302078985960734,1.1651306166692605,2.5886423493410622e-11,1.204019697367936e-09,"[0.8226700572561707, 1.5075911760823504]",-0.004672570194519388,0.9760816161458422,0.9955285224381598,"[-0.31012746890933407, 0.3007823285202953]",0.017847903441638866
2087.0,24.0,0.0006407894285039428,0.0034193672812376885,1.2658974733904746,4.7834484501378055e-06,2.552533858131166e-05,"[0.7234670715057868, 1.8083278752751624]",0.18345768483216585,0.4182028029359407,0.8300968696624468,"[-0.26070698065280873, 0.6276223503171404]",23.29924326265838
2088.0,24.0,0.029097841847438414,0.06608639983519966,0.7194573343696464,0.003876213431701508,0.008801574549730944,"[0.2312027105868415, 1.2077119581524514]",-0.2580390093151985,0.471090009340255,0.8584731734461428,"[-0.9597768836995544, 0.44369886506915734]",0.9856364122331873
2089.0,24.0,7.873846774134729e-05,0.0009441063278339003,1.2358379759526776,4.5021486416816595e-08,5.398259762208224e-07,"[0.793017284249002, 1.6786586676563533]",0.3595423251271601,0.056061381527290795,0.34330300996503854,"[-0.00929753089208768, 0.728382181146408]",22.62664948092622
2090.0,24.0,2.8027857769382158e-06,0.0001973797818783904,1.390728191987365,3.6311080939488588e-12,2.593648638534899e-10,"[0.9985775819844542, 1.782878801990276]",0.303860354985539,0.04071539548584224,0.28512181712774676,"[0.01283684683791747, 0.5948838631331606]",22.839338939865442
2091.0,24.0,0.0005402221210685908,0.003055554983419631,1.134450755207776,3.3640253774703916e-06,1.9037102132063685e-05,"[0.6559986641029196, 1.6129028463126325]",0.07092139752431681,0.7510389168184356,0.9552799279805988,"[-0.3672022436421907, 0.5090450386908243]",23.72910021631247
2092.0,24.0,5.689924415771124e-06,0.0002528855295898277,1.1974497847664585,3.369230711946342e-11,1.497435871976152e-09,"[0.8434300946029922, 1.5514694749299247]",0.10410950923266515,0.506250092296257,0.8752594956712603,"[-0.20287797801899404, 0.41109699648432435]",23.602330967586
2093.0,24.0,4.153293084088044e-06,0.00022695590623431931,1.479354812603179,1.2669352513744873e-11,6.923143450133811e-10,"[1.051220487809518, 1.9074891373968401]",-0.09111582689011044,0.5524088450042663,0.8939184893512985,"[-0.39168372214262187, 0.209452068362401]",0.34803682184319634
2094.0,24.0,4.647265836362694e-05,0.0007020039027738208,1.3887808874349041,1.1983082771644722e-08,1.812871826270003e-07,"[0.9112411646017946, 1.8663206102680137]",-0.004620201294079251,0.9797830500840331,0.9967274161587315,"[-0.36196456421364775, 0.35272416162548925]",0.01764786897677483
2095.0,24.0,8.471902345295623e-06,0.0003047446886796987,1.091659974620977,1.116849285873475e-10,4.017443474365018e-09,"[0.7599483592326641, 1.4233715900092898]",-0.11373330170496665,0.479807171720642,0.8639493090300455,"[-0.42920054938268665, 0.20173394597275335]",0.4344292118521759
2096.0,24.0,0.004598775889472334,0.013944135504767538,0.9256184617304287,0.00019535550992249927,0.0005919863937045432,"[0.4385837802783437, 1.4126531431825138]",-0.37371192495749384,0.1759511718288359,0.6017481936690695,"[-0.914942453455791, 0.16751860354080328]",1.4274744035849423
2097.0,24.0,0.012434695553534277,0.03127438519500572,0.7695274296405403,0.0010250074249842367,0.0025779864813486836,"[0.3101964309148717, 1.228858428366209]",0.07186083929267628,0.8203125646462244,0.966095377463714,"[-0.5482096436569635, 0.691931322242316]",23.72551181308412
2098.0,24.0,0.0014226841453812405,0.00589858380466793,1.2335393237172048,2.3029153193030685e-05,9.547741788155342e-05,"[0.6624257279697543, 1.8046529194646552]",-0.16927847186103584,0.48952563965554396,0.8697731756428894,"[-0.6493786514961878, 0.3108217077741161]",0.6465961333374279
2099.0,24.0,0.0004966175315356451,0.002887571068722717,1.143669792430356,2.8287098073307543e-06,1.6465948997236245e-05,"[0.6650004253625852, 1.622339159498127]",0.1534418637574353,0.4885164514210253,0.8697106131761176,"[-0.2807336822993333, 0.587617409814204]",23.413895253738506
2100.0,24.0,0.001088840863095049,0.004904688572500221,1.1507209645249872,1.3814065097067766e-05,6.214154339661613e-05,"[0.6318625459446099, 1.6695793831053645]",-0.3497705573790624,0.13986920627976926,0.5354870071966664,"[-0.8141394444664718, 0.11459832970834705]",1.3360251157172445
2101.0,24.0,0.002079901922482621,0.007798657377137687,1.0667311804495538,4.7420393140061755e-05,0.0001776710121396094,"[0.5527784329303851, 1.5806839279687226]",-0.5724278695670053,0.02191054711508344,0.1945874521765847,"[-1.0619477671904083, -0.08290797194360233]",2.186513400123639
2102.0,24.0,0.06746944771338444,0.14100198059223498,0.5959609773331137,0.01343891530994674,0.028085507439805098,"[0.12342889408883334, 1.0684930605773941]",-0.03135485668528393,0.9405436870371028,0.9892015094756179,"[-0.855288949629225, 0.7925792362586571]",0.11976673035362155
2103.0,24.0,0.01575475233880329,0.038323406321584264,0.7420656112663084,0.0014959736086346616,0.0036389530737890086,"[0.28404683997660807, 1.2000843825560088]",-0.12142362636671411,0.710309451331163,0.9448117203127999,"[-0.7621343801911019, 0.5192871274576737]",0.4638040882657427
2104.0,24.0,0.00023341774844518097,0.0017831760767393506,1.159272456178188,5.650966317237525e-07,4.30032155614585e-06,"[0.7050984484540452, 1.6134464639023307]",-0.49247780638616856,0.015869182658101867,0.1603369630426649,"[-0.8926745883343414, -0.09228102443799568]",1.8811266539858906
2105.0,24.0,0.0011948806178844968,0.0052315263480056775,1.3198719849291292,1.647080399674754e-05,7.212403571269451e-05,"[0.7193896525807205, 1.9203543172775377]",-0.16533335148818562,0.49220464009631104,0.8697731756428894,"[-0.6371509443505101, 0.3064842413741389]",0.6315268835350683
2106.0,24.0,0.00047736984128862227,0.002821334759389021,1.0995128249277537,2.6149967503089818e-06,1.5445934733071363e-05,"[0.6408987643848301, 1.5581268854706773]",0.2985625867943149,0.174147450185822,0.5989183740355317,"[-0.13202835350311337, 0.7291535270917432]",22.85957492374516
2107.0,24.0,0.00021013516717778842,0.0016743838022134536,1.2725370387877213,4.412129876056615e-07,3.5156413355032786e-06,"[0.7786758136438852, 1.7663982639315574]",-0.02180710922619422,0.9155998067368135,0.986565242976216,"[-0.4251091944631085, 0.3814949760107201]",0.08329702146944849
2108.0,24.0,4.221199496859065e-05,0.0006671264031865371,1.4088835623620182,9.387768020990883e-09,1.4830597189559057e-07,"[0.9279304354387958, 1.8898366892852405]",0.14467144663297393,0.42339406896739684,0.8330768809375543,"[-0.20952499835879446, 0.4988678916247423]",23.447395779458564
2109.0,24.0,0.004012788054027772,0.012575330786674308,0.892446451935938,0.00015328202354548926,0.0004803573285662465,"[0.43040058354376376, 1.354492320328112]",0.09144870480005984,0.7388762433715161,0.9523631024368666,"[-0.4462460415863406, 0.6291434511864603]",23.650691678201255
2110.0,24.0,0.06406434438857414,0.13439147305897167,0.5546668060950782,0.01246910796327226,0.026162626863768905,"[0.11956933808007886, 0.9897642741100776]",0.06756374037830692,0.870913706328424,0.9747752097735655,"[-0.7473539886295042, 0.882481469386118]",23.741925521880358
2111.0,24.0,0.1231238022651991,0.24521769023142623,0.48644000496060563,0.03170586256554732,0.06314650978997674,"[0.04260351149357561, 0.9302764984276357]",-0.08654608061815239,0.8579419634564049,0.9715794382448307,"[-1.0342128099832228, 0.8611206487469181]",0.3305816768546071
2112.0,24.0,0.004151236317870032,0.012896043236626381,1.084375879133913,0.00016260882085569184,0.000505310195325332,"[0.5207720858077386, 1.6479796724600875]",0.015168537946258276,0.9561050671385102,0.9930463929564917,"[-0.5249613871009103, 0.5552984629934269]",23.942060452953026
2113.0,24.0,0.014494502825089685,0.03567438549123723,0.8442083233951956,0.001311730073317583,0.0032284766756524317,"[0.329296581578042, 1.3591200652123492]",0.2119569056238264,0.5107763913606507,0.878165481881163,"[-0.41974841801393115, 0.843662229261584]",23.190384257940135
2114.0,24.0,0.04135277953252133,0.09044789923998542,0.6086526842556416,0.006567182945269425,0.014363917203126476,"[0.16975494546664271, 1.0475504230446404]",0.22083549417900983,0.5621051983896161,0.8966709607100429,"[-0.5257862304648756, 0.9674572188228953]",23.15647054779046
2115.0,24.0,0.0016194872843027781,0.006485732015629868,1.0442022118235468,2.9406018376342378e-05,0.0001177653919757404,"[0.5543530416468327, 1.5340513820002608]",0.06221698408456344,0.8024284813141891,0.9644549957475566,"[-0.42515471252585935, 0.5495886806949862]",23.762348626528127
2116.0,24.0,0.00370906784685369,0.011842489932483047,0.8039095234981468,0.00013371776385957544,0.00042694049763593696,"[0.39138690550439803, 1.2164321414918957]",-0.23416103037930736,0.3874814215989114,0.8128412452253229,"[-0.7652307634702213, 0.29690870271160663]",0.8944292511445977
2117.0,24.0,0.009293566948497468,0.024531707176014595,0.9253353895720066,0.0006391694029261659,0.0016869078989869778,"[0.3941700010454908, 1.4565007780985222]",-0.22244775360256508,0.46318998094635366,0.8552647739381687,"[-0.81675946352622, 0.3718639563210898]",0.8496878295728688
2118.0,24.0,0.0006919545068004737,0.003613339461099079,1.3276925229680683,5.65061976890396e-06,2.949175244730668e-05,"[0.7543952108291654, 1.9009898351069712]",0.551328257177806,0.013914994471403645,0.1466279712476675,"[0.1119684915268721, 0.9906880228287398]",21.8940811824939
2119.0,24.0,0.09493549080097925,0.19346951457301662,0.7332872314562102,0.02193324712650425,0.04472521844719464,"[0.10609856340254353, 1.360475899509877]",0.01533973247217979,0.9730167011434445,0.9946639642340541,"[-0.8735094676361371, 0.9041889325804967]",23.94140653803229
2120.0,24.0,2.0322023242247268e-05,0.00044070996318830403,1.668977023839463,1.3585406548972915e-09,2.9792558221431832e-08,"[1.1292139725715429, 2.208740075107383]",0.30245519571725676,0.07575369707329857,0.4023032239686594,"[-0.03135300826673054, 0.6362633997012441]",22.844706252906526
2121.0,24.0,0.000835137841249784,0.004079813586955467,1.177939467835557,8.144140096172593e-06,3.9805181310716484e-05,"[0.6604472047394068, 1.6954317309317073]",0.09184414699590526,0.6931842856358617,0.9381300387547187,"[-0.36441474942858215, 0.5481030434203926]",23.64918120027703
2122.0,24.0,0.06101199470160006,0.12852747988540145,0.605758231990562,0.011617363423374945,0.024473063879028742,"[0.13528600692687354, 1.0762304570542505]",-0.09745712901406023,0.8127907067346621,0.9657684253025929,"[-0.9040043280258017, 0.7090900699976812]",0.3722588117311742
2123.0,24.0,0.02923248182282904,0.06627177924014745,0.7692752972366295,0.0038981582057645865,0.00883936101080405,"[0.24689079858301644, 1.2916597958902425]",0.10469399593677498,0.7710401115258537,0.9589249382121035,"[-0.6004129742105866, 0.8098009660841365]",23.600098392830866
2124.0,24.0,9.487361113492442e-05,0.0010357381128266857,1.2875816409981384,6.993614894424066e-08,7.651657433724362e-07,"[0.8194946767514832, 1.7556686052447936]",0.021807671427211517,0.9099209114767436,0.9847157609726442,"[-0.35597996420183053, 0.39959530705625357]",23.91670083108085
2125.0,24.0,0.002092007968121362,0.007832302389072864,0.9654059523684673,4.754196029612861e-05,0.00017785993376778382,"[0.5002036111923036, 1.430608293544631]",-0.23030737672999368,0.3654579408777543,0.7994373585207747,"[-0.7290777117453733, 0.26846295828538586]",0.8797093784905403
2126.0,24.0,0.3332843399719162,0.5803314295175277,0.5375906037080616,0.12869426301603681,0.22408891348778828,"[-0.1559381546232832, 1.2311193620394063]",-0.5719228350108327,0.39245404014965746,0.8159127653839032,"[-1.8827043762050797, 0.7388587061834142]",2.1845843102185087
2127.0,24.0,0.066905523278472,0.1399404377294959,0.6626297219264062,0.013285431176575971,0.02778797568829946,"[0.13810737591811784, 1.1871520679346945]",0.1850054157551435,0.6585353715707734,0.9301211184160023,"[-0.6354839417265257, 1.0054947732368127]",23.293331366011145
2128.0,24.0,2.0334662514518776e-05,0.00044070996318830403,1.461820514741159,1.3684677578448794e-09,2.988111646129607e-08,"[0.9889624727576741, 1.9346785567246436]",0.4044230067207879,0.017021816095699163,0.16704431889793092,"[0.0722452705619675, 0.7366007428796083]",22.455217905127196
2129.0,24.0,0.0012437508293780986,0.005363196891411236,1.0687169699004038,1.7822871119414206e-05,7.68227203423026e-05,"[0.5805172549058274, 1.55691668489498]",-0.23767691835795013,0.32439396744343674,0.7664141157578481,"[-0.7103842363739227, 0.23503039965802242]",0.9078589539723986
2130.0,24.0,3.797023191091599e-06,0.0002186098267406235,1.4955253787078637,9.538037358338846e-12,5.51331639210338e-10,"[1.0653119841573677, 1.9257387732583597]",-0.07670872507867088,0.614867091697141,0.9172188963428358,"[-0.3755258895490781, 0.22210843939173636]",0.293005746589145
2131.0,24.0,0.029223326778378935,0.06626604711650552,0.7626497744967515,0.003895354950725879,0.008837012138670323,"[0.24480502347114774, 1.2804945255223554]",-0.04276600965368882,0.9054326768458142,0.9833589052053116,"[-0.7483117229877992, 0.6627797036804216]",0.16335412398480698
2132.0,24.0,0.027617920191295484,0.06314110697598418,0.8338570718216322,0.0035754739315688503,0.008174380273362711,"[0.2728819052462953, 1.394832238396969]",-0.10191771605822897,0.77492141706492,0.9595896677274527,"[-0.8005000310581462, 0.5966645989416882]",0.3892969991832811
2133.0,24.0,0.0011348622809072993,0.005041521801832064,1.0343985889942469,1.496453526260233e-05,6.644997896359826e-05,"[0.5660951121031215, 1.5027020658853723]",0.331605690435703,0.16370450396396274,0.5809244285449352,"[-0.1350604377148389, 0.7982718185862449]",22.733359565034167
2134.0,24.0,0.002782474203660102,0.009545366050291946,1.081067789513665,8.05597824722646e-05,0.000276173405801387,"[0.5436597870441778, 1.618475791983152]",-0.510776469305469,0.048402702533083805,0.31553261103705216,"[-1.0179684437172531, -0.003584494893684953]",1.9510223977197878
2135.0,24.0,0.010482880211103773,0.027017732502844775,0.9961647884790255,0.00077841548762756,0.0020070382745932367,"[0.4151412373324457, 1.5771883396256052]",-0.2183287342411928,0.47862051934316185,0.863468373341443,"[-0.8222843451508276, 0.385626876668442]",0.833954334563582
2136.0,24.0,3.9760161240249374e-07,0.00010996435020225141,1.5061344398850538,3.439063097938824e-15,9.552953049830068e-13,"[1.1312261909650407, 1.8810426888050669]",-0.11586539985027411,0.3795253095026887,0.8071632041216925,"[-0.3742853321115215, 0.14255453241097327]",0.4425732268677618
2137.0,24.0,0.0005900510220532517,0.0032339832070719765,0.8481645269811625,4.033348633638722e-06,2.211265698266843e-05,"[0.48753636870165806, 1.208792685260667]",-0.04694896852103447,0.8350070288348386,0.9707873627483405,"[-0.4887408347495983, 0.39484289770752934]",0.17933184991652226
2138.0,24.0,0.06960444674664519,0.14519075249613098,0.5612148724952576,0.014064318863779462,0.029343456840766665,"[0.11327808219243252, 1.0091516627980828]",-0.1593983411006512,0.7058935553495722,0.9428256382390439,"[-0.9872577959458961, 0.6684611137445937]",0.6088568137636
2139.0,24.0,0.009649895652041494,0.025274739790574895,0.92536891289259,0.0006797314793515862,0.0017808003126842712,"[0.39155811009070207, 1.4591797156944781]",0.20377124175205896,0.5039370817522285,0.8742836255243381,"[-0.3938340004508244, 0.8013764839549423]",23.22165119076447
2140.0,24.0,0.0011299634691798925,0.005025394418889722,1.1448454156333343,1.4760307776515602e-05,6.568895316651358e-05,"[0.6269012981721489, 1.6627895330945197]",0.056101159702683034,0.8150429756993813,0.966095377463714,"[-0.413947420128164, 0.5261497395335301]",23.785709354883124
2141.0,24.0,1.8430697313937974e-05,0.0004245903507350816,1.8638848639824064,1.0410772365588877e-09,2.3949714196263414e-08,"[1.265300869253387, 2.462468858711426]",0.3478302410252141,0.0393005633347983,0.2787273995375766,"[0.0170557831660757, 0.6786046988843525]",22.671386346815805
2142.0,24.0,0.007405316874522598,0.02032752367423167,1.1989781623024867,0.0004415948154246849,0.0012115084099442658,"[0.5302168508336993, 1.867739473771274]",0.6181958740012528,0.031951073270996916,0.24634597741709263,"[0.05333381474690202, 1.1830579332556035]",21.638665700488467
2143.0,24.0,0.023736687438272897,0.055137485338613,0.9903770660138522,0.0028399731448771792,0.006598450615420955,"[0.33999276894176667, 1.6407613630859377]",0.26528548223767956,0.44372787763007693,0.8471322596985049,"[-0.41357722297693056, 0.9441481874522897]",22.986684100112548
2144.0,24.0,0.025946972907504105,0.05973060061580135,0.9248313621735976,0.003250979567613632,0.007483838783640957,"[0.3089070605521871, 1.5407556637950082]",-0.12259339715958184,0.728165238366077,0.9499529938388005,"[-0.8139090307755698, 0.5687222364564061]",0.4682722835610089
2145.0,24.0,7.462219719901725e-05,0.0009237711749710809,1.1800426618579842,3.9204960673231746e-08,4.858111607587577e-07,"[0.7590971993037188, 1.6009881244122497]",-0.17258677412438317,0.36043371705098426,0.7964159471514904,"[-0.5424604231859034, 0.1972868749371371]",0.65923291714032
2146.0,24.0,0.00010509162378296707,0.0011050643930911363,1.071200344411216,9.088949072166118e-08,9.5472154119392e-07,"[0.6783313114080138, 1.464069377414418]",-0.5708114008279175,0.0026820214227147366,0.05137473503237779,"[-0.9434847997478063, -0.19813800190802866]",2.1803389443593346
2147.0,24.0,0.0032280496848550028,0.010667712111219441,0.8853879800974152,0.00010443803744070351,0.00034524971054778023,"[0.43814329940523444, 1.3326326607895957]",0.1982188347663163,0.45791866050429597,0.8526437785195464,"[-0.32517207057022934, 0.7216097401028619]",23.242859823192603
2148.0,24.0,0.007094667274852856,0.01965242010255167,1.1445136390825517,0.0004074594526919073,0.0011286965448529288,"[0.5099802154357777, 1.7790470627293256]",-0.053998826262229294,0.8542238167096011,0.9710102122541093,"[-0.6300326011969507, 0.5220349486724921]",0.20626032289906193
2149.0,24.0,4.020257396778553e-06,0.00022458176332045037,1.340403369962872,1.1563225901941368e-11,6.457550783813086e-10,"[0.953237093339309, 1.727569646586435]",0.32068888209603763,0.03485871937566631,0.2589800845146085,"[0.02280266585711971, 0.6185750983349556]",22.77505870127524
2150.0,24.0,0.00494220127329332,0.014744037211495583,1.067496055766023,0.0002201766284185452,0.000657091116876914,"[0.5012055643587467, 1.633786547173299]",-0.004968301300777078,0.9859074542459229,0.9971100704756963,"[-0.5562632869017995, 0.5463266843002453]",0.01897751305892557
2151.0,24.0,0.0019084020234278072,0.00732310830171837,0.9891842551585955,4.0194831099315184e-05,0.000154180403142751,"[0.5170466474808373, 1.4613218628363538]",0.33473929444140893,0.18229898711205317,0.6122946286404473,"[-0.15717953925132433, 0.8266581281341422]",22.721390079421354
2152.0,24.0,0.0008557007256640337,0.004141823454327365,1.0530809455723953,8.543799441526009e-06,4.13943771391764e-05,"[0.589373492891624, 1.5167883982531665]",-0.005757613107701509,0.9803259611311853,0.9969040046072112,"[-0.4633650668456764, 0.4518498406302734]",0.021992462076033226
2153.0,24.0,0.0004499665408039825,0.002707379908567885,1.3083308709388608,2.298672408242615e-06,1.384742414603985e-05,"[0.7656509939310927, 1.851010747946629]",0.05466760466994458,0.8036529853056917,0.964856561617867,"[-0.3762935439166152, 0.48562875325650434]",23.791185131754833
2154.0,24.0,1.9310725575001733e-06,0.00017716261995414433,1.202240194299254,1.0514089697149054e-12,9.645953850595463e-11,"[0.8714599456161867, 1.5330204429823213]",0.2293868366118108,0.11441631989945894,0.49552325638570355,"[-0.05540706285559166, 0.5141807360792132]",23.123806825752418
2155.0,24.0,0.003667434899516148,0.011743307395184591,0.8626839510875782,0.00013124017856189823,0.0004199685713980743,"[0.42053526516227147, 1.3048326370128849]",0.2955908897928907,0.2735884995902105,0.7241622540767879,"[-0.23357284592332628, 0.8247546255091077]",22.870925970156716
2156.0,24.0,0.006990355941002148,0.019433850266895043,0.9026885069795679,0.00039901289181584,0.0011089852468478044,"[0.4030079162251252, 1.4023690977340106]",0.3459757869539821,0.23434079724087742,0.675980281718279,"[-0.22421496094115856, 0.9161665348491228]",22.678469839587965
2157.0,24.0,0.0003118887768296113,0.0021274246837056717,0.9965623960461965,1.0540613377680683e-06,7.194957936983402e-06,"[0.5964150171313274, 1.3967097749610655]",-0.15390018429060515,0.46895575993899874,0.8577935978397636,"[-0.5704253221460799, 0.2626249535648696]",0.5878554017424832
2158.0,24.0,0.1282235274782711,0.2545632866354399,0.5138636245632222,0.03358495211901766,0.06667649815171264,"[0.03991314753282543, 0.987814101593619]",0.17772594108694495,0.7156412755515733,0.9464610198116753,"[-0.7784798267444978, 1.1339317089183876]",23.32113691104849
2159.0,24.0,0.006272278844747567,0.017915677934154717,0.807329669074676,0.00033274520022600403,0.0009504290209254614,"[0.3663676778772376, 1.2482916602721144]",-0.4050793934627981,0.15691219235353682,0.5698539169342354,"[-0.9659570660040685, 0.15579827907847232]",1.5472893075425067
2160.0,24.0,0.02315694033160922,0.05392859881604383,0.920916842802627,0.0027334860310552827,0.006365826807301543,"[0.31850330822455974, 1.5233303773806943]",-0.25342664246003643,0.4628241995887181,0.8552647739381687,"[-0.9299509486521348, 0.4230976637320619]",0.968018468608733
2161.0,24.0,0.07280634489177647,0.151459007471971,0.6634703265069976,0.0150007496518259,0.0312060529474223,"[0.1288547960107862, 1.198085857003209]",0.0711564862850027,0.8676773208700113,0.9734244302898619,"[-0.7659155483492507, 0.9082285209192561]",23.728202243392587
2162.0,24.0,0.01597231832855887,0.0387583555655396,0.6832822158141831,0.0015282696159666328,0.0037102928282753893,"[0.260720479488136, 1.1058439521402303]",-0.0631973123763272,0.8471256217065448,0.9708072590103425,"[-0.705690438058501, 0.5792958133058466]",0.2413959517155621
2163.0,24.0,0.003257332202100123,0.010718434360316298,1.0582832208506403,0.0001059666624069736,0.0003489188752287573,"[0.5232146978186191, 1.5933517438826614]",0.06195239022611787,0.8171895336424534,0.966095377463714,"[-0.46332792465087247, 0.5872327051031082]",23.763359300619726
2164.0,24.0,0.009328789569571724,0.02460772769604781,0.9741392319483307,0.0006427664270686435,0.0016959536334264999,"[0.4147086988517348, 1.5335697650449267]",0.17659536092301398,0.5610179545673295,0.8964672159515222,"[-0.4187987344159485, 0.7719894562619765]",23.32545540916812
2165.0,24.0,0.006020774768758926,0.01727129882030673,0.869322930559275,0.0003101344406457226,0.0008896570299647807,"[0.39691075703495876, 1.3417351040835912]",0.35807779724197797,0.2096485751295326,0.6480636016368859,"[-0.2013494558524611, 0.917505050336417]",22.63224356537956
2166.0,24.0,0.0007455181161783564,0.0037805178305190487,1.3565661567702632,6.5224578840514224e-06,3.3058580253681815e-05,"[0.7668578236121886, 1.9462744899283377]",0.3240882045012601,0.1564589851591996,0.5691573666317078,"[-0.12415773721694395, 0.7723341462194642]",22.762074246140337
2167.0,24.0,0.05818632701535921,0.12301549051872984,0.667015807840982,0.010890875042900868,0.023025105798944755,"[0.15356957582026387, 1.1804620398617]",-0.5910537408242682,0.13803417551824823,0.5321286642954828,"[-1.3721230245216334, 0.19001554287309697]",2.2576589876433184
2168.0,24.0,0.001067082986619618,0.004837184889481497,1.1341875030861022,1.3235860752272312e-05,5.99721828376634e-05,"[0.6238843753551258, 1.6444906308170786]",-0.22143227331621507,0.35152345474549607,0.7902955367479678,"[-0.6872775004647504, 0.2444129538323203]",0.8458089806004294
2169.0,24.0,4.9961927968914025e-06,0.0002413319386198876,1.2330146537319975,2.2850530147475213e-11,1.1053601847559932e-09,"[0.871592524434018, 1.5944367830299768]",-0.34493840171341983,0.025155466864511866,0.21125008155450606,"[-0.6468878252110912, -0.042988978215748375]",1.317567640677808
2170.0,24.0,0.02220130629335696,0.05193288021837886,0.9801305876180876,0.002560531556372342,0.00598954750028618,"[0.3432074297126795, 1.6170537455234957]",0.22569340636787594,0.5108288608102725,0.878165481881163,"[-0.4470349760436517, 0.8984217887794036]",23.137914690079313
2171.0,24.0,0.008306483699029713,0.022305273090842407,0.9939638036080074,0.0005332658944822616,0.0014312020785890004,"[0.4314828092973557, 1.556444797918659]",-0.4606990444568799,0.11901390547256983,0.5034429165506338,"[-1.039914195562277, 0.1185161066485173]",1.759740724872607
2172.0,24.0,0.0002948032926771979,0.0020558109670655365,1.142300511186543,9.344376313008e-07,6.516301473506276e-06,"[0.6858512532851648, 1.598749769087921]",-0.2233974922558284,0.28987930973067066,0.739488035027221,"[-0.6370942596270539, 0.19029927511539713]",0.8533155640043639
2173.0,24.0,0.008139163905147559,0.021962126025762436,0.9405293197068032,0.0005153940932639341,0.001389576956764449,"[0.40969072974661724, 1.4713679096669892]",0.4425748472653055,0.13363675274565032,0.5272070276323853,"[-0.13574559061255875, 1.0208952851431699]",22.309488608870065
2174.0,24.0,0.003185281901610542,0.010550784702254198,1.2557894950030062,0.00010182357344067239,0.00033738758595318883,"[0.6224461049389253, 1.8891328850670872]",-0.06950504521799239,0.7948553851495672,0.9628316126547152,"[-0.5934346134563938, 0.45442452302040903]",0.2654897163904606
2175.0,24.0,0.01833741306073505,0.043890409432108785,0.7841001873752895,0.0019032207555424174,0.004554249235564531,"[0.289143263934856, 1.2790571108157232]",-0.2825094685666585,0.39581051027308967,0.8173912986918532,"[-0.9346006702323618, 0.36958173309904485]",1.079106681423555
2176.0,24.0,0.0067049807863257226,0.018839507688467892,1.1459059242060001,0.00037047637115532317,0.001040956367393434,"[0.5150729970384339, 1.7767388513735662]",-0.008080997384191768,0.9779137205467162,0.9961431400088787,"[-0.5801851263172391, 0.5640231315488555]",0.030867136291363104
2177.0,24.0,9.619050818755071e-06,0.00031654580565828786,1.235566116335333,1.6439149382736558e-10,5.407614928531762e-09,"[0.8566708295373484, 1.6144614031333178]",-0.37922911161978234,0.018420907346077788,0.17427537697329978,"[-0.694570872171248, -0.06388735106831661]",1.4485485042872757
2178.0,24.0,2.9669526013233347e-05,0.0005424044974996955,1.049788776134544,3.743620612390689e-09,6.843913368173107e-08,"[0.7007643392782692, 1.3988132129908186]",-0.17116872204673506,0.33048148770700336,0.7724312767886506,"[-0.5159114903815158, 0.17357404628804568]",0.6538163571950537
2179.0,24.0,0.006298139590406095,0.01798440773959479,0.6899781835684368,0.00033366497663142776,0.0009527840566288628,"[0.3130377391277547, 1.0669186280091187]",-0.17036110618582434,0.555574109572949,0.8951179890946906,"[-0.7368451512460779, 0.3961229388744292]",0.6507314918418531
2180.0,24.0,0.015742974893414193,0.038304075166457896,0.723697769359782,0.0014953308797278015,0.0036382746465396633,"[0.277033560526674, 1.17036197819289]",-0.19942654569999618,0.5410440551205756,0.8901534294097935,"[-0.838900537402919, 0.44004744600292667]",0.7617532927655079
2181.0,24.0,0.009448323376817506,0.02485746744755987,1.0842878675618333,0.0006592935745756756,0.0017340704223452804,"[0.4603349264682731, 1.7082408086553933]",0.44445158143211927,0.1395343152864117,0.5354870071966664,"[-0.14512062148070792, 1.0340237843449465]",22.302320012401637
2182.0,24.0,0.008115558587089674,0.02191025536471294,1.038623887489685,0.0005116812974603049,0.001381367990654231,"[0.4527476466176398, 1.62450012836173]",0.31540116051336575,0.28807378170547215,0.738579081276868,"[-0.2664890027520096, 0.8972913237787411]",22.79525630993706
2183.0,24.0,0.00018725013722129726,0.0015643286317568693,1.2780331396953788,3.406105490731035e-07,2.845535079975802e-06,"[0.7868251889213321, 1.7692410904694253]",-0.08861162680220236,0.6635068751698107,0.93180039273632,"[-0.4877956398972789, 0.3105723862928742]",0.3384714821036348
2184.0,24.0,1.625205403955942e-05,0.0004050210111886129,1.4347089296323658,7.296508532925556e-10,1.8195781877619842e-08,"[0.9781835581406717, 1.89123430112406]",0.22969156888845532,0.1716789071394934,0.5931357099156603,"[-0.0996745763331745, 0.5590577141100852]",23.122642834196874
2185.0,24.0,0.023481497942776514,0.054620837270938624,0.618223231948608,0.00278945938415181,0.006488623829150523,"[0.21297865411731953, 1.0234678097798964]",0.1385246706385166,0.6897872956086355,0.9373185088522442,"[-0.5416898462214181, 0.8187391874984513]",23.470874734264882
2186.0,24.0,0.0005911644612114307,0.003237483358222512,1.1385963431186992,4.053919818492628e-06,2.220109429623564e-05,"[0.6543693609484373, 1.622823325288961]",-0.146251808357726,0.515928660659223,0.8807846513356998,"[-0.5874976079166647, 0.2949939912012128]",0.558640757670256
2187.0,24.0,0.02282607972764004,0.053232462051399344,0.8714777946575807,0.002669278256831238,0.006226447998206759,"[0.302778838785965, 1.4401767505291962]",0.06877241506856802,0.8423955637394598,0.9708072590103425,"[-0.609150003147377, 0.746694833284513]",23.737308724643277
2188.0,24.0,0.002882596763740826,0.009808086981084811,0.7920490728556697,8.540100099237593e-05,0.000290578431413324,"[0.39691028520339167, 1.1871878605079478]",0.28218071137972345,0.28320489149241523,0.7333600169684791,"[-0.2331855115146978, 0.7975469342741447]",22.92214907852951
2189.0,24.0,0.00010224053156020992,0.0010830564783920543,1.4644916981973248,8.361045927300132e-08,8.866432584623682e-07,"[0.9288943722213395, 2.00008902417331]",-0.0016245365727742822,0.9933158022467045,0.999042938587908,"[-0.38169426050099736, 0.3784451873554488]",0.0062052726189742455
2190.0,24.0,7.971568044529785e-05,0.000952397615833905,1.0749306610959186,4.596372540243077e-08,5.491484516419447e-07,"[0.6895069056606673, 1.46035441653117]",-0.0821505902135975,0.6655024695639091,0.932554357061552,"[-0.4545805647402688, 0.2902793843130738]",0.31379214024985735
2191.0,24.0,0.003585445288838972,0.011546540970000288,1.0433795007704232,0.00012574188303800127,0.00040509627267397316,"[0.5100883653215581, 1.5766706362192884]",-0.12952966884359274,0.6322476158653532,0.9223220313219056,"[-0.6600179162518541, 0.40095857856466866]",0.49476688976433725
2192.0,24.0,2.1496919132366417e-06,0.00018513513627958794,1.4579365874217098,1.506279951125681e-12,1.2985171992462767e-10,"[1.0539869751258426, 1.861886199717577]",-0.2274673207267197,0.12008470134195319,0.5042854342245806,"[-0.5142805890360425, 0.05934594758260309]",0.8688611636526475
2193.0,24.0,0.009770596386653372,0.02555072276844501,0.8965345719727574,0.0006930728855706098,0.0018124290940654021,"[0.37854590002276123, 1.4145232439227535]",-0.11807482142728531,0.6996169448034302,0.9398400655607606,"[-0.7178670552211921, 0.48171741236662147]",0.45101259563628715
2194.0,24.0,0.04040152909285677,0.08850280195587464,0.7640246719093122,0.006365114597477982,0.013943295941901383,"[0.21517341706567417, 1.3128759267529504]",-0.5103027854209152,0.17238995608925833,0.5946425458690971,"[-1.2432656105070183, 0.22266003966518777]",1.9492130585592347
2195.0,24.0,0.004314070379590861,0.013301049176947806,1.0235266587628766,0.00017466134576974847,0.0005384626831552097,"[0.4890150423516503, 1.5580382751741029]",0.33555522944263405,0.22170996197184278,0.6609329899751428,"[-0.20264402396736292, 0.873754482852631]",22.718273437292872
2196.0,24.0,0.059366667151210493,0.12535191543752214,0.8607069508093953,0.011184240273799717,0.023615372199746024,"[0.195737135292693, 1.5256767663260975]",0.32475361863320806,0.42428822048447623,0.8337171340768361,"[-0.4718701430169988, 1.1213773802834148]",22.75953255138107
2197.0,24.0,9.953213870458006e-05,0.0010723749873180883,1.1633638945452036,7.871267907009052e-08,8.481969727380445e-07,"[0.7387590479451689, 1.5879687411452383]",0.20893287733014265,0.27871505416711484,0.7290480098538186,"[-0.16911087383738965, 0.586976628497675]",23.201935195163884
2198.0,24.0,0.0069972413506667885,0.019442182135778797,0.8004760766038203,0.00039891493722278375,0.0011089852468478044,"[0.3573829858058084, 1.243569167401832]",0.24163933180255803,0.40827246820217244,0.8249322780995372,"[-0.33108154304078674, 0.8143602066459028]",23.077005741556807
2199.0,24.0,0.0003376815361710635,0.002236301564046778,1.1058659350598636,1.262903871375304e-06,8.363601797187444e-06,"[0.6585528779450773, 1.55317899217465]",-0.4485779323276482,0.033833961842675786,0.25467291092788646,"[-0.8628936532382223, -0.03426221141707414]",1.7134414870052863
2200.0,24.0,0.03471483152236186,0.07709267493307097,0.7774518267203764,0.005052520369268969,0.011220342814277081,"[0.23395715251663463, 1.3209465009241181]",0.08994639647826652,0.8081519170128003,0.964880279922775,"[-0.6360989407854453, 0.8159917337419783]",23.65643007329233
2201.0,24.0,0.01456835802586506,0.035785698909027414,0.8040103225567402,0.0013226345963766556,0.003249716453013896,"[0.3132535157426117, 1.2947671293708687]",-0.22681256779797998,0.481717858056799,0.8655838249888451,"[-0.858678579195151, 0.40505344359919104]",0.8663601916899398
2202.0,24.0,4.254252324331346e-05,0.0006701712918181566,1.3831813003693476,9.562948177508851e-09,1.5069980962407375e-07,"[0.9107445588308571, 1.855618041907838]",-0.07028390631239656,0.6978435504816207,0.93921592772905,"[-0.4251066403677769, 0.2845388277429838]",0.2684647466262139
2203.0,24.0,0.008752857459309534,0.023297464624193596,0.7881397882281835,0.000579413784798777,0.0015422246068639263,"[0.3392315743623567, 1.2370480020940104]",-0.26379507822753645,0.3799126399965179,0.807637414958584,"[-0.8526278003318661, 0.32503764387679324]",1.0076229759174153
2204.0,24.0,0.04358178438994707,0.09484610313372595,0.6761168772555459,0.007120733325364611,0.015493327513848153,"[0.18370009989114122, 1.1685336546199507]",0.4948169214373541,0.19230280423903245,0.6244437368203832,"[-0.24902843302315003, 1.2386622758978583]",22.109938584665546
2205.0,24.0,0.003846895249343083,0.012185287454365167,0.9564061384177857,0.00014227648693413783,0.00045081269624251533,"[0.46365260996236274, 1.4491596668732085]",0.036520437096555725,0.8936402951001805,0.9795465253756226,"[-0.4988503415235882, 0.5718912157166997]",23.860502205892956
2206.0,24.0,8.235077090055404e-05,0.0009642947412242861,1.4059279151512962,4.9719099987184784e-08,5.821908663604775e-07,"[0.9005334998207067, 1.9113223304818856]",0.04025929903048109,0.8326950364997421,0.9698288335659703,"[-0.33327033706225667, 0.41378893512321885]",23.84622080529322
2207.0,24.0,0.0004884478893100613,0.0028643282437138665,1.2898738197079713,2.7344619776504237e-06,1.6028499282827806e-05,"[0.7508112292684063, 1.8289364101475365]",0.1842612500879559,0.4044592736069713,0.8227405891110076,"[-0.24893114092495144, 0.6174536411008633]",23.296173869477037
2208.0,24.0,8.513548104666157e-06,0.0003051450933572099,1.5124424791010433,1.1317289376052428e-10,4.056376120448899e-09,"[1.0527289918889107, 1.972155966313176]",-0.051820980435087094,0.7477517131073446,0.9550093072477082,"[-0.367634336169068, 0.2639923752988938]",0.1979415646107002
2209.0,24.0,0.0044313701180215435,0.01357234339363413,0.9854193000573978,0.00018266917826598888,0.0005594768093904713,"[0.469261418477, 1.5015771816377956]",0.24086654166047428,0.38371415106094875,0.81003620658845,"[-0.3010967650595753, 0.7828298483805238]",23.079957582462853
2210.0,24.0,0.0011673503691202291,0.005140248212770714,1.002777135487123,1.5756219704776724e-05,6.941065949240847e-05,"[0.5475944079595368, 1.4579598630147093]",0.2049827879716446,0.39288660203156145,0.8161958479905788,"[-0.26524380811248466, 0.6752093840557738]",23.217023425093316
2211.0,24.0,0.004115726671134982,0.012813594866547267,0.8885188696912727,0.0001608158402410331,0.0005006719808251343,"[0.42705009358519674, 1.3499876457973485]",0.3182046695554188,0.24432836606057706,0.6899722244086041,"[-0.21748540297799335, 0.853894742088831]",22.784547694207966
2212.0,24.0,0.20872329808187542,0.39508479667210944,0.5531053348919852,0.06663597102145537,0.12610895348496473,"[-0.03794960749721343, 1.1441602772811839]",0.5109548647750035,0.35834014041604867,0.7952510883622917,"[-0.5793202297004609, 1.601229959250468]",22.048296181780973
2213.0,24.0,0.08804472218187143,0.18075286836762766,0.5452490344139413,0.019719386994808297,0.040483241623502975,"[0.08691657837662725, 1.0035814904512554]",0.24843812608389815,0.5754765872043641,0.9020009203830158,"[-0.6210728485203759, 1.1179491006881723]",23.05103626035024
2214.0,24.0,0.017302390328848737,0.04160228499362524,0.8003620634921096,0.0017335026068149863,0.004168075515304127,"[0.2995790696407318, 1.3011450573434873]",0.005865785564159509,0.9858935444579742,0.9971100704756963,"[-0.6443743965150966, 0.6561059676434157]",23.977594349576325
2215.0,24.0,0.002245706763343077,0.008229046402869467,1.006539493611438,5.4067324444478014e-05,0.00019826668296471584,"[0.5179021170771363, 1.4951768701457397]",0.102440838759712,0.6904137710936153,0.9373185088522442,"[-0.4016605329688183, 0.6065422104882423]",23.608704819285887
2216.0,24.0,0.0011655787652653218,0.00513470821702785,0.9079127138351503,1.579629553495492e-05,6.955656334194152e-05,"[0.49573750683082773, 1.3200879208394727]",0.4114964128213323,0.08351024820094533,0.4207321238751489,"[-0.054517979713915754, 0.8775108053565803]",22.42819948403764
2217.0,24.0,0.013084000972503501,0.03261619250350426,0.9425445991978575,0.0011140697627116092,0.002778228834692292,"[0.3758740739084213, 1.5092151244872936]",0.2314801061064511,0.4659459048030824,0.8568384499768137,"[-0.3907914275131109, 0.8537516397260131]",23.115811125257324
2218.0,24.0,0.004648213433659831,0.014055680174356914,0.9072285331031487,0.00019921537337197167,0.0006022230150301442,"[0.42923639235094635, 1.385220673855351]",-0.4207896470835628,0.12707750353876787,0.5157366215047398,"[-0.9613396693809378, 0.11976037521381222]",1.6072980560458359
2219.0,24.0,0.004909234164408475,0.014671949086695979,0.8991624546111177,0.00021912174479529504,0.000654681042113221,"[0.42232786575225, 1.3759970434699853]",0.45674781858779134,0.09917343963426214,0.4574869636118965,"[-0.08617374190297522, 0.9996693790785579]",22.255351846207507
2220.0,24.0,0.002093288894717613,0.007834165025140767,1.0799512916805851,4.750173464171076e-05,0.00017784251082632256,"[0.5595779734660341, 1.6003246098951363]",0.10635211439315384,0.6769505112038603,0.9341755514903409,"[-0.3939654447086327, 0.6066696734949404]",23.593764846865316
2221.0,24.0,0.00021812023541619156,0.0017077831878555031,1.0937725578650446,4.824660019633599e-07,3.772212681496167e-06,"[0.6678461388175282, 1.519698976912561]",0.2963609583006548,0.14851901785208121,0.553177747623085,"[-0.10567661293730474, 0.6983985295386144]",22.867984525127994
2222.0,24.0,1.2299006018601442e-06,0.00014984194738072173,1.2379575250598776,2.2141466126988875e-13,2.700178795974253e-11,"[0.9071748643274267, 1.5687401857923284]",0.0730701110858325,0.605881294706236,0.9134347877374279,"[-0.20449863065466767, 0.35063885282633267]",23.720892735081982
2223.0,24.0,0.00035400527685438903,0.002309232073414149,1.058988240128863,1.3837402650474483e-06,9.032247160884127e-06,"[0.6290243136490878, 1.4889521666086383]",0.12663455215086827,0.5558923049861121,0.8951179890946906,"[-0.2947893115014732, 0.5480584158032098]",23.516291641415062
2224.0,24.0,0.02848204174093723,0.0648941484186312,0.753874786916399,0.0037460746673354628,0.008535143921930879,"[0.24415584082179087, 1.2635937330110072]",0.01375126881480071,0.9694024024714778,0.9946639642340541,"[-0.6888955903695368, 0.7163981279991383]",23.94747402226414
2225.0,24.0,0.0001251652353951602,0.0012259082800701294,1.0808382799491618,1.352125909739693e-07,1.3256136369996992e-06,"[0.6789888621243784, 1.4826876977739452]",0.19800626790593512,0.3137369052857636,0.7588401465065968,"[-0.18722362468427844, 0.5832361604961487]",23.243671768790215
2226.0,24.0,0.026837464839485816,0.06151149401669909,0.6441043879142746,0.0034217252885376573,0.007844395434520077,"[0.21281245920425168, 1.0753963166242975]",-0.03910773291915781,0.9122802724105705,0.9856022475955274,"[-0.7348939279991685, 0.6566784621608529]",0.14938053617283847
2227.0,24.0,1.3083436616983279e-05,0.0003588162638367668,1.3358209590225922,3.936551026870096e-10,1.0814700623269494e-08,"[0.917351950852934, 1.7542899671922505]",-0.040112863823006606,0.8091497297904977,0.9651125328399317,"[-0.3656294482655384, 0.2854037206195252]",0.15321985341608554
2228.0,24.0,6.693206909632714e-07,0.00012239946415804818,1.533320757946722,2.4954311104415356e-14,4.692829403385003e-12,"[1.1390402284800154, 1.9276012874134287]",0.2584681795121888,0.05674508467935935,0.34621772226576786,"[-0.007419873621634154, 0.5243562326460118]",23.012724278368122
2229.0,24.0,0.0007520014448488646,0.0037903298631495196,1.1269281031654497,6.6262379358927975e-06,3.3432078384928344e-05,"[0.6366806139509792, 1.6171755923799203]",-0.26844536907746974,0.24195731886275385,0.686857005583717,"[-0.7180987704847401, 0.1812080323298007]",1.025385778531381
2230.0,24.0,0.004036184551242687,0.012615670238638098,1.1129807293063936,0.00015525166039239427,0.0004851301315037971,"[0.5362739412216467, 1.6896875173911403]",-0.2683607771040002,0.3260685855804687,0.7675814161498792,"[-0.8039447586600419, 0.2672232044520415]",1.025062660994015
2231.0,24.0,0.007627703801586121,0.0208293386171112,1.0309640514318625,0.00046076894441689475,0.0012589315421226632,"[0.4540606658819072, 1.607867436981818]",0.22172045583505806,0.4532142648837716,0.8510636664122461,"[-0.35764648467192117, 0.8010873963420373]",23.153090243262294
2232.0,24.0,3.754766784840695e-08,4.6959787989594754e-05,1.294035944715635,1.3280365198260084e-19,1.6600456497825103e-16,"[1.0140348507407282, 1.574037038690542]",-0.36517418374189603,0.0013075719018161057,0.03149652645178079,"[-0.587843324848062, -0.14250504263573005]",1.394862634369699
2233.0,24.0,0.004174034470785033,0.012962839971382091,1.0312690885134164,0.00016492490040035253,0.0005121891316781134,"[0.49476525655238823, 1.5677729204744444]",-0.34700805326547624,0.20435598143456046,0.639272616713638,"[-0.8828594622715059, 0.18884335574055344]",1.3254731272775102
2234.0,24.0,0.002475866904535472,0.00881087464054474,0.9235634057636606,6.491603316019882e-05,0.00023077153629647642,"[0.4703672859468001, 1.3767595255805212]",-0.3348427123837787,0.1943953050050219,0.6266773210993614,"[-0.8405734733454923, 0.17088804857793483]",1.2790049480202283
2235.0,24.0,0.023340355776205305,0.05433043709544997,0.7543309796934256,0.0027622735528147545,0.00642987326074198,"[0.26036194154257636, 1.2483000178442747]",-0.03452160594163356,0.9207947126727927,0.987659243454674,"[-0.7149928953297764, 0.6459496834465093]",0.1318628214979566
2236.0,24.0,0.0019430002974565562,0.007427371167647386,1.1402306007355907,4.156320340440107e-05,0.00015882003593580845,"[0.5949704056130264, 1.685490795858155]",-0.33738981237469456,0.17962648414706783,0.608284741439444,"[-0.8301753675981249, 0.15539574284873586]",1.2887341533187142
2237.0,24.0,0.0001861285731741137,0.0015562589730277066,1.1820287989087237,3.3936775769415913e-07,2.837523057643471e-06,"[0.7277814423383043, 1.636276155479143]",-0.4069528716623081,0.043236863392397525,0.2955356349446174,"[-0.8015344519420511, -0.012371291382565153]",1.5544454671319528
2238.0,24.0,0.008544565821599627,0.022808391197335236,0.7159464362236976,0.000556083024156009,0.0014858605684544028,"[0.30946980678519886, 1.1224230656621963]",0.17542650480765243,0.5591456393285256,0.8959434689226791,"[-0.41321098964308345, 0.7640639992583883]",23.329920110652672
2239.0,24.0,0.00042000365448623925,0.002581460691372091,1.1006510697496146,1.988781594479637e-06,1.2231129117340941e-05,"[0.6469316855893961, 1.554370453909833]",-0.07793823750546025,0.7212863801811304,0.9477398429831227,"[-0.5061383112409992, 0.35026183623007867]",0.29770213811673957
2240.0,24.0,9.44148882600571e-06,0.00031471629420019035,1.7311460331387585,1.5379476219202428e-10,5.143637531505829e-09,"[1.2011217085946142, 2.2611703576829028]",0.1455918450422713,0.3690323469324084,0.8015351118430442,"[-0.17207349455308701, 0.4632571846376296]",23.443880116503678
2241.0,24.0,0.0012241719636361262,0.005324801929691719,1.3097706335987966,1.724008996814793e-05,7.498951704283571e-05,"[0.712482285418394, 1.9070589817791994]",-0.08013306627616235,0.7402149420144741,0.9526734682327078,"[-0.5538144305092503, 0.3935482979569256]",0.3060857664710807
2242.0,24.0,0.023074509546406757,0.05376109655082302,0.8169606309541704,0.0027144102161741645,0.006325821990617955,"[0.2829300528414005, 1.3509912090669403]",-0.08512617360864194,0.8058833620965713,0.964880279922775,"[-0.7640718409145525, 0.5938194936972686]",0.32515803159154105
2243.0,24.0,0.001160201951622414,0.00512277172476254,0.9968962364408406,1.5632293561753664e-05,6.898629109335245e-05,"[0.5445655730711552, 1.449226899810526]",-0.36033948587113596,0.13049119392771968,0.5223251886007398,"[-0.8273858278931543, 0.10670685615088238]",1.3763954488220032
2244.0,24.0,0.000634406536922772,0.0033979996621466093,1.1485636658935654,4.685678130580556e-06,2.509736545570732e-05,"[0.6568748240056103, 1.6402525077815207]",0.17148831915961527,0.4489310034660524,0.849596270386384,"[-0.2723992081807094, 0.6153758464999399]",23.34496287175744
2245.0,24.0,0.00039321531336452685,0.002482419907604336,1.1310695376250735,1.7304938571395542e-06,1.0924834956689105e-05,"[0.6675435481699412, 1.5945955270802057]",-0.10722212297210731,0.6213929011520328,0.9177195404295999,"[-0.5327357840451653, 0.3182915381009507]",0.40955834111563066
2246.0,24.0,0.0001951056827278395,0.001603367444744643,1.193970319619074,3.752125562281492e-07,3.0830941349889007e-06,"[0.733414767734357, 1.6545258715037912]",0.2524857399018421,0.21481655529621047,0.6540864276562998,"[-0.14645908945181457, 0.6514305692554987]",23.035575514425773
2247.0,24.0,0.004334841448627253,0.01334618672606913,0.9145470615212193,0.0001754387366479867,0.0005404696502710283,"[0.4368056885095286, 1.39228843453291]",-0.08979598061759475,0.7456383226296932,0.9547509829752914,"[-0.6323333166959815, 0.45274135546079197]",0.3429953804417815
2248.0,24.0,9.055067258147054e-06,0.0003095680355882598,1.2072240683330173,1.3575604987900474e-10,4.649179790376875e-09,"[0.8387035183252103, 1.5757446183408244]",0.06067075883481188,0.7077031379693108,0.9436463178572346,"[-0.256477771389563, 0.37781928905918677]",23.768254771927282
2249.0,24.0,0.025113809276220776,0.057999559529378235,0.7735783800839022,0.003109151520495745,0.007173861376316901,"[0.2607878401471979, 1.2863689200206065]",0.5630053605988641,0.10156068054498628,0.46301962591790974,"[-0.11093787010858613, 1.2369485913063143]",21.849477932962937
2250.0,24.0,0.003653485700797329,0.011719391546483389,1.1145429015862662,0.00013008343865136238,0.0004172015351230352,"[0.5436353367049309, 1.6854504664676015]",0.1815819037991817,0.5027044253590279,0.8734611984187444,"[-0.34941247486787863, 0.712576282466242]",23.30640821842376
2251.0,24.0,0.026409378512043072,0.06068331459568721,0.8512597513108251,0.003339410805441941,0.00767327850515152,"[0.28272605227474246, 1.4197934503469076]",0.09456416415700186,0.7893007187908775,0.9619333365324607,"[-0.5990336332765738, 0.7881619615905775]",23.63879150004143
2252.0,24.0,0.0003917451908079698,0.002475969111608615,1.2411015032901958,1.7276821383884298e-06,1.091397434231478e-05,"[0.7325178293670251, 1.7496851772133664]",0.3444063741221379,0.10980695913461302,0.48460856440097866,"[-0.07773131674270545, 0.7665440649869812]",22.684464555026523
2253.0,24.0,0.006484305837253147,0.01838997684983876,0.8241145217436721,0.0003501593810250841,0.0009930782218521954,"[0.3723070658311103, 1.2759219776562338]",-0.04863328274005774,0.8671076023045676,0.9734244302898619,"[-0.6182708663340489, 0.5210043008539335]",0.1857654563247827
2254.0,24.0,0.00015499534909116396,0.0013963544963167924,1.2219506812408019,2.213481095153961e-07,1.995925243601408e-06,"[0.7596398587631195, 1.6842615037184843]",0.07343636510683194,0.7141977439754192,0.9463571189696999,"[-0.31958137864627373, 0.4664541088599376]",23.719493747773118
2255.0,24.0,0.002629861892091723,0.009183629401628696,1.0915626954237658,7.209997620353518e-05,0.00025200970361249626,"[0.5525628993580756, 1.630562491489456]",-0.02394614142292184,0.9271237710725919,0.9891919854953037,"[-0.5370822927670226, 0.4891900099211789]",0.09146752261045447
2256.0,24.0,0.0010565199570591985,0.004808921060806547,1.1248760457018514,1.2986777495015044e-05,5.911141326816133e-05,"[0.6192451251578454, 1.6305069662458576]",-0.23970429990918518,0.31244266460371106,0.757560761484743,"[-0.7048139072945346, 0.22540530747616427]",0.9156029810622955
2257.0,24.0,6.197351260744802e-05,0.000823021415769562,1.163345739997225,2.4742274473377844e-08,3.290196073587479e-07,"[0.7543618953355538, 1.572329584658896]",0.06584560064518818,0.7238227858807895,0.9485258871013498,"[-0.29938266578112843, 0.4310738670715048]",23.748488332235123
2258.0,24.0,0.0010093279293013947,0.004640588180696068,0.9994596094188835,1.1855049070044068e-05,5.4505972735834794e-05,"[0.5522452244125529, 1.446673994425214]",0.15752704526860217,0.5059109225801031,0.8752594956712603,"[-0.3066023512656791, 0.6216564418028834]",23.39829100979619
2259.0,24.0,0.0006383415689212784,0.0034117668034274636,0.8692542009069364,4.779009117283649e-06,2.5515264908081415e-05,"[0.49679918412828794, 1.2417092176855848]",0.41935727056455985,0.061545940364934576,0.3601648963799565,"[-0.020280022561878497, 0.8589945636909981]",22.398173219234998
2260.0,24.0,0.00026576736695457424,0.0019214277784849213,1.1419913445152063,7.472741182493823e-07,5.399379467119815e-06,"[0.689694481519125, 1.5942882075112876]",-0.3122986162295529,0.134141129049573,0.5280589132477138,"[-0.720914391164992, 0.09631715870588625]",1.1928928438486117
2261.0,24.0,2.728347183884074e-05,0.0005200855242046424,1.3553275337343578,3.005672956723606e-09,5.7291580168313844e-08,"[0.9074664433039508, 1.8031886241647648]",0.256570742528619,0.1411210474283411,0.5371946990039631,"[-0.08513858846113964, 0.5982800735183776]",23.019971953771496
2262.0,24.0,3.7567830391675805e-08,4.6959787989594754e-05,1.4678035390737119,1.295505562313161e-19,1.6600456497825103e-16,"[1.1502977643664087, 1.785309313781015]",0.0010242178932067247,0.9928750930213699,0.999042938587908,"[-0.22377538549008955, 0.225823821276503]",23.99608777582783
2263.0,24.0,0.0001974848000232912,0.0016161298767611255,1.082339471845027,3.843064406766656e-07,3.1469492657503024e-06,"[0.6644695710502411, 1.500209372639813]",-0.12950201643351278,0.5264581529894221,0.8839273529919359,"[-0.5302132631928946, 0.2712092303258691]",0.49466126533827415
2264.0,24.0,0.006748470063814307,0.018935101189153498,0.8860383160688553,0.00037481796975620443,0.0010519729715301835,"[0.39784549932974766, 1.3742311328079628]",-0.1390944795192004,0.6334935404999634,0.922680123566674,"[-0.7108464399619412, 0.4326574809235404]",0.5313017753346034
2265.0,24.0,0.04561469174008983,0.09877585911669517,0.6373263379119157,0.007622066125634605,0.01649797862691473,"[0.1691987998404571, 1.1054538759833743]",-0.5625219412159375,0.13985571106255654,0.5354870071966664,"[-1.3093223325370653, 0.1842784501051905]",2.1486755410119605
2266.0,24.0,4.417421330027211e-05,0.0006828841248405364,1.2441351433965875,1.0545727698085581e-08,1.6324655879389443e-07,"[0.817958331962666, 1.670311954830509]",0.1360283572718366,0.45325743227024606,0.8510636664122461,"[-0.2194546973934659, 0.4915114119371391]",23.480409948948406
2267.0,24.0,0.00185910325183257,0.007172466249354051,1.056140286661417,3.81706240609151e-05,0.00014726321011155518,"[0.5535043415030407, 1.558776231819793]",0.20876546558273823,0.40651527793987785,0.8239061166191282,"[-0.28418911165268407, 0.7017200428181605]",23.20257466093503
2268.0,24.0,0.0017176017462883324,0.006783577197031329,1.003361421381172,3.289397770049168e-05,0.000129964352826913,"[0.5297725901780195, 1.4769502525843243]",-0.17503934806110788,0.4832784485485696,0.8660904095852501,"[-0.664413889409187, 0.31433519328697124]",0.668601059508194
2269.0,24.0,0.002057803465603009,0.007724160102951465,1.2715051376055595,4.611013458537775e-05,0.00017302114290948498,"[0.6598731672769047, 1.8831371079342143]",-0.22528576376923137,0.3752509103247804,0.8058196345601851,"[-0.7232689222472404, 0.27269739470877763]",0.8605282298905487
2270.0,24.0,0.031038860469639197,0.06995461002848591,0.7885957049527446,0.004272546274512219,0.009629358292792921,"[0.24765975219415381, 1.3295316577113354]",-0.215656341684908,0.5518234490897731,0.8939184893512985,"[-0.9260048886828193, 0.4946922053130033]",0.8237465469184289
2271.0,24.0,0.0005988539108420222,0.003266259574336787,0.9259862154904815,4.160386983228524e-06,2.2716154083143835e-05,"[0.5317175045079537, 1.3202549264730092]",-0.11130747980649591,0.6216606254811113,0.9177195404295999,"[-0.553373247139552, 0.3307582875265602]",0.4251632547433235
2272.0,24.0,0.0012147157465688214,0.005292879070016651,1.0743317252468207,1.7081713753389384e-05,7.443012528709971e-05,"[0.584642520977611, 1.5640209295160306]",0.35520851445217616,0.13794585058007014,0.5321286642954828,"[-0.11408934855292296, 0.8245063774572753]",22.643203418318574
2273.0,24.0,0.0004888233530766731,0.0028643282437138665,1.1909269363284558,2.7332391763085946e-06,1.6028499282827806e-05,"[0.6932258269840523, 1.6886280456728593]",0.047780715698777065,0.8292481005499966,0.9686346227660281,"[-0.38644850503649475, 0.4820099364340489]",23.817491109889705
2274.0,24.0,0.002515125142633112,0.008887367995170007,0.7248523810975538,6.648445068688742e-05,0.00023509353142463728,"[0.36865971392958924, 1.0810450482655183]",-0.02073483137051113,0.9365695879665955,0.9892015094756179,"[-0.5313960770566177, 0.48992641431559547]",0.07920122176304989
2275.0,24.0,3.0254089577737096e-05,0.0005490760358935952,1.2744686298359773,3.935113373019844e-09,7.141766557204799e-08,"[0.8501513404416134, 1.6987859192303412]",-0.10742910384185578,0.5424650201423029,0.890788466764078,"[-0.4531207040664919, 0.23826249638278035]",0.41034894980073294
2276.0,24.0,0.010068842595589201,0.026180037950049924,0.7461779187194214,0.0007278540104714541,0.0018924961270708636,"[0.3133458015742206, 1.1790100358646223]",-0.08263109561626614,0.7880829791545619,0.9616631838371713,"[-0.685136640848605, 0.5198744496160728]",0.3156275356902672
2277.0,24.0,0.010189359810906058,0.026456412330562784,1.0860659787751954,0.0007448252493304562,0.0019346110372219642,"[0.45489180771762894, 1.7172401498327619]",-0.3546784173331794,0.24533793847391938,0.6910982958614811,"[-0.9530500661166028, 0.24369323145024402]",1.3547717598380562
2278.0,24.0,0.0013314171033113223,0.0056249138289451725,1.0532014758750043,2.027865084276293e-05,8.567237364918856e-05,"[0.5688435152274776, 1.5375594365225311]",-0.14295051226957334,0.5571058018390537,0.8951179890946906,"[-0.6201366967318134, 0.33423567219266676]",0.5460307354853096
2279.0,24.0,0.1400157222466801,0.27567576736893107,0.6081037011238443,0.03809401181558079,0.07498821223539524,"[0.03339188315819119, 1.1828155190894973]",0.49582841541829925,0.31400805262442977,0.7588401465065968,"[-0.4693682139717644, 1.461025044808363]",22.10607496225814
2280.0,24.0,6.059001362698099e-05,0.0008173507895384916,1.317787041322605,2.3559596116535025e-08,3.1794326742962246e-07,"[0.8552150264090181, 1.7803590562361917]",0.3006126808646661,0.10393247968989557,0.46985750311887686,"[-0.061724816711499486, 0.6629501784408316]",22.851744141222767
2281.0,24.0,0.006541019590529498,0.01849835857050197,0.8872420486135036,0.00035889889084321275,0.0010132662079142087,"[0.39994612105783395, 1.3745379761691734]",0.7488259470123282,0.0077043963697986245,0.10150719854807147,"[0.19805457570339813, 1.2995973183212581]",21.13969557642044
2282.0,24.0,0.0003482293820695462,0.0022819749807965017,1.2102177294963992,1.338399792026542e-06,8.776392078862572e-06,"[0.7195267429101428, 1.7009087160826555]",-0.21260254686694768,0.321043941354449,0.7639529235289347,"[-0.6325230161862936, 0.20731792245239822]",0.8120819099472257
2283.0,24.0,0.00018367375002564194,0.0015408871646446472,1.228718628986413,3.293558909901942e-07,2.7607367224660033e-06,"[0.7570525091751876, 1.7003847487976382]",0.4088625357385789,0.04201477980002301,0.29018431915909526,"[0.014760932727525766, 0.802964138749632]",22.438260153410845
2284.0,24.0,0.12652142642888348,0.2514336773229004,0.5645722519360828,0.03303665835196541,0.065653136629502,"[0.045468379999981656, 1.0836761238721841]",-0.5089057785467803,0.2877341831852007,0.738579081276868,"[-1.4471354724135335, 0.4293239153199728]",1.9438768853699884
2285.0,24.0,0.0036185426207760727,0.011638927696288428,1.0380092388358968,0.00012801907973341393,0.00041176931403478264,"[0.5068515352690338, 1.56916694240276]",0.23941197116314772,0.3754997811825618,0.8058196345601851,"[-0.2900723782320004, 0.7688963205582958]",23.08551363249626
2286.0,24.0,1.8018461630050286e-05,0.000420926549534066,1.5026578741769887,9.675229780427873e-10,2.260567705707447e-08,"[1.0210044733264014, 1.984311275027576]",-0.09000854052972063,0.5961628164713838,0.9098026124541037,"[-0.4229102948410372, 0.24289321378159595]",0.3438072994990138
2287.0,24.0,0.0010023617318755498,0.0046234397226732,0.8272767839719968,1.1813712593390352e-05,5.446617147713394e-05,"[0.457170972930821, 1.1973825950131727]",0.5375850663929747,0.020752011014189203,0.18837780724356415,"[0.08194709372106257, 0.9932230390648867]",21.94657630442816
2288.0,24.0,0.0006397408903781099,0.0034155947163807257,0.9005878393267946,4.758412604276528e-06,2.5418870749340425e-05,"[0.5147833651624005, 1.2863923134911888]",-0.051488423001889494,0.8206400915733268,0.966095377463714,"[-0.4965954416170869, 0.3936185956133079]",0.1966712887861718
2289.0,24.0,0.04337126347390891,0.09442905176117769,0.8224365367981621,0.007079070386628041,0.015412737615127457,"[0.22389022798530378, 1.4209828456110203]",0.6379378472130472,0.08933217671187157,0.4346473830775909,"[-0.09801621546682304, 1.3738919098929174]",21.56325691753539
2290.0,24.0,1.4659895757949337e-05,0.00038176811869659736,1.249497401002708,5.440568793057188e-10,1.4168147898586428e-08,"[0.8548739320921982, 1.644120869913218]",0.11321127529624508,0.49858728839880706,0.8731021700276606,"[-0.2146819676313909, 0.4411045182238811]",23.567564782148764
2291.0,24.0,0.43572760789209863,0.6988518352922244,0.3849009698713701,0.18924210437720557,0.303418477436597,"[-0.18973186112844653, 0.9595338008711868]",0.9402276192959285,0.21169913246590366,0.6499819848507942,"[-0.5353125436053265, 2.4157677821971832]",20.40859504218068
2292.0,24.0,0.013282199776185439,0.03306497330392193,0.9304562501262904,0.001146554695794437,0.0028528357695805848,"[0.3696495437809315, 1.4912629564716493]",0.522264647018587,0.09574776048132615,0.44941338503615347,"[-0.09221665263684409, 1.1367459466740182]",22.005095995796353
2293.0,24.0,0.02052130157375244,0.04843479314368284,0.7989518622721117,0.0022636845399315415,0.0053451819124711725,"[0.2860849531572184, 1.311818771387005]",0.06753855115988028,0.8426554028572655,0.9708072590103425,"[-0.5993351109230488, 0.7344122132428094]",23.742021737607363
2294.0,24.0,0.006740460764444825,0.01892324751388216,1.0940323794288922,0.00037379291404832023,0.0010493905503883218,"[0.4913601044771606, 1.696704654380624]",-0.021680162231851874,0.9408295556622601,0.9892015094756179,"[-0.5941428584114712, 0.5507825339477674]",0.08281211966960265
2295.0,24.0,0.0001615136377814977,0.0014276225281647718,1.1057631810526465,2.4325257974969785e-07,2.153498422953707e-06,"[0.6859820202097108, 1.525544341895582]",0.06391537459261087,0.750767996872779,0.9552799279805988,"[-0.33048399116215066, 0.4583147403473724]",23.75586125265638
2296.0,24.0,2.842268859048822e-06,0.0001973797818783904,1.0896087906891863,3.766700754298093e-12,2.6201163008012436e-10,"[0.7821374901470258, 1.3970800912313468]",-0.14488571754870794,0.33209832132921435,0.7737252435053128,"[-0.43767049114597945, 0.14789905604856357]",0.5534226751510328
2297.0,24.0,8.822980976773709e-05,0.00099469730824461,1.4259781700393688,5.8870600534687897e-08,6.644710172775235e-07,"[0.9105293013661474, 1.94142703871259]",0.16363279559788158,0.39227262954779707,0.8158506660243361,"[-0.2112511128265352, 0.5385167040222983]",23.374968761487633
2298.0,24.0,0.007398989609268127,0.020321311753002273,0.7992883166020499,0.0004374403890370819,0.0012017593105414339,"[0.353782674958676, 1.244793958245424]",0.13722796941854298,0.641929757110197,0.9267530297802351,"[-0.44118171889105995, 0.7156376577281459]",23.47582776807781
2299.0,24.0,0.002911856205292363,0.009887457403369654,1.1099671045445578,8.706477440941847e-05,0.0002952884662884245,"[0.555569614029062, 1.6643645950600536]",0.33155235325437804,0.20688418175763335,0.6425367181872946,"[-0.1832956855425052, 0.8464003920512613]",22.733563298059572
2300.0,24.0,0.019087034389580464,0.04543450223656383,0.8442591523394635,0.002021784454447036,0.004813772510588181,"[0.3082337813586068, 1.38028452332032]",-0.002893332224446432,0.9931425927301057,0.999042938587908,"[-0.6627067855002426, 0.6569201210513498]",0.011051715012665253
2301.0,24.0,0.12167543489995546,0.24247794918285262,0.5457348210875483,0.031207589031252633,0.062191289420591135,"[0.04925653656860257, 1.042213105606494]",0.25789344581394413,0.5910459098413493,0.9079046234122109,"[-0.6828140199254508, 1.198600911553339]",23.014919599385014
2302.0,24.0,0.00010598998872486753,0.0011110061711202047,1.35341502075572,9.23247310568895e-08,9.677644764873114e-07,"[0.8567782492060891, 1.850051792305351]",0.45304959509266496,0.018123104542882996,0.17260099564650475,"[0.07728750577608984, 0.8288116844092401]",22.269478019405298
2303.0,24.0,0.00042230703343179056,0.0025940235468783204,1.0267320454295878,2.029331509826144e-06,1.2457529219313345e-05,"[0.6031206802546863, 1.4503434106044892]",0.4031074716020937,0.062233156694778365,0.36260577157681145,"[-0.020609694456882488, 0.82682463766107]",22.46024287913402
2304.0,24.0,0.007532349969338712,0.020636575258462225,0.9473036329991321,0.0004504320988449648,0.0012340605447807255,"[0.41812715753227914, 1.476480108465985]",-0.05447299328521105,0.8540508479959474,0.9710102122541093,"[-0.6348684802711753, 0.5259224937007532]",0.20807150751247108
2305.0,24.0,1.0670409378000856e-06,0.00013857674516884228,1.4988540505052244,1.3411827413038728e-13,1.7417957679271074e-11,"[1.101976438544433, 1.8957316624660157]",0.07546040911754748,0.5907771479342421,0.9077706636973603,"[-0.19959423700722861, 0.35051505524232357]",23.711762469148933
2306.0,24.0,0.0001214636971279795,0.0012014213365774433,1.1989290197123077,1.2576874786956736e-07,1.2440034408463636e-06,"[0.7542934239639663, 1.6435646154606491]",-0.11414956993737224,0.5611884771856529,0.8964672159515222,"[-0.4991742725354226, 0.27087513266067814]",0.43601923937632336
2307.0,24.0,0.00019296913078471618,0.001593469288065369,1.0851990362127102,3.6436419001288424e-07,3.0087876962253033e-06,"[0.6670586569631989, 1.5033394154622215]",0.03798773592735305,0.8524775956715602,0.9708072590103425,"[-0.3623959102144248, 0.4383713820691309]",23.854897537207012
2308.0,24.0,3.315062780447154e-05,0.0005775109646299736,1.4303766738642234,5.008787070122363e-09,8.741338691313025e-08,"[0.9508924380553527, 1.909860909673094]",0.12118273809176561,0.49488379824908857,0.871424115982267,"[-0.2267913393306295, 0.4691568155141607]",23.53711603716684
2309.0,24.0,0.004869297957329719,0.014583102597573283,1.0848246442474332,0.0002158390674009938,0.0006460313301436511,"[0.5101275553749949, 1.6595217331198715]",0.40989616973440857,0.13961978220678614,0.5354870071966664,"[-0.13395514390634156, 0.9537474833751587]",22.434311962376025
2310.0,24.0,0.02724883639880071,0.062382867213371586,0.7136958680148285,0.003502666758126278,0.008020761983343894,"[0.2346141811034107, 1.1927775549262463]",0.08860301256574843,0.8032938349413937,0.964856561617867,"[-0.6085792123907879, 0.7857852375222848]",23.66156142185587
2311.0,24.0,0.0001143839951555253,0.0011596576555544488,1.3549879075794222,1.0928861551700286e-07,1.1095290915431763e-06,"[0.8549036858652725, 1.855072129293572]",-0.15018065769885425,0.4420351778165772,0.846978439121565,"[-0.5330677484010586, 0.2327064330033502]",0.5736478567095494
2312.0,24.0,0.03817393329495933,0.08406503698515598,0.6006026487803378,0.005829062136594262,0.012836516486664307,"[0.17366943398264922, 1.0275358635780263]",0.20404174068418968,0.5870813998248972,0.9076681456842388,"[-0.5323536435078725, 0.9404371248762519]",23.220617960952875
2313.0,24.0,0.007586317169100512,0.020752047892736564,0.885621328001575,0.0004559108829231995,0.0012473621967802996,"[0.39044737683629016, 1.3807952791668598]",0.08489220147387755,0.7744900464033864,0.9594555633735847,"[-0.49584690574749224, 0.6656313086952473]",23.675735676131502
2314.0,24.0,0.0008933081968530233,0.004270115663733381,1.0649733346631562,9.383392115229222e-06,4.4832260464544776e-05,"[0.5938947391809268, 1.5360519301453857]",0.4172705110006243,0.07158648929939762,0.39011710789862464,"[-0.03664384785107189, 0.8711848698523205]",22.40614405362647
2315.0,24.0,0.01982549358732675,0.047035571974677934,0.9535515372459128,0.002148616916777054,0.005097549031499535,"[0.34455878876851387, 1.5625442857233116]",-0.2411360108003251,0.4744747860877738,0.8615157119619586,"[-0.9019392412228383, 0.4196672196221881]",0.9210717138319776
2316.0,24.0,0.09134146863013645,0.18690703628020555,0.5847288490421882,0.020811776757504834,0.04257205799640427,"[0.08890098640074473, 1.0805567116836317]",0.41885136473867757,0.34541450101219606,0.7853899522787541,"[-0.4512232039454036, 1.2889259334227587]",22.400105637145273
2317.0,24.0,1.080440074963487e-05,0.0003311127243035013,1.6468421252905787,2.2726160916336245e-10,6.992664897334229e-09,"[1.137868584956891, 2.1558156656242664]",0.05174805919325731,0.7521187538719364,0.9552799279805988,"[-0.26937064592472904, 0.37286676431124366]",23.802336974015546
2318.0,24.0,0.008967024549307387,0.023797835852726608,0.7853458271429032,0.0006053383546331031,0.001606365782386319,"[0.3364817991876949, 1.2342098550981115]",0.47838088190398764,0.10860175334137175,0.4815462434941741,"[-0.10597788725554491, 1.06273965106352]",22.172719631143682
2319.0,24.0,0.000793940030446567,0.003940149034474277,1.049361048583892,7.3628272013162134e-06,3.655822840772698e-05,"[0.5905731359960664, 1.5081489611717176]",-0.10506039572539727,0.6501294687174823,0.9299133911664488,"[-0.5590344043087256, 0.34891361285793104]",0.40130115126930255
2320.0,24.0,5.010390339255723e-05,0.0007389956252589563,1.4308130999098798,1.4597519467584211e-08,2.153026470145164e-07,"[0.9358908858288902, 1.9257353139908693]",0.2639942829070332,0.14791021168969934,0.5518919826529834,"[-0.09359815104646496, 0.6215867168605314]",22.99161611825629
2321.0,24.0,0.0004965982741047287,0.002887571068722717,1.2674456468822204,2.8322507357267302e-06,1.6476153203762247e-05,"[0.736942330637871, 1.79794896312657]",-0.21245507702672217,0.3367651730532403,0.7770308561449937,"[-0.6459492545093224, 0.221039100455878]",0.811518616650533
2322.0,24.0,0.006531016219888824,0.01848575210837482,0.9577286004351796,0.00035445591583279685,0.0010038400335111778,"[0.4322001746679621, 1.4832570262023972]",-0.06346899790232818,0.8272639115892758,0.9679957461859046,"[-0.63354274439199, 0.5066047485873336]",0.242433713981872
2323.0,24.0,0.002737924480023837,0.009437864460613019,0.9325196707319584,7.793902336118098e-05,0.0002684775176065483,"[0.4698857565691109, 1.395153584894806]",-0.34519503739261825,0.18554056332148183,0.6170340062801836,"[-0.856243050509412, 0.16585297572417546]",1.3185479167638443
2324.0,24.0,0.08393193289431317,0.17284170694875034,0.6820343070882819,0.0184406527795411,0.0379749851308507,"[0.11480409829458882, 1.249264515881975]",0.3973384541822007,0.36203762313384247,0.797284225754174,"[-0.45705343342776394, 1.2517303417921655]",22.482278902473844
2325.0,24.0,0.007149020095882378,0.019759591199232665,0.9184003535905746,0.00041308066664698465,0.0011417376082006208,"[0.4087049088310285, 1.4280957983501206]",0.16250803210760179,0.5800166533523465,0.903509696208661,"[-0.41308410167553455, 0.7381001658907381]",23.37926504155053
2326.0,24.0,0.00483402224879133,0.014494819336705636,1.1109088226996064,0.00021255541355623135,0.0006371565154563289,"[0.5230113363912415, 1.6988063090079715]",-0.2776855363352979,0.3195614684669633,0.7628347551089013,"[-0.8244765926018052, 0.26910551993120935]",1.0606806175892827
2327.0,24.0,0.0034385509021375685,0.011160502765782437,1.0754398529842915,0.00011684428907744134,0.0003797344461405309,"[0.5283304570262861, 1.6225492489422968]",0.18589260360283166,0.48959054396087676,0.8697731756428894,"[-0.3414066541181866, 0.7131918613238499]",23.28994255805729
2328.0,24.0,0.09061416636080284,0.1856467247711593,0.6398557549883667,0.02052714840739281,0.04205521083260154,"[0.09849760527823814, 1.1812139046984953]",0.08729808517680215,0.8456184400685322,0.9708072590103425,"[-0.7914414309956747, 0.966037601349279]",23.66654587731971
2329.0,24.0,0.0012107626320427226,0.00528255947662619,1.0815689410923806,1.6937486504706008e-05,7.386605540648063e-05,"[0.5887962563081199, 1.5743416258766412]",0.2750579333087817,0.25217638324813807,0.7000725238610587,"[-0.1957424093741854, 0.7458582759917488]",22.949356086654397
2330.0,24.0,0.00043284061587301625,0.002636057343928235,1.3236621036713963,2.1202083380199574e-06,1.2912352850304247e-05,"[0.7765215548873785, 1.870802652455414]",0.11803895585977742,0.5897883458369053,0.9077706636973603,"[-0.3110720609329159, 0.5471499726524707]",23.54912440074025
2331.0,24.0,1.4455533392518769e-05,0.0003794103252629598,1.2589955893487326,5.228410640250436e-10,1.372286257283579e-08,"[0.8617724994996819, 1.6562186791977833]",0.10582859346841644,0.5266398383756324,0.8839273529919359,"[-0.22177515175050566, 0.43343233868733855]",23.595764549496934
2332.0,24.0,0.003400500238126023,0.01109099881971958,0.8431403097199983,0.00011485387835832117,0.0003744828117323808,"[0.41467634300400624, 1.2716042764359905]",-0.31826689669900077,0.23400175032320691,0.675980281718279,"[-0.8424115340612388, 0.20587774066323727]",1.2156899959719265
2333.0,24.0,0.00013053874005230877,0.0012589837789136983,1.38770026029393,1.4920378121406832e-07,1.438802133211845e-06,"[0.8699840405771887, 1.905416480010671]",0.2079655170607353,0.29153080546670107,0.7408030449388471,"[-0.17847433013704134, 0.5944053642585119]",23.20563023921093
2334.0,24.0,0.0030653126017313116,0.010255311481202112,0.9015364919794004,9.507689261774173e-05,0.0003180893028362052,"[0.4487927566020971, 1.3542802273567038]",0.08877271021693556,0.7386909994065107,0.9523631024368666,"[-0.43280383775305054, 0.6103492581869217]",23.66091322457545
2335.0,24.0,0.000709612404198241,0.0036788081470983565,1.0074703849834568,5.951026675307698e-06,3.0722904880266896e-05,"[0.5713942942255872, 1.4435464757413263]",-0.5890189685769744,0.008584506776343427,0.10880236725403584,"[-1.0282809012798984, -0.14975703587405065]",2.2498867301739662
2336.0,24.0,7.220268419950076e-05,0.0009072176673814897,1.178275992424535,3.613643722029815e-08,4.551188566788181e-07,"[0.7590569086734688, 1.5974950761756013]",-0.1448770875176688,0.4417746709984237,0.846978439121565,"[-0.5140319546854932, 0.22427777965015555]",0.5533897108606589
2337.0,24.0,0.049923628737134365,0.10720126419827006,0.6782539246219261,0.008678435487349615,0.018639251476266355,"[0.17173104788065208, 1.1847768013632]",-0.28079606201095775,0.4756428245741974,0.8615157119619586,"[-1.0523207749901322, 0.4907286509682167]",1.0725619504747752
2338.0,24.0,0.0009267239041768214,0.0043828559823815266,1.0558846451293498,1.0039734078356364e-05,4.745336410212537e-05,"[0.5872823229729879, 1.5244869672857115]",-0.24332549295817252,0.2989581809065276,0.7481435958621812,"[-0.7024791667104952, 0.21582818079415012]",0.9294349196295679
2339.0,24.0,0.0001068108915785945,0.0011126134539436927,1.4015595454665104,9.336118552066804e-08,9.745426463535285e-07,"[0.8870611558220305, 1.9160579351109903]",0.2857160205351663,0.13969848883604116,0.5354870071966664,"[-0.09344811713936074, 0.6648801582096934]",22.908645192270786
2340.0,24.0,0.002579448502036418,0.009044349586382951,1.124955763615261,6.961721619744277e-05,0.00024409963603591432,"[0.5706319978922465, 1.6792795293382754]",-0.05147775449146064,0.8437742447345571,0.9708072590103425,"[-0.5634558154724335, 0.46050030648951223]",0.19663053807808745
2341.0,24.0,0.00033760537806127574,0.002236301564046778,1.1738396889468685,1.24938415271685e-06,8.290538505088588e-06,"[0.6992410843506061, 1.648438293543131]",0.1035765417889376,0.6287082707039024,0.9213192712542533,"[-0.316251951914203, 0.5234050354920783]",23.60436675326223
2342.0,24.0,0.0009962027384373424,0.004605444060861248,1.2222613939348357,1.1539899800355745e-05,5.340073947411266e-05,"[0.6760845707587995, 1.768438217110872]",0.054388381226713634,0.8184025412012736,0.966095377463714,"[-0.4098939756835082, 0.5186707381369355]",23.79225168674405
2343.0,24.0,0.0008170758756335433,0.0040230225289687015,1.2024683636242004,7.813570041694593e-06,3.8490492816229515e-05,"[0.6752483017984262, 1.7296884254499747]",0.21480963526784969,0.35380244063834265,0.7919151509926126,"[-0.23924712195347253, 0.6688663924891719]",23.17948763336051
2344.0,24.0,0.0014442624570853819,0.005958178453322532,0.9994744842036586,2.3716775043617458e-05,9.780113420048436e-05,"[0.5360054273202943, 1.4629435410870228]",-0.20804007256191426,0.3959317949651884,0.8173912986918532,"[-0.6883635614083228, 0.2722834162844942]",0.7946545418262058
2345.0,24.0,0.00615428836189943,0.017618918871741853,1.0475713055866975,0.0003219138169776834,0.0009215969567067948,"[0.47676104951236997, 1.618381561661025]",0.36040774563840916,0.207867099397418,0.6441496727530771,"[-0.20046013451651634, 0.9212756257933347]",22.623343818072975
2346.0,24.0,0.00644579196729093,0.018296315547235112,0.9073275771891939,0.0003482773537234242,0.0009880208616267355,"[0.41009598063846087, 1.4045591737399268]",-0.3785354717073446,0.18801137331333218,0.6198917259762965,"[-0.9420937334642118, 0.1850227900495226]",1.4458989949883085
2347.0,24.0,0.0017239245802899233,0.0068031751392656796,1.1705156897807993,3.306940477565693e-05,0.00013050278127725703,"[0.6178677015161104, 1.7231636780454882]",-0.005293874593734316,0.9831287546683493,0.9971100704756963,"[-0.4959557270518052, 0.48536797786433655]",0.020221111432833973
2348.0,24.0,0.01602760292474077,0.038873642795878655,1.0101279760614927,0.0015382623533241387,0.003730929792200191,"[0.3850615830791103, 1.6351943690438753]",-0.19639759622358088,0.5482804049334824,0.8928806760019607,"[-0.8375891317406124, 0.4447939392934507]",0.7501835580083773
2349.0,24.0,0.03415069545353791,0.07597096570774277,0.6965343963016636,0.004959426904342007,0.011030753790796278,"[0.2106451368301146, 1.1824236557732126]",0.68741001082818,0.0552410519096572,0.3410489090175826,"[-0.015415302365567207, 1.3902353240219272]",21.374287172300203
2350.0,24.0,0.002456673927991377,0.0087457242007525,0.9913309011506805,6.378404143046672e-05,0.00022715114469539432,"[0.5053879293898693, 1.4772738729114916]",-0.17128226963090576,0.5089515191971303,0.8773513518309436,"[-0.6795665057602844, 0.3370019664984729]",0.6542500770181795
2351.0,24.0,0.006434688044018117,0.01826998308920533,0.9857739841841758,0.00034655054949052344,0.00098423899315684,"[0.4457486201960157, 1.525799348172336]",-0.2724440340958969,0.34558423534944815,0.7854187167032912,"[-0.8385877134446363, 0.29369964525284253]",1.0406595538142127
2352.0,24.0,0.011301162506424317,0.028763457639155807,0.9107161805543124,0.0008808071344121914,0.0022418099628714466,"[0.3740550592285182, 1.4473773018801066]",-0.31049775992052453,0.31686479415033997,0.7602537785596664,"[-0.9185019521044789, 0.2975064322634299]",1.1860140794474896
2353.0,24.0,0.07800762714777372,0.16144886602392372,0.6339815818094917,0.016608937408004204,0.03437991597599711,"[0.11521321357444181, 1.1527499500445417]",-0.4221588016664528,0.324297423596404,0.7664141157578481,"[-1.2616081735957376, 0.4172905702628319]",1.6125278413192088
2354.0,24.0,0.003045701216558666,0.010213619103147773,1.0863064075321172,9.436695850986197e-05,0.0003163491736837478,"[0.5410261457711694, 1.631586669293065]",0.3251708437289871,0.21817869048094718,0.657423017751728,"[-0.1923950242409206, 0.8427367116988947]",22.757938868908067
2355.0,24.0,7.894414065598158e-06,0.00028811730166416636,1.3059355407785176,9.046177719076204e-11,3.3015247149913154e-09,"[0.9110648479638168, 1.7008062335932184]",0.049993633367445334,0.7551242023810141,0.9553874318273853,"[-0.26417403425827973, 0.3641613009931704]",23.809038387034732
2356.0,24.0,0.0029145504771780155,0.009889889640916237,0.9995539292668217,8.69609514847093e-05,0.0002950829707658951,"[0.5003412754709824, 1.498766583062661]",-0.19333096458963528,0.46408413372800106,0.8557701156702952,"[-0.710885784839513, 0.3242238556602425]",0.7384698880119512
2357.0,24.0,0.022534357346398946,0.05261348901797559,0.8387753330681638,0.002616450922106549,0.006108921134967427,"[0.29252229267094354, 1.385028373465384]",0.0073940825432945445,0.9829163370583474,0.9971100704756963,"[-0.669402669285197, 0.6841908343717861]",23.971756685126525
2358.0,24.0,0.0012335927620589632,0.005350910546144803,0.9222194632780352,1.7651630284747355e-05,7.63809185839349e-05,"[0.5011514979637893, 1.343287428592281]",0.4633595828755599,0.05193842837429336,0.3291408642223914,"[-0.0038907056365627413, 0.9306098713876825]",22.230096766952542
2359.0,24.0,0.2359194247452006,0.4370496938592083,0.5587524508748543,0.07893976956525223,0.14623892101751063,"[-0.06459130621302356, 1.182096207962732]",-0.08789076653041761,0.8818124877136666,0.9768610698057679,"[-1.246567470472217, 1.0707859374113817]",0.3357179986908402
2360.0,24.0,0.20976268908805124,0.39637696350727747,0.5380877434565137,0.06712541953537668,0.1268264012777256,"[-0.03795190125018799, 1.1141273881632152]",0.5870816066505746,0.28960201058651347,0.7391577605577169,"[-0.49947564308541126, 1.6736388563865605]",21.757513447277503
2361.0,24.0,0.09196188209691054,0.18802265814130148,0.8075706523420796,0.020962493567755622,0.04286808500563522,"[0.12197387247450764, 1.4931674322096515]",0.06300231391854805,0.8886576829763903,0.979163537493745,"[-0.8189954749623671, 0.9450001027994632]",23.75934888752726
2362.0,24.0,0.0015642457783919964,0.006302360106333588,1.2169258810176018,2.754412685581985e-05,0.00011097553124826692,"[0.6480725488800749, 1.7857792131551287]",0.0833779024465997,0.7364366098942541,0.9523631024368666,"[-0.40215203408622624, 0.5689078389794257]",23.681519872343756
2363.0,24.0,0.0023265782835181523,0.0084083060481321,0.9234829545229029,5.78178593022628e-05,0.00020887954950239452,"[0.47340874233889846, 1.3735571667069073]",0.239198479261578,0.35255495262771863,0.7911915453943417,"[-0.265102018518903, 0.743498977042059]",23.086329111490937
2364.0,24.0,0.005059550483937876,0.015040280867829598,0.9694715558905667,0.00022953889532796592,0.0006823391656598274,"[0.4537025335538959, 1.4852405782272373]",-0.16879315247763227,0.548723739979551,0.8928806760019607,"[-0.7204740364704604, 0.38288773151519584]",0.6447423498451003
2365.0,24.0,0.0031515568753125046,0.010459863509168617,1.1705273291896656,9.993494491462682e-05,0.00033178932574577294,"[0.5808745534969225, 1.7601801048824086]",-0.10662726809997114,0.6894896829277957,0.9373185088522442,"[-0.6296827241363441, 0.4164281879364018]",0.4072861628758842
2366.0,24.0,0.0005182091479006621,0.002971962305452036,1.2180758332823798,3.092351596992227e-06,1.7751731326017377e-05,"[0.7062654686031477, 1.729886197961612]",-0.18709259380898757,0.3997843073574038,0.8206211468997754,"[-0.6225936731976156, 0.2484084855796404]",0.7146410668940282
2367.0,24.0,2.3135591618125397e-07,8.947099647922045e-05,1.6941337471017661,3.9918203527349732e-16,1.6183733945347544e-13,"[1.2861575006600279, 2.1021099935435044]",0.04125323316166618,0.7466043160904084,0.9549812178183786,"[-0.20897836917733303, 0.2914848355006654]",23.84242425657116
2368.0,24.0,0.0007734664985401951,0.0038653997928045736,0.8994020173238658,7.000372153133953e-06,3.498436858137908e-05,"[0.5071184848911436, 1.291685549756588]",0.20703517633599589,0.36910691900372183,0.8015351118430442,"[-0.24476309708756494, 0.6588334497595567]",23.209183879013377
2369.0,24.0,0.015788013987729582,0.038385640621759254,0.764367505003199,0.0015029751491573808,0.003654206538189596,"[0.2923821277720842, 1.236352882234314]",0.2454319115293062,0.4514282483828176,0.8506966171255329,"[-0.39336579843312114, 0.8842296214917336]",23.062519154102837
2370.0,24.0,0.0014666481464303224,0.006026031579899067,0.8318663236447518,2.4705678309314907e-05,0.00010125277995620864,"[0.4452773577606554, 1.218455289528848]",-0.7781344941279267,0.0010383389704132857,0.026969843387358073,"[-1.2431190858236754, -0.31314990243217805]",2.9722548271385025
2371.0,24.0,0.006772359828267111,0.018986150345576425,1.0990907550810947,0.00037728827898397463,0.001057718752408115,"[0.49321539690211824, 1.704966113260071]",-0.18948715189987553,0.5156538036983398,0.8807846513356998,"[-0.7608010186646932, 0.38182671486494213]",0.7237876050544805
2372.0,24.0,0.12587378211541944,0.2503456287100625,0.6236881856443608,0.032774623388267046,0.06518030174085711,"[0.051087814043069724, 1.1962885572456519]",-0.4114295360030109,0.3921913039161298,0.8158506660243361,"[-1.353855646465146, 0.5309965744591241]",1.5715450653332186
2373.0,24.0,0.0011353507097725808,0.005041521801832064,1.1532302023712224,1.4901281014877579e-05,6.622791562167813e-05,"[0.6312405432442, 1.675219861498245]",-0.08802252370399799,0.7136337546700147,0.9463571189696999,"[-0.5581322346093712, 0.38208718720137524]",0.3362212740219554
2374.0,24.0,0.00020154256235593014,0.0016369691031257766,1.2065945219105383,4.018353002444153e-07,3.266068530804832e-06,"[0.7399722735237864, 1.6732167702972902]",-0.046678663896200234,0.8198956332594028,0.966095377463714,"[-0.4485093741585588, 0.3551520463661583]",0.178299362304131
2375.0,24.0,0.014993553887545048,0.036730901243373464,0.9956137596518161,0.0013873263354466114,0.0033978112550737483,"[0.3852917949887006, 1.6059357243149317]",-0.3616391546840729,0.26127223665074084,0.7100969622794703,"[-0.9925867564523255, 0.26930844708417967]",1.3813598180050743
2376.0,24.0,0.0001746479296327542,0.0014838396740250994,0.9582548574867302,2.929827041647998e-07,2.4892328306270163e-06,"[0.5919952146334688, 1.3245145003399916]",-0.3396463841058708,0.0909678506168121,0.43761738885178597,"[-0.7334753309778177, 0.05418256276607614]",1.2973536224097093
2377.0,24.0,0.0011442830695937883,0.005072176726922821,1.0435454710407435,1.5133454027770254e-05,6.708091324366247e-05,"[0.5708309094454593, 1.5162600326360276]",0.10966769936730625,0.6476620426502944,0.9294020283387066,"[-0.36065801179244383, 0.5799934105270563]",23.581100245156254
2378.0,24.0,0.025761482225865915,0.05933091254229829,0.8638768134426223,0.003216099725794566,0.00740695468861024,"[0.2891991579648069, 1.438554468920438]",-0.14863222263184372,0.672955590939646,0.9338966192307091,"[-0.8387937303512527, 0.5415292850875653]",0.5677332704302321
2379.0,24.0,0.0022262935616434248,0.00818490280015965,0.9120857532725583,5.320554224881906e-05,0.00019568055258852176,"[0.4697151222872085, 1.354456384257908]",-0.09108107155741241,0.723041095496286,0.9484629638926688,"[-0.5947970369296284, 0.41263489381480356]",0.34790406625125164
2380.0,24.0,0.004677667498925157,0.01411912918480277,1.0618456094150617,0.00020056382567896084,0.0006057500020506217,"[0.5021338562474863, 1.621557362582637]",-0.2129287404147302,0.44458625738878543,0.8474209762881348,"[-0.7588387061451239, 0.33298122531566354]",0.8133278775200482
2381.0,24.0,0.04196626340088849,0.09166942638900938,0.6472108407177289,0.006712952694416387,0.014663505230267337,"[0.17925694454392133, 1.1151647368915365]",-0.23070951808902684,0.5456987640614245,0.8916147622655779,"[-0.9790857686072172, 0.5176667324291635]",0.881245445333224
2382.0,24.0,0.23872410927356533,0.4413461069949442,0.4254010858257415,0.08025244655316836,0.1483957961412137,"[-0.05125095643229932, 0.9020531280837822]",-0.029841530953843787,0.9599371644956955,0.9938808419181301,"[-1.1941953095290303, 1.1345122476213427]",0.11398625185761699
2383.0,24.0,0.001251474527699019,0.005388988753368267,1.0678918475955832,1.809358022375373e-05,7.784689626182389e-05,"[0.5796880271678845, 1.556095668023282]",-0.35736637674439997,0.13669156270223395,0.5302931662877406,"[-0.8280110851937087, 0.11327833170490875]",1.3650390084890833
2384.0,24.0,2.0614033315340425e-05,0.00044070996318830403,1.5030389446165409,1.4026789285270353e-09,3.029544122088629e-08,"[1.0165288500364351, 1.9895490391966466]",-0.13354652773703357,0.4358710311217423,0.8423793596586738,"[-0.4694700220435196, 0.20237696656945248]",0.5101101605305872
2385.0,24.0,0.0024424138802904985,0.008710463196471108,1.0857798686467326,6.304772728208542e-05,0.0002248492413769095,"[0.5539042623853357, 1.6176554749081293]",0.09240091077722834,0.7218534489213334,0.9478538799325268,"[-0.4163384415903997, 0.6011402631448564]",23.647054519286662
2386.0,24.0,0.001326081182273829,0.005611854347328942,1.154458487921269,2.010053066184272e-05,8.509962176902082e-05,"[0.6237787273988639, 1.6851382484436739]",-0.006235193294438446,0.9795908026110185,0.9967274161587315,"[-0.4839456858847566, 0.4714752992958797]",0.023816684014639638
2387.0,24.0,0.0005083848809028109,0.002933553842485926,1.0730102683809786,2.9654877025174887e-06,1.7121753478738388e-05,"[0.6229838710872933, 1.523036665674664]",0.03378413910301514,0.8792394994586599,0.9766268042296392,"[-0.4020365237525875, 0.4696048019586178]",23.870954094327622
2388.0,24.0,6.914612680283147e-06,0.00027767416603262883,1.442762594088725,6.123009952761748e-11,2.459040141671385e-09,"[1.01042948135964, 1.87509570681781]",0.23678450236116166,0.1344966052041927,0.5280589132477138,"[-0.07331050342287199, 0.5468795081451954]",23.09554982404
2389.0,24.0,2.4666529989852556e-05,0.0004983137371687385,1.4168859364185984,2.2802166793908157e-09,4.606498342203668e-08,"[0.9522229400730344, 1.8815489327641624]",0.07560203806951726,0.6635856038002768,0.93180039273632,"[-0.26506037330651216, 0.4162644494455467]",23.711221486401953
2390.0,24.0,1.5575587469291738e-05,0.0003923615286123946,1.188942859869316,6.442129963136433e-10,1.6228654710827106e-08,"[0.8118261297474147, 1.566059589991217]",0.03106321061469597,0.8534532987560852,0.9710102122541093,"[-0.29854226773827547, 0.3606686889676674]",23.881347275576797
2391.0,24.0,0.005463323739304333,0.015983978172335673,0.7124043804456406,0.0002619615197677133,0.0007664175534456212,"[0.3298886486536499, 1.0949201122376313]",0.18720005481983826,0.5097079229934249,0.87774087227094,"[-0.36931368581572166, 0.7437137954553982]",23.284948462280376
2392.0,24.0,0.010294672979287338,0.026642528414304704,0.8974158246496232,0.000755000021379926,0.0019539338027430796,"[0.37529816691752216, 1.4195334823817243]",0.13287513959576103,0.6662408361503481,0.9328491125039879,"[-0.4709335070264312, 0.7366837862179533]",23.492454353263415
2393.0,24.0,0.005731160900074102,0.01661687706603103,0.9776362173499717,0.00028395828222717827,0.0008235449020509811,"[0.4497051521216068, 1.5055672825783368]",-0.0725997294863614,0.799760350577227,0.9642437759616215,"[-0.6335647547263836, 0.48836529575366083]",0.27731053955733226
2394.0,24.0,0.0021547452899346314,0.007991564054622728,1.4672788214991692,5.012667259314081e-05,0.0001859987851322479,"[0.7580831584934111, 2.1764744845049275]",-0.137936794464947,0.5898811509291848,0.9077706636973603,"[-0.6395082291263351, 0.3636346401964411]",0.5268797441603305
2395.0,24.0,0.11595227200079972,0.23199734293877494,0.6639572924641177,0.029174939385642154,0.05837322806250931,"[0.06732089121339513, 1.2605936937148403]",0.34589234569901794,0.46392062358714226,0.8557701156702952,"[-0.5797367124607895, 1.2715214038588254]",22.678788561704415
2396.0,24.0,0.09665209804952807,0.19672725025346643,0.7656016624312771,0.02249991680929474,0.04579669613127364,"[0.10799015134053791, 1.4232131735220164]",0.0214936292091501,0.962357908614961,0.9938808419181301,"[-0.8711188675968746, 0.9141061260151748]",23.917900383993107
2397.0,24.0,0.000620136198309235,0.003339451794880102,0.7502481431925087,4.481464523890363e-06,2.4119830591444368e-05,"[0.42972633235674906, 1.0707699540282682]",0.2485802651869582,0.2702483434694978,0.7202045575339596,"[-0.1933357619661104, 0.6904962923400269]",23.050493328969633
2398.0,24.0,0.10980157816932971,0.22092872871092498,0.66508705132624,0.026965014513795696,0.05427740441585285,"[0.07578660341963972, 1.2543874992328403]",0.00778458473089394,0.9867798737995288,0.9971100704756963,"[-0.913021390711634, 0.9285905601734219]",23.97026507664385
2399.0,24.0,0.0003218285869952826,0.002177459993202183,1.5095105597876692,1.1268174755260146e-06,7.623934205182779e-06,"[0.9017596661813577, 2.1172614533939806]",0.09238553133418925,0.664980316029594,0.9322589598059637,"[-0.32574953503791576, 0.5105205977062943]",23.647113264431823
2400.0,24.0,0.002109947197495224,0.007874094959895463,1.1273493194750728,4.817655598786318e-05,0.00017981049269391765,"[0.5836976827757147, 1.671000956174431]",0.027638996966793172,0.9139171270794633,0.9864493632715893,"[-0.4734888298141252, 0.5287668237477116]",23.89442680825519
2401.0,24.0,4.2819900107234906e-05,0.0006722119326096531,1.3927497314435844,9.723195820952963e-09,1.5264043674965403e-07,"[0.9168112763745497, 1.868688186512619]",-0.06512226062877158,0.7192020334352425,0.9474481961838024,"[-0.42013824394494825, 0.2898937226874051]",0.24874871242530522
2402.0,24.0,0.0005178871828768925,0.002971962305452036,0.8934441873658916,3.0904279770561746e-06,1.7750878673498993e-05,"[0.5180476488808412, 1.268840725850942]",0.21465865655931538,0.3335961142464876,0.7747226475057227,"[-0.22046912576963007, 0.6497864388882608]",23.180064329546866
2403.0,24.0,0.11261921811742746,0.22596151307670037,0.607018210913505,0.027973433722273944,0.05613773574608458,"[0.0656539816305034, 1.1483824401965066]",0.23548220973604028,0.6170285490665852,0.9174210890671123,"[-0.6874691126566836, 1.1584335321287642]",23.10052421544736
2404.0,24.0,0.00964010197039686,0.02526232172535865,0.8227944670370178,0.000680726825221703,0.001782474012101867,"[0.34809909860693133, 1.297489835467104]",-0.39138153940290454,0.19572177262235513,0.628212415479628,"[-0.9842644108129555, 0.20150133200714637]",1.494967359141304
2405.0,24.0,8.72571892850204e-06,0.0003071388681463553,1.409031993824173,1.2166642174477696e-10,4.299166846105193e-09,"[0.9800201090362008, 1.8380438786121454]",-0.006025752708934462,0.9702258416103786,0.9946639642340541,"[-0.3224422597628985, 0.31039075434502955]",0.023016679907431163
2406.0,24.0,0.049547486405153565,0.10653082434993241,0.541201466443589,0.008569486081758056,0.018425039952178146,"[0.137690971369609, 0.944711961517569]",0.06617110934856996,0.8670251213023352,0.9734244302898619,"[-0.7084003121858851, 0.840742530883025]",23.747244980575218
2407.0,24.0,0.10865503792620528,0.2188860554516625,0.7180855926400316,0.02656905409054505,0.053523477217052876,"[0.08348043734873978, 1.3526907479313235]",-0.06635076601526269,0.8873602668285158,0.9788768537159467,"[-0.9844554167009005, 0.8517538846703752]",0.2534412573423071
2408.0,24.0,0.00027822818812710563,0.0019873442009078974,1.099278869453051,8.221543982657726e-07,5.8767290798125275e-06,"[0.6622540677378255, 1.5363036711682767]",-0.14837686452851528,0.4807635436114761,0.8646277697635844,"[-0.5608341171723257, 0.2640803881152951]",0.5667578743245532
2409.0,24.0,0.00012622623978283368,0.0012302092423316193,1.2565528400681398,1.402401271850943e-07,1.365180724492223e-06,"[0.7887789696024461, 1.7243267105338336]",-0.6605005671816517,0.0005719397565952807,0.01833140245497695,"[-1.0363246077989472, -0.2846765265643562]",2.5229263243670492
2410.0,24.0,0.00040224866499807653,0.002520186913765097,1.1952044797738215,1.8150781714198663e-06,1.1372670246991645e-05,"[0.7044102172624344, 1.6859987422852085]",0.0717277747572167,0.7417303604434222,0.9537050326581288,"[-0.3548491012166746, 0.498304650731108]",23.726020082169764
2411.0,24.0,0.008769586949310685,0.023329574220033743,1.1006306586118988,0.0005799195618296232,0.0015431600900202853,"[0.4736910578652036, 1.727570259358594]",0.053001194373484495,0.8606694508218965,0.9722881279054412,"[-0.5388357600073328, 0.6448381487543018]",23.797550350216454
2412.0,24.0,2.6427985397863035e-06,0.00019150714056422489,1.7982876829841774,2.9629307088561238e-12,2.147051238301539e-10,"[1.29329540345618, 2.3032799625121747]",0.06900406468562181,0.642933633622196,0.9269467971048314,"[-0.22272412373823536, 0.360732253109479]",23.73642388828441
2413.0,24.0,0.002360627810546872,0.00848841355824118,1.1977197198352816,5.943174531890586e-05,0.0002137832565428268,"[0.6130485068677343, 1.782390932802829]",0.2821220913182234,0.2728593481777759,0.7233810927300528,"[-0.22216277853318267, 0.7864069611696295]",22.92237299067076
2414.0,24.0,0.0009264087743824411,0.0043828559823815266,1.1895536963534352,1.0000766253617885e-05,4.732970304599094e-05,"[0.6617294682246444, 1.717377924482226]",-0.038881532183462575,0.8687222333533827,0.9740221701188653,"[-0.4999512450471823, 0.42218818068025715]",0.1485165130076324
2415.0,24.0,0.014199045803399033,0.035050717855835675,0.8091909537367259,0.0012676042725882522,0.0031291144719532266,"[0.31714025612961544, 1.3012416513438363]",-0.007881964571494038,0.9804965813566486,0.9969040046072112,"[-0.6398114680732363, 0.6240475389302482]",0.030106886947883254
2416.0,24.0,0.02234160616201259,0.05223662885670467,0.644386023460224,0.0025921227127529197,0.006059192876935296,"[0.22512432804223126, 1.0636477188782167]",-0.4099402180690239,0.22901462472769152,0.6694376636296157,"[-1.0778821753700525, 0.25800173923200476]",1.565856289868512
2417.0,24.0,7.174939537066937e-05,0.0009059267092256233,1.1163166553038297,3.553550528031175e-08,4.4868062222615843e-07,"[0.7193547937526833, 1.5132785168549763]",0.07927860051640234,0.6739967054328562,0.9338966192307091,"[-0.29009293258227836, 0.44865013361508305]",23.697178052313767
2418.0,24.0,0.00017237396718572146,0.001473281770818132,1.3126545040202713,2.821645862547733e-07,2.4116631303826776e-06,"[0.8116296902103903, 1.8136793178301522]",-0.04419348716898064,0.8271181123722778,0.9679957461859046,"[-0.44079592527740497, 0.3524089509394437]",0.16880668644987648
2419.0,24.0,0.0008378102903145549,0.004088874037650341,1.1423223159243716,8.201255433004628e-06,4.0025648770154356e-05,"[0.6403088579118154, 1.6443357739369278]",0.1375729342932459,0.5543524195928926,0.8948702936230022,"[-0.31847383433879106, 0.5936197029252829]",23.47451009931776
2420.0,24.0,0.002169856212414805,0.008024616170173096,1.031500696699326,5.074771347544935e-05,0.00018774588781150334,"[0.5325801224673088, 1.5304212709313434]",-0.08720387401427221,0.7336884766352253,0.9521002811253898,"[-0.5895695898303696, 0.41516184180182514]",0.3330942625472233
2421.0,24.0,0.3605837761170714,0.6159613531210648,0.547451851070859,0.1438648287172235,0.24575474669836606,"[-0.1866910922548729, 1.2815947943965909]",-0.38232207317194344,0.586797395645196,0.9076681456842388,"[-1.761091419126373, 0.996447272782486]",1.4603627471629466
2422.0,24.0,1.0293304621176812e-05,0.0003248576044199919,1.4466175012081537,1.9886708883695867e-10,6.333346778247092e-09,"[1.0009678356209435, 1.8922671667953639]",-0.25784385716699454,0.1126357712115782,0.49271990906202184,"[-0.5763931800753634, 0.060705465741374365]",0.9848909859361874
2423.0,24.0,0.03394052923303558,0.07555772313676666,0.7844705326788226,0.00490175522841061,0.010909760134454952,"[0.23797058358274437, 1.3309704817749008]",-0.43628510895643835,0.23112334712479077,0.6712847723636095,"[-1.1503764666847986, 0.27780624877192195]",1.6664863605072793
2424.0,24.0,0.07543525271050759,0.1564722105590284,0.7294477185042347,0.01585287620690796,0.03288296247025091,"[0.13677680767341016, 1.3221186293350593]",-0.6061019317749219,0.14916522041680078,0.5551366595340558,"[-1.4296369063951717, 0.21743304284532805]",2.315138843028613
2425.0,24.0,0.017109694628714117,0.04122817982822679,0.7327430400515488,0.0017034235862977852,0.004104635147705506,"[0.2750192814908027, 1.1904667986122948]",-0.06043961964040978,0.8551687938868949,0.9710102122541093,"[-0.7094349402759765, 0.588555700995157]",0.23086234138476525
2426.0,24.0,0.01586412489160569,0.0385425774820352,0.7543986684134809,0.001512192337835547,0.0036748294965626904,"[0.2883082613842142, 1.2204890754427475]",-0.09748555613686882,0.7658560859477873,0.9575323787835143,"[-0.7390853115828072, 0.5441141993090696]",0.372367395341883
2427.0,24.0,0.009222956049874437,0.024386451744776407,0.8307704791595901,0.0006302363486238947,0.001666410229042556,"[0.35442234062761135, 1.307118617691569]",0.07244934570083572,0.8115724362178962,0.9656985281831257,"[-0.5231853571738808, 0.6680840485755523]",23.723263884190523
2428.0,24.0,0.0015021060577998554,0.006129138842509766,1.172369445170538,2.5526189007626105e-05,0.00010427364790696939,"[0.6265857529320062, 1.7181531374090697]",0.14455603946230688,0.557500908491752,0.8955748171144232,"[-0.3384735242561428, 0.6275856031807565]",23.44783660237888
2429.0,24.0,0.0005650427542255751,0.003150709910923611,0.9921231345362033,3.6900725700187278e-06,2.058043820423161e-05,"[0.571968238345345, 1.4122780307270615]",0.05348563086703617,0.8116905207155238,0.9656985281831257,"[-0.3865219021469369, 0.4934931638810092]",23.795699939114947
2430.0,24.0,0.012445903126903763,0.03128537969681032,0.8306071419738108,0.0010269983195524278,0.0025816951220523575,"[0.334735055379191, 1.3264792285684306]",0.14089012497354325,0.6557696034100977,0.9301211184160023,"[-0.4785882944834905, 0.760368544430577]",23.461839364263017
2431.0,24.0,6.363103173763939e-05,0.0008361502199426988,1.407500963679207,2.6417127277038148e-08,3.475937799610283e-07,"[0.9116672559005545, 1.9033346714578596]",0.06223061049717504,0.7389385311807648,0.9523631024368666,"[-0.3037599015611557, 0.42822112255550576]",23.762296577465957
2432.0,24.0,0.043984132959998014,0.09559689841338408,0.8643240669599714,0.007216851121550472,0.015680311988745633,"[0.23378704111171944, 1.4948610928082235]",-0.4782225883490332,0.20888058361809614,0.6464889619872984,"[-1.2240940927563009, 0.2676489160582344]",1.8266757320147824
2433.0,24.0,0.005440222501750229,0.01593037335798017,1.1397111903125703,0.00025994899806060326,0.0007611976517147972,"[0.5280907659196394, 1.7513316147055011]",0.15283849306086061,0.5905129575076722,0.9077706636973603,"[-0.4038645911269976, 0.7095415772487188]",23.416199960031545
2434.0,24.0,0.0023517238116125064,0.008465528479526661,1.0229287849935627,5.896842000799082e-05,0.00021226933048232836,"[0.5238118154878045, 1.5220457544993207]",-0.2402688398025461,0.35094272625956235,0.789522443778543,"[-0.7451330353158913, 0.26459535571079906]",0.9177593646127187
2435.0,24.0,4.044855322881722e-05,0.0006502982834214987,1.044140581940772,8.536589642781087e-09,1.372442064755802e-07,"[0.6886953512775142, 1.39958581260403]",-0.47869951874147354,0.007022936648187897,0.09541297609398341,"[-0.8267407633185704, -0.1306582741643767]",1.8284974719220057
2436.0,24.0,0.01932816765065257,0.045942875328387374,0.736236182757304,0.002063232605327176,0.004905450797259097,"[0.2678792756700531, 1.204593089844555]",-0.15294044590742395,0.6496637265263314,0.9299133911664488,"[-0.8128663945475393, 0.5069855027326914]",0.5841894711562837
2437.0,24.0,0.0002996505961197619,0.002080906917498347,1.155992160082808,9.648121981140158e-07,6.704740779110603e-06,"[0.6934794681031897, 1.6185048520624263]",0.0011049001402438918,0.9958444490184937,0.9991900609698904,"[-0.4146913832477283, 0.4169011835282161]",23.995779592345375
2438.0,24.0,0.00024310070862474612,0.0018155392727762967,1.2159554642453063,6.120085012152255e-07,4.57063854529668e-06,"[0.7381044179638516, 1.693806510526761]",0.20675759773582403,0.3195027811533194,0.7628347551089013,"[-0.2003197653564509, 0.613834960828099]",23.21024415116491
2439.0,24.0,0.000316374338394536,0.0021536714662664124,1.3669149864643337,1.086598002090039e-06,7.396855017631307e-06,"[0.8173855837081235, 1.916444389220544]",-0.1292571674671743,0.5437502000411787,0.8910210101645429,"[-0.5465159286633783, 0.2880015937290296]",0.4937260111789851
2440.0,24.0,0.0024134243202564958,0.008634791843493722,1.0969090612321069,6.224823772384651e-05,0.00022231513472802323,"[0.5599867952484958, 1.6338313272157179]",0.5261552197568404,0.03873327566790197,0.27607466620029913,"[0.027248286662925003, 1.0250621528507557]",21.990235102610313
2441.0,24.0,0.00018991005049968587,0.0015799505033251735,1.1807374043047085,3.53613145710037e-07,2.941873092429592e-06,"[0.7262923629518725, 1.6351824456575446]",-0.29657527602873746,0.14350832581989567,0.5423595080116994,"[-0.6939343431134191, 0.1007837910559441]",1.1328341082916047
2442.0,24.0,8.6197916253749e-05,0.0009851190428999885,1.2962930981600214,5.577667958505308e-08,6.374477666863209e-07,"[0.8285530839657039, 1.7640331123543387]",0.23361573112896128,0.22015702633962075,0.6589554814116155,"[-0.1398239800745698, 0.6070554423324923]",23.107653638563168
2443.0,24.0,0.0004801802963014104,0.0028327133395741797,1.350655238077863,2.6335622703382395e-06,1.5546412457722785e-05,"[0.7871146939902053, 1.9141957821655207]",-0.05535548058095685,0.8023741882190225,0.9644549957475566,"[-0.48885650081304743, 0.37814553965113373]",0.21144236068048092
2444.0,24.0,0.007855148746832057,0.02133391837814247,0.9525026615947505,0.0004839174542300205,0.0013142788001901697,"[0.4175066263321884, 1.4874986968573127]",-0.2237546324243933,0.4507453974309188,0.8504782689258926,"[-0.8052539288551751, 0.3577446640063885]",0.8546797389612546
2445.0,24.0,0.04402783702203536,0.09567109305092429,0.8421664235601544,0.007210954533489465,0.015672581033448086,"[0.227856153511391, 1.4564766936089177]",0.28087260795921676,0.4650787801489922,0.8563025696728113,"[-0.47271124174556023, 1.0344564576639939]",22.927145665540287
2446.0,24.0,0.018704280133324928,0.04466160490287709,0.9193411925990986,0.0019631548396997415,0.0046898108927370796,"[0.3372931117195306, 1.5013892734786667]",0.28358237290343613,0.3953979845945418,0.8172334993625746,"[-0.3704140792127647, 0.937578825019637]",22.916795125888534
2447.0,24.0,0.025631530317859114,0.05904522072761832,0.942744718732829,0.003190368796382637,0.00734938676890725,"[0.31612989226646315, 1.5693595451991946]",-0.1061052796121178,0.7631631201696141,0.9565635162989086,"[-0.7962548035246135, 0.5840442443003779]",0.40529231372199004
2448.0,24.0,0.043931850450957245,0.09550402271947227,0.6414043413858077,0.007175843300950557,0.015599659349892516,"[0.1738217101368676, 1.1089869726347479]",-0.04085748592858174,0.915808366220107,0.986565242976216,"[-0.7983573059366318, 0.7166423340794683]",0.15606410034819218
2449.0,24.0,0.0005844408070185581,0.0032129785982328647,1.0631570073093668,3.954867126424405e-06,2.1789901522999476e-05,"[0.611517046905967, 1.5147969677127666]",0.0387637404210901,0.8633475997011254,0.9728956498773106,"[-0.4026609130579791, 0.48018839390015927]",23.851933418382057
2450.0,24.0,0.00019512981802542306,0.001603367444744643,1.015235735015172,3.7461225698835803e-07,3.083082923541561e-06,"[0.6236477166080121, 1.4068237534223318]",0.19114782731823166,0.3486353969205185,0.7883800057321287,"[-0.2085823097726714, 0.5908779644091346]",23.26986908210466
2451.0,24.0,0.0010689234568807152,0.0048387570365950195,1.160527806359451,1.3272469136604026e-05,6.0110820365054465e-05,"[0.6383009097092417, 1.6827547030096603]",0.193741588654337,0.4154612874117035,0.8288815882747501,"[-0.2725692432895612, 0.6600524205982352]",23.259961643596455
2452.0,24.0,0.012851860880955905,0.03214572506492223,0.6073823189856825,0.0010807477260422979,0.0027045738889947394,"[0.24317698543015132, 0.9715876525412137]",0.04399067553882752,0.8899390790569979,0.9795465253756226,"[-0.5790714195842962, 0.6670527706619512]",23.831967996913054
2453.0,24.0,0.0029500386108909874,0.009966346658415498,1.0975648041517416,8.9542642248231e-05,0.00030220264005477893,"[0.5484156192522034, 1.6467139890512799]",0.5323598890196095,0.04066854941854385,0.2850355257882679,"[0.022608773255384462, 1.0421110047838344]",21.966535011808233
2454.0,24.0,0.011339464524217876,0.028846259283179538,0.8837446519778716,0.0008831480289559824,0.002246624342294537,"[0.3628612777837894, 1.4046280261719537]",-0.06783250212720571,0.8281092846916136,0.9680959605934224,"[-0.6801432320176549, 0.5444782277632435]",0.2591010723800711
2455.0,24.0,3.558076339793465e-05,0.0006040876638019466,1.4638472881588802,6.0293885553419965e-09,1.0254062168948974e-07,"[0.9705327627132454, 1.957161813604515]",-0.13477239250875783,0.4500757499476259,0.8504782689258926,"[-0.48450491129854706, 0.2149601262810314]",0.5147926190421585
2456.0,24.0,0.0017375605113906115,0.006835407204526403,0.9772821561401016,3.362324721348552e-05,0.00013230312805177677,"[0.5154445444083136, 1.4391197678718897]",0.18888288670594822,0.44973573442784487,0.8503228104137736,"[-0.30089799281837365, 0.6786637662302701]",23.278520517966765
2457.0,24.0,1.3655004156455762e-05,0.00037005431318308296,1.5026914705508048,4.4774579934650786e-10,1.2134032502615388e-08,"[1.0304286921163839, 1.9749542489852256]",0.2628290800466955,0.11286314738222829,0.4930798310047344,"[-0.06208443143600417, 0.5877425915293951]",22.99606686533455
2458.0,24.0,0.0008853622838194102,0.004241953311541355,1.1495494130156039,9.142017280120848e-06,4.3825586194251425e-05,"[0.6417032049014418, 1.657395621129766]",-0.011918330908217811,0.959420700787542,0.9938808419181301,"[-0.47102298527366404, 0.4471863234572284]",0.045524670658746796
2459.0,24.0,2.415716904938952e-07,8.947099647922045e-05,1.386353430982662,4.777089872789971e-16,1.7692925454777669e-13,"[1.0516003320338703, 1.7211065299314536]",0.15149332879817656,0.2358851254450801,0.6772692276850305,"[-0.0990025520709073, 0.4019892096672604]",23.421338109031787
2460.0,24.0,0.00040272586881966247,0.002520186913765097,0.9734825789137678,1.8333638223440095e-06,1.147286497086364e-05,"[0.5735662448925269, 1.3733989129350086]",-0.36694267464863195,0.08887392615904369,0.43374292903388817,"[-0.7896580845052578, 0.05577273520799386]",1.4016177720405814
2461.0,24.0,0.23331907145690856,0.4331150389027447,0.432140019640674,0.07793241230900616,0.14466755579915755,"[-0.04833065524725921, 0.9126106945286072]",-0.8513412560307207,0.13146154249618344,0.5237964799236742,"[-1.957572148282179, 0.25488963622073757]",3.2518840597284493
2462.0,24.0,0.0011766991348270122,0.005169306410691525,1.0727896527055651,1.6063156884057972e-05,7.054526519129543e-05,"[0.5853456249709079, 1.5602336804402224]",-0.3548526890929553,0.13710449278314232,0.5313263742997123,"[-0.8226787175504551, 0.1129733393645444]",1.355437428926288
2463.0,24.0,0.0006352992902215157,0.0034009597977597205,1.3272497929279288,4.69773719087518e-06,2.514848603252238e-05,"[0.7590004254816111, 1.8954991603742464]",0.15650380949285037,0.4897559679506116,0.8697731756428894,"[-0.28760094996347396, 0.6006085689491747]",23.402199482556014
2464.0,24.0,0.00929506384899193,0.024531707176014595,0.9811599686649547,0.0006386352938924332,0.0016859432256928013,"[0.4179874537397704, 1.5443324835901389]",-0.13053638398173373,0.6675811033103497,0.9332201550489372,"[-0.7262625452664208, 0.4651897773029533]",0.49861225833683115
2465.0,24.0,0.00023541688500090186,0.0017884777861289715,1.3233999230327473,5.747002392910909e-07,4.353789691599173e-06,"[0.8045879893152809, 1.8422118567502137]",-0.4368760389545727,0.03309768552231047,0.2518849735335652,"[-0.8387075585640016, -0.0350445193451438]",1.6687435468326641
2466.0,24.0,0.004730015427516934,0.014242744436967582,0.94667933236594,0.00020430357156616107,0.0006153722035125333,"[0.4470455496374869, 1.446313115094393]",0.15808867618751687,0.5713930761275894,0.9008246509973031,"[-0.38934514792647845, 0.7055225003015122]",23.396145737709663
2467.0,24.0,0.0021887324684927503,0.008079484933528057,0.9366625365990426,5.1578284890278496e-05,0.00019039603134100592,"[0.4831885632407173, 1.390136509957368]",-0.115043173749803,0.6537132183531715,0.9301211184160023,"[-0.6176637490343057, 0.38757740153469966]",0.4394325545102622
2468.0,24.0,0.004488757496716605,0.013706129760966732,0.9109350848688244,0.000186366844886925,0.0005695808217815557,"[0.433148375107756, 1.3887217946298926]",0.021469599028901776,0.9384627970363724,0.9892015094756179,"[-0.5235888727749146, 0.5665280708327182]",23.917992172520385
2469.0,24.0,0.0961966868167947,0.19584016045764394,0.7621435325410577,0.022349065981473248,0.04549891282873218,"[0.10823643564691032, 1.416050629435205]",-0.007788517142067519,0.986340569691015,0.9971100704756963,"[-0.8994276697757355, 0.8838506354916005]",0.029749944060384177
2470.0,24.0,5.704724436117714e-05,0.0007934248172625471,1.376506774186264,2.0382955839013524e-08,2.827039644800766e-07,"[0.8954871934311284, 1.8575263549413996]",0.41884284033235364,0.022052197514803622,0.19527740868386637,"[0.06028049284018622, 0.7774051878245211]",22.400138197978954
2471.0,24.0,0.004143601846054178,0.012880329020995271,1.0581917801657783,0.00016232467390565671,0.0005045840034369186,"[0.5082607953218232, 1.6081227650097334]",0.1862059005424621,0.49806589226461917,0.8728067218963704,"[-0.3524471316482253, 0.7248589327331495]",23.288745851898945
2472.0,24.0,0.0016801577671771131,0.006675239440512965,0.9862534193312342,3.154339800874418e-05,0.0001253214064709741,"[0.5218112558844348, 1.4506955827780337]",0.14358430672165134,0.5646487267906746,0.8974295874982688,"[-0.3450343029498367, 0.6322029163931394]",23.451548348035832
2473.0,24.0,0.008517701934673407,0.02276243168004652,0.9986563496555972,0.0005527279357640725,0.0014778821811873596,"[0.43193993021083543, 1.565372769100359]",0.08646575800531764,0.7737080655244708,0.9594231226648312,"[-0.502936913808143, 0.6758684298187783]",23.669725132926384
2474.0,24.0,0.00042696440128171885,0.0026105318742742478,1.2659897409522032,2.065436030901129e-06,1.2632636274624641e-05,"[0.7432724054503629, 1.7887070764540436]",0.23519594249614872,0.280671402381411,0.7308792065649767,"[-0.19210319823075578, 0.6624950832230532]",23.10161767575794
2475.0,24.0,0.0010693653050874994,0.0048387570365950195,0.9203013989091476,1.327909566707245e-05,6.0113606460264594e-05,"[0.5061637929522944, 1.3344390048660009]",0.17832446798851453,0.4537497872461891,0.8511532306250029,"[-0.2881994107443152, 0.6448483467213443]",23.318850706689492
2476.0,24.0,0.0035134748917015745,0.011348433112731184,0.889454125905937,0.00012149200837906718,0.000392348961106279,"[0.4358359660445588, 1.3430722857673152]",0.23050618524058208,0.39208031628251516,0.8158142244746466,"[-0.29737066598293205, 0.7583830364640962]",23.11953122893693
2477.0,24.0,0.00014279351734644119,0.0013411424575025114,1.2924080631876302,1.837429241181425e-07,1.723667205611093e-06,"[0.8066867110556315, 1.778129415319629]",-0.20393134143179736,0.3046050142310598,0.7514276816848787,"[-0.5932698480801466, 0.18540716521655193]",0.7789603449655581
2478.0,24.0,4.1372891400922656e-05,0.0006609088083214482,1.2772782920114365,8.94272569583149e-09,1.428550430644008e-07,"[0.841874654515698, 1.7126819295071751]",0.23412679572985784,0.19335698356456388,0.6246874840857641,"[-0.11866461057888056, 0.5869182020385962]",23.10570151558384
2479.0,24.0,2.8414064263622865e-05,0.0005291259639408355,1.1875086708572835,3.3851774851341132e-09,6.303868687400584e-08,"[0.7938047500830794, 1.5812125916314876]",0.46608564464516533,0.007083088531753489,0.09571741259126337,"[0.12685771759987313, 0.8053135716904576]",22.219683978013183
2480.0,24.0,0.05368313509237138,0.11446297461059997,0.7791255969409892,0.009640070026762738,0.020558903874520664,"[0.18918152283179968, 1.3690696710501786]",0.10600766241205761,0.7915733793785129,0.9628316126547152,"[-0.6802061914398067, 0.8922215162639219]",23.5950805565161
2481.0,24.0,0.10178558436387344,0.20608541073875974,0.6430317980398762,0.02424472085627132,0.049088319206866404,"[0.08369263286878525, 1.2023709632109671]",-0.26970869455325897,0.5565451312651466,0.8951179890946906,"[-1.1687504013952035, 0.6293330122886857]",1.0302113263923196
2482.0,24.0,0.002995387565449634,0.010082085376807924,1.0216893036353691,9.119181214636607e-05,0.00030714655488840037,"[0.5099279858125945, 1.5334506214581438]",-0.031374960683248077,0.9059552748076267,0.9836767310696306,"[-0.5518831461869949, 0.4891332248204987]",0.11984352196926723
2483.0,24.0,0.029107150582985658,0.06608712466956738,0.7974579532249932,0.003896502998508844,0.008837611699952015,"[0.2559607994413563, 1.3389551070086303]",-0.6624461707260876,0.058187976688260847,0.3490580485198611,"[-1.347862935363667, 0.022970593911492032]",2.5303579824805067
2484.0,24.0,0.06312639599264026,0.13250712844802742,0.7286796877040926,0.012260297422321837,0.025735301054411918,"[0.1584459653214736, 1.2989134100867117]",0.6057496867259635,0.1344563802672957,0.5280589132477138,"[-0.18746337903781762, 1.3989627524897448]",21.6862066339487
2485.0,24.0,2.5482704906777947e-07,9.10096603813498e-05,1.3340962195365027,5.90687673704227e-16,2.1095988346579535e-13,"[1.0109336202020998, 1.6572588188709056]",0.05725001775214977,0.6557065919359087,0.9301211184160023,"[-0.19442278233039695, 0.3089228178346965]",23.781321040383517
2486.0,24.0,0.0018918287984557034,0.0072689088580354414,1.3044675296785626,3.9363918115994434e-05,0.0001513414768012089,"[0.6825759340442236, 1.9263591253129015]",-0.09025354832288812,0.7208931858727636,0.9477398429831227,"[-0.585386133958246, 0.40487903731246977]",0.34474316033210123
2487.0,24.0,0.0008263985980670913,0.00405693960759495,1.1336300235056807,7.995927140882484e-06,3.924536046363155e-05,"[0.6360425083193628, 1.6312175386919985]",-0.23299909974817812,0.31477463960931074,0.7590518680559124,"[-0.6872822163123863, 0.22128401681603005]",0.8899910030612193
2488.0,24.0,0.010795654023491981,0.027709584249209395,0.8659679969381497,0.0008153277305966412,0.0020932676010183343,"[0.358948801355247, 1.3729871925210526]",-0.04183397808243683,0.8927917366481113,0.9795465253756226,"[-0.6502153665137149, 0.5665474103488413]",0.15979402562442793
2489.0,24.0,0.0018122821004496888,0.007031347549421525,0.8597782229995062,3.650820818709873e-05,0.00014161446154809437,"[0.45161057873442806, 1.2679458672645845]",0.3411629091944537,0.1716040224932991,0.5931357099156603,"[-0.14796203700146549, 0.8302878553903729]",22.69685367845019
2490.0,24.0,0.031695072387743065,0.07119288496797634,1.0332305173948089,0.004412431514146122,0.009911121999429744,"[0.32193856831559164, 1.744522466474026]",0.2715581290475759,0.454404637071927,0.8514233409629512,"[-0.43991067054087307, 0.9830269286360249]",22.962724354206994
2491.0,24.0,0.0029540957483473133,0.009976682702962897,0.8911908644119929,8.899717377336695e-05,0.0003006661276127262,"[0.4454652464498508, 1.336916482374135]",0.1148526644618828,0.664629311596049,0.9319266977215779,"[-0.4043888035275516, 0.6340941324513172]",23.561295137366795
2492.0,24.0,0.00014337013151364517,0.0013411611928311055,1.2958094879798485,1.8739606193397434e-07,1.7497298033050826e-06,"[0.8084686647062715, 1.7831503112534255]",-0.471797993202987,0.016223310529882285,0.16190906550868808,"[-0.8564750949922666, -0.08712089141370744]",1.8021355862182036
2493.0,24.0,3.07358820034224e-05,0.0005528036331550792,1.1483990699748987,4.104776583189672e-09,7.382691696384302e-08,"[0.7656008687281628, 1.5311972712216346]",-0.12599461413202206,0.4753885907855967,0.8615157119619586,"[-0.4719823054455291, 0.21999307718148498]",0.4812639754096148
2494.0,24.0,1.6341027309484082e-05,0.0004050210111886129,1.112832034270599,7.367759074184542e-10,1.8327758891006325e-08,"[0.7586396050167874, 1.4670244635244107]",-0.03410890022925184,0.8398142192312351,0.9708072590103425,"[-0.36484577931846396, 0.2966279788599603]",0.13028640179792908
2495.0,24.0,0.00024199424326789112,0.0018115294175652336,1.1858368969455153,6.04249524890602e-07,4.529043448498005e-06,"[0.7200522024584475, 1.6516215914325831]",-0.07388079360761779,0.722674428964397,0.9484629638926688,"[-0.48190868199329673, 0.33414709477806115]",0.2822038440529074
2496.0,24.0,0.0024507540562686355,0.008733977392261708,0.9933850871559596,6.360604351893539e-05,0.0002267595134364898,"[0.5065157215372427, 1.4802544527746766]",0.25669839375941983,0.32085312480993666,0.7639529235289347,"[-0.2501177999428039, 0.7635145874616436]",23.019484361986525
2497.0,24.0,0.0005172672361894944,0.002971962305452036,1.035008296348676,3.0973216210042885e-06,1.7770060935193853e-05,"[0.6000883451802069, 1.469928247517145]",-0.3695659832778224,0.09384982913403504,0.4428967868524542,"[-0.8018943245066235, 0.06276235795097862]",1.4116380728947722
2498.0,24.0,0.007919308274545745,0.021467357751547154,0.8032758902400579,0.0004904379155654277,0.0013301814905490306,"[0.3516334498364335, 1.2549183306436822]",-0.213028287552536,0.4733541275416212,0.8606438682574931,"[-0.7953280448371535, 0.36927146973208147]",0.8137081195773068
2499.0,24.0,0.0010685107894784242,0.0048387570365950195,0.896842356732504,1.3235466683453966e-05,5.99721828376634e-05,"[0.49332814638474914, 1.3003565670802588]",-0.03328818948389678,0.8890178624645467,0.9792024038600581,"[-0.5008268630602531, 0.4342504840924596]",0.1271515176706037
2500.0,24.0,0.009962836238784618,0.025931380111360276,0.8899997406654166,0.0007159993677750333,0.0018649615285912513,"[0.37443000781814517, 1.405569473512688]",0.18047997182992503,0.5558337018026628,0.8951179890946906,"[-0.42004560014452397, 0.781005543804374]",23.310617288500353
2501.0,24.0,0.0008907267272348347,0.004261353928654162,0.7656059805870994,9.334477286590588e-06,4.4619872306838376e-05,"[0.4270351582758495, 1.1041768028983494]",0.43398296134545067,0.060628825058510825,0.35685005920253576,"[-0.01937717444400322, 0.8873430971349046]",22.342307195621103
2502.0,24.0,0.0007048304547148987,0.003663359951740638,0.8673075191659869,5.795237166604179e-06,3.0120775294200516e-05,"[0.4923638766620454, 1.2422511616699285]",-0.10401569949914524,0.6497181818888713,0.9299133911664488,"[-0.5529100066871457, 0.3448786076888552]",0.39731070562680354
2503.0,24.0,0.003148005060894889,0.01045154402687546,0.8550960885507972,0.00010048330461047686,0.0003334991855641449,"[0.42419463689576503, 1.2859975402058295]",0.4824632851071913,0.06638092701167905,0.3746101975828389,"[-0.03261933740707734, 0.9975459076214599]",22.157125999556065
2504.0,24.0,0.0023696258949340208,0.00851464568786928,1.0252136508231458,5.993863823125674e-05,0.00021521952686268128,"[0.524502046559892, 1.5259252550863995]",0.346337816208405,0.17723230962915837,0.6032313583807511,"[-0.1567353446560693, 0.8494109770728793]",22.67708698969872
2505.0,24.0,0.10314997564420045,0.2085523163044894,0.6481263817481681,0.02473753199787375,0.05002534276617543,"[0.08240942784420591, 1.2138433356521303]",-0.41709195275543287,0.3614128914713338,0.7969055401945917,"[-1.3127932442985069, 0.478609338787641]",1.593173904117082
2506.0,24.0,0.00010004807309795614,0.0010734771791626194,1.398607397513095,7.954158210129837e-08,8.543671546863413e-07,"[0.8879636465132159, 1.9092511485129742]",0.14375558798098798,0.45702940809499926,0.8524487502898118,"[-0.23507711516996255, 0.5225882911319385]",23.450894101817855
2507.0,24.0,8.167283003713774e-07,0.00012374671217748142,1.3865191426351864,5.216408839931782e-14,7.903649757472397e-12,"[1.0254523996114804, 1.7475858856588924]",0.3484497801661588,0.01088634667392638,0.12485349131597591,"[0.08024020383813685, 0.6166593564941807]",22.669019881614517
2508.0,24.0,0.0020083763565105685,0.007621921656586598,0.9962716295267171,4.406200416127204e-05,0.0001672817166335309,"[0.5182742714313415, 1.4742689876220927]",-0.20438258135655207,0.42026920865113404,0.8309019423020981,"[-0.7014113903982715, 0.2926462276851673]",0.7806839545146411
2509.0,24.0,6.879703478556135e-05,0.0008759165926076987,0.9312278039742483,3.212425139953517e-08,4.0870548854370447e-07,"[0.6011454142455436, 1.2613101937029532]",-0.18309669730487244,0.3287197566422654,0.770557329212999,"[-0.5505221727970311, 0.18432877818728627]",0.699377866556903
2510.0,24.0,0.0002563674175217261,0.0018817333530467887,1.4025627350182712,6.860198927508156e-07,5.04412170843533e-06,"[0.8489237867032023, 1.9562016833333402]",-0.023525413460162348,0.9105018760668019,0.9848587085633336,"[-0.4337273476703227, 0.38667652074999803]",0.08986046017117073
2511.0,24.0,0.0026628822124695885,0.009262950148893239,0.859218535861732,7.3770337402273e-05,0.0002568605062753238,"[0.43436277544434226, 1.2840742962791218]",0.07894100553261296,0.7632333885879053,0.9565635162989086,"[-0.4346787217889252, 0.5925607328541511]",23.69846757016416
2512.0,24.0,0.002058458791160881,0.007724160102951465,1.2396935862853646,4.603008651530602e-05,0.0001729804077989704,"[0.643423098758719, 1.8359640738120104]",0.05063374309348845,0.8425922003210338,0.9708072590103425,"[-0.44911894192423174, 0.5503864281112086]",23.80659334798623
2513.0,24.0,3.085414276180454e-05,0.000553228714567388,1.3039449865962331,4.140466938918305e-09,7.433513355329094e-08,"[0.8691923815183633, 1.738697591674103]",-0.03751391249167213,0.831932964143873,0.9692799302619981,"[-0.383969636234196, 0.30894181125085174]",0.14329259058639407
2514.0,24.0,0.0007592179877823559,0.0038151657677505317,0.9938727519317236,6.733918031806991e-06,3.385579704277019e-05,"[0.5611794794672784, 1.4265660243961689]",-0.13025920196780483,0.5720637960597483,0.900878138176577,"[-0.5821118081443948, 0.3215934042087851]",0.4975535010331603
2515.0,24.0,0.0017449402112012207,0.006848273984306203,1.1530317709573676,3.382987743237098e-05,0.00013282244771248912,"[0.6079551171414634, 1.6981084247732718]",-0.005873651877764452,0.9813048230294513,0.9969357229189564,"[-0.4971513285459382, 0.4854040247904093]",0.022435697528332934
2516.0,24.0,0.0002230817500413419,0.0017279763752234075,1.1395978817214119,5.046266134781755e-07,3.90880413228641e-06,"[0.6950659569604055, 1.584129806482418]",-0.1049903528453564,0.6114221688022431,0.9157302800393502,"[-0.5100283551103695, 0.3000476494196567]",0.4010336071752171
2517.0,24.0,0.0036422327446547598,0.011701675855262895,0.8465082348035784,0.00012920237333007386,0.00041517472149766666,"[0.4130868922934475, 1.2799295773137094]",-0.048715952743684454,0.8575635504666926,0.9715232247271922,"[-0.5807159692672815, 0.4832840637799126]",0.1860812324781255
2518.0,24.0,0.0013952545884716044,0.0058255054682623715,0.9437739839979793,2.234320677785306e-05,9.320668687407628e-05,"[0.5075181868003888, 1.3800297811955697]",0.4452211254266114,0.06538135900344846,0.372755752585225,"[-0.028347571328850074, 0.918789822182073]",22.299380570866035
2519.0,24.0,0.003145225197181063,0.010445782787051024,1.0188577018139475,9.960513235802929e-05,0.00033102403575283913,"[0.505714225420212, 1.532001178207683]",-0.1331520944893505,0.617578571620961,0.9174210890671123,"[-0.6558460932067295, 0.3895419042280285]",0.508603536504462
2520.0,24.0,0.0004804281823917809,0.0028327133395741797,1.142267963785162,2.6480246437595184e-06,1.5604152290863397e-05,"[0.6655603064082694, 1.6189756211620547]",-0.27356978535527343,0.21377222722038725,0.6531384882993806,"[-0.7048449384427087, 0.15770536773216187]",1.0449596068771336
2521.0,24.0,0.010743630505535836,0.027597304149848026,1.0348492956996334,0.000808992906211936,0.002078070655566237,"[0.42934203065321863, 1.640356560746048]",-0.058500692406330934,0.850396920891942,0.9708072590103425,"[-0.6664113527001987, 0.5494099678875368]",0.22345618489838578
2522.0,24.0,0.005976270194717844,0.017188007462518962,0.8863615609137108,0.00030492795342601926,0.0008769857734426783,"[0.40527609132019, 1.3674470305072315]",0.054193712604422295,0.8506001402869621,0.9708072590103425,"[-0.5097360810821241, 0.6181235062909687]",23.79299526610811
2523.0,24.0,0.005325220490462622,0.015644008491370806,1.0544945489173303,0.00025211592605624744,0.0007402111745632631,"[0.48981849778792297, 1.6191706000467376]",-0.47464370814061585,0.08936350196075268,0.4346473830775909,"[-1.0222678140303516, 0.07298039774911991]",1.8130054165931015
2524.0,24.0,0.0032337164864198794,0.010682556469214647,1.0950059125324663,0.00010467601461529819,0.0003458077787092771,"[0.5417959414991991, 1.6482158835657335]",0.14042405044718897,0.5995829900102964,0.91161020243821,"[-0.3838158160600832, 0.6646639169544611]",23.46361963781626
2525.0,24.0,0.010268488505775667,0.026595411825370802,0.8440085713021354,0.000751464558404657,0.0019462951525632142,"[0.35315180587577355, 1.3348653367284973]",-0.049518998978591355,0.8723978003097517,0.9752862410683755,"[-0.6537984543310819, 0.5547604563738991]",0.18914864314572793
2526.0,24.0,0.12610646999830796,0.25070868786939954,0.6443755021331092,0.03279133446168807,0.06519151980454885,"[0.05272569648800596, 1.2360253077782124]",0.039672711562099394,0.9350447106948743,0.9892015094756179,"[-0.9144076406859198, 0.9937530638101186]",23.84846140437679
2527.0,24.0,0.002302300500182671,0.00833864722992637,1.0680209415910946,5.708538514257296e-05,0.00020660653327026044,"[0.5478920409176778, 1.5881498422645115]",0.508324742269787,0.044986350297642634,0.30071089771151494,"[0.011363899130383326, 1.0052855854091907]",22.058342509724394
2528.0,24.0,7.393399841156082e-05,0.000920323857314495,1.258618481185723,3.841390353732885e-08,4.777848698672742e-07,"[0.8099371040895329, 1.7072998582819132]",-0.24024253769350512,0.2017630478862399,0.6358396096706023,"[-0.6091028947461108, 0.1286178193591005]",0.9176588979566959
2529.0,24.0,0.005585799820443629,0.016275640502458125,0.7165184141056523,0.0002719438126143657,0.0007923770763821844,"[0.330777460788984, 1.1022593674223207]",-0.14594036130283694,0.6085843629212228,0.9143882220641197,"[-0.7045041506611578, 0.4126234280554839]",0.5574511175511278
2530.0,24.0,0.00021623875221221314,0.0017053529354275486,1.1299532796886926,4.7110798468742175e-07,3.7163315516404747e-06,"[0.6903362733254125, 1.569570286051973]",0.14462027877791872,0.48256913794792966,0.8657488848583411,"[-0.25905395842048345, 0.5482945159763208]",23.447591226267992
2531.0,24.0,0.023079638749268324,0.05376109655082302,0.7857840089722561,0.0027206934855354328,0.006337511030830265,"[0.27201221410569754, 1.2995558038388146]",-0.28930607191419355,0.4010495906769007,0.8206211468997754,"[-0.9645435909613913, 0.3859314471330042]",1.1050677938794382
2532.0,24.0,0.0017896712613826684,0.0069745567473993315,1.041821485323909,3.547319507565689e-05,0.00013824316085602842,"[0.5480218661812192, 1.5356211044665988]",0.015933500633990683,0.9494469166913749,0.9908684119057948,"[-0.47662841049798177, 0.5084954117659631]",23.93913851072022
2533.0,24.0,0.0003984484826175686,0.0025043902112983573,1.1669494305281705,1.781011523877649e-06,1.1194289904950653e-05,"[0.6881402227773865, 1.6457586382789544]",0.14959917386373522,0.4909441894405975,0.8697731756428894,"[-0.276076853390397, 0.5752752011178675]",23.428573247930945
2534.0,24.0,0.0008129798974410163,0.004012733945908274,1.2903840046443695,7.735335250062e-06,3.819918642005925e-05,"[0.7248896905474519, 1.8558783187412873]",-0.2134782975741354,0.3565825481605128,0.793582666635651,"[-0.6673359270397928, 0.24037933189152205]",0.8154270312423892
2535.0,24.0,0.00312885625987219,0.010411216558691809,0.938874390485127,9.869540613779194e-05,0.0003284372916399066,"[0.4662844049994722, 1.4114643759707817]",-0.1457320197476193,0.5844372766386827,0.9062448079371728,"[-0.667987985675899, 0.37652394618066043]",0.5566553114303836
2536.0,24.0,1.2478456480910543e-06,0.00014984194738072173,1.5943243090977044,2.337137394555235e-13,2.8158281862111263e-11,"[1.1678992355694862, 2.020749382625923]",-0.1628200439911529,0.24997020002855863,0.697266945686356,"[-0.4402151975995556, 0.11457510961724976]",0.6219267560551641
2537.0,24.0,0.00010540008194474538,0.001105981972137937,1.3109115667267277,9.117362727927169e-08,9.567012306324417e-07,"[0.8300761513151177, 1.7917469821383376]",-0.4695328985483913,0.014183141457967117,0.14882624824729399,"[-0.8447554649698265, -0.09431033212695616]",1.7934835619578053
2538.0,24.0,5.8576567143935056e-05,0.0008056192743768151,1.171836444892828,2.1867493913796956e-08,2.999656229601777e-07,"[0.7614474865292091, 1.582225403256447]",-0.5108032946393788,0.005080254095274186,0.07732502428119006,"[-0.8681165053734513, -0.15349008390530627]",1.9511248629475915
2539.0,24.0,0.0002031013807974117,0.0016405604264734387,1.1454679750536945,4.0903572531986576e-07,3.3066752248978638e-06,"[0.7021891492881425, 1.5887468008192465]",0.08989710074304202,0.6611058832607704,0.9312662111012402,"[-0.3120197976827902, 0.49181399916887425]",23.656618369130754
2540.0,24.0,0.0044498169913351655,0.013616331062837104,0.7825199923121806,0.00018380875378267274,0.0005624507257555376,"[0.3724685281778047, 1.1925714564465566]",0.17922733592197737,0.5178667675859654,0.8813253362593012,"[-0.3640125461483146, 0.7224672179922693]",23.315402005219816
2541.0,24.0,0.0022905881521323953,0.008320334733499439,1.0362031089231338,5.611691850698352e-05,0.00020383915185972947,"[0.5320737826085975, 1.5403324352376702]",0.16947667798797372,0.5102704464879473,0.878111248473494,"[-0.33501875150756355, 0.673972107483511]",23.352646775026095
2542.0,24.0,0.13079217221030914,0.2592510846586901,0.45700638897051404,0.03452073427419527,0.06843920355708817,"[0.03328681339005296, 0.8807259645509751]",-0.030446220851152006,0.9506136624424641,0.9911517698284477,"[-0.993913857225968, 0.933021415523664]",0.116295997126281
2543.0,24.0,0.0027232061065859594,0.009390365884779171,0.9768723421766128,7.704076914880161e-05,0.00026565782465104004,"[0.4925745159421606, 1.461170168411065]",0.26444407266245307,0.3118722896522035,0.757560761484743,"[-0.24806481779291079, 0.7769529631178169]",22.98989804794604
2544.0,24.0,7.719867548654582e-05,0.0009323511532191524,1.26344103969576,4.256915653204554e-08,5.147419169533923e-07,"[0.8115491317082271, 1.715332947683293]",-0.15154200837627219,0.4234310374734822,0.8330768809375543,"[-0.522589109537214, 0.21950509278466968]",0.5788478332597711
2545.0,24.0,0.0003816549940464333,0.002423206311405926,1.180781323772257,1.634194247543527e-06,1.0382428510441721e-05,"[0.6980428799900806, 1.6635197675544335]",0.3386364346778059,0.11514093559901811,0.49715946948138906,"[-0.08263614855372287, 0.7599090179093346]",22.706504100240274
2546.0,24.0,0.00015359548475485837,0.0013887476017618297,1.2283687528257925,2.1679837195387197e-07,1.960202278063942e-06,"[0.7639768745256921, 1.692760631125893]",-0.08001679019773622,0.6896207324985704,0.9373185088522442,"[-0.4727105326374677, 0.31267695224199527]",0.3056416245676041
2547.0,24.0,3.137997866988039e-06,0.0002050978998031398,1.1583722423458584,5.181372959292767e-12,3.3865182740475603e-10,"[0.8293580576958854, 1.4873864269958315]",-0.07889485426004939,0.6001988623890795,0.91161020243821,"[-0.37392781994805624, 0.21613811142795747]",0.3013561449600369
2548.0,24.0,0.008583333053307914,0.022894993473747436,1.039618464383933,0.0005602069515322204,0.00149428367973385,"[0.4490367966647727, 1.6302001321030932]",-0.16690786261305313,0.5786871117044468,0.9032205836784882,"[-0.7560153006575919, 0.4221995754314857]",0.6375410730184885
2549.0,24.0,0.007314323264328935,0.02011640061696627,0.94398572088786,0.0004293194825877525,0.0011807466517814976,"[0.41857179520470233, 1.4693996465710177]",0.18213323657730474,0.5361077482015086,0.888625473564576,"[-0.3948331459880723, 0.7590996191426818]",23.304302282337513
2550.0,24.0,0.00010827836916115474,0.001124385972597661,1.5973765582286077,9.631215259811731e-08,1.0001261952037104e-06,"[1.010375073551486, 2.1843780429057293]",-0.25400914737506586,0.19020131897117787,0.6227027119170592,"[-0.6340510867734725, 0.1260327920233409]",0.9702434734871871
2551.0,24.0,0.0007064387022506548,0.003667914056317243,0.8831906380827201,5.878572277188979e-06,3.050892285722964e-05,"[0.5011265127803131, 1.2652547633851272]",0.46966240319442054,0.03751396112612863,0.26969059041070187,"[0.027130885079467815, 0.9121939213093733]",22.20602176673254
2552.0,24.0,0.04370199656322431,0.0950663401418845,0.6171969568359733,0.007124884881602522,0.015498988213187995,"[0.16765915155791095, 1.0667347621140357]",-0.17187584882660545,0.6555584138532033,0.9301211184160023,"[-0.9270997805753668, 0.5833480829221559]",0.6565173825328703
2553.0,24.0,0.0016081856729954188,0.006453393551345982,1.3543487033185218,2.903977173430994e-05,0.00011657877051107966,"[0.7194388392821306, 1.9892585673549128]",0.12953274487900668,0.6018193522020356,0.91161020243821,"[-0.3570259677948286, 0.616091457552842]",23.505221360645873
2554.0,24.0,0.004256388046811023,0.013149175306799576,0.7843241930479387,0.0001713577898813017,0.000529045353137702,"[0.3752514083839716, 1.1933969777119058]",-0.5421305187141687,0.04539785755030785,0.3016468940219791,"[-1.0731566219390385, -0.011104415489298969]",2.0707860445039974
2555.0,24.0,7.892938413761386e-06,0.00028811730166416636,1.3567124448901176,9.0406869859706e-11,3.3015247149913154e-09,"[0.9464943309798663, 1.7669305588003688]",0.04580518790699184,0.7750656926442883,0.9595896677274527,"[-0.26836773744811193, 0.3599781132620956]",23.825037070208378
2556.0,24.0,6.006183228058498e-07,0.00012239946415804818,1.5129924488682718,1.6694068868176766e-14,3.4779310142034933e-12,"[1.1265606006682005, 1.899424297068343]",-0.26862043520680867,0.046116882054389886,0.3048042435848638,"[-0.532613106361771, -0.004627764051846395]",1.026054481887835
2557.0,24.0,0.00048618968275484137,0.002856578629581912,1.0125691174478482,2.7031365715348367e-06,1.5882118516655916e-05,"[0.5896099707401641, 1.4355282641555323]",-0.0709968144099351,0.7484541295835789,0.9551337661749049,"[-0.5049244067015377, 0.36293077788166744]",0.27118785497085784
2558.0,24.0,0.0013457633327543276,0.005671147630654562,1.0362330363421064,2.0699670125633152e-05,8.722996260275243e-05,"[0.5591645166285107, 1.5133015560557022]",0.14369269714271748,0.5554805838023466,0.8951179890946906,"[-0.33400064076462205, 0.6213860350500571]",23.451134327124716
2559.0,24.0,0.0020186051063476084,0.007630905566400434,1.0723251564640979,4.4459407407638417e-05,0.00016827936187599704,"[0.557575607139122, 1.5870747057890737]",-0.1802712187396569,0.4776937753314432,0.8630489258696656,"[-0.6779004889379352, 0.31735805145862145]",0.6885853334308011
2560.0,24.0,0.007265350688626102,0.020014740189052624,1.103302228103094,0.0004246344871948919,0.001169791975743504,"[0.48972092051018623, 1.7168835356960017]",0.2025438326808695,0.49081119166146736,0.8697731756428894,"[-0.3736064738915911, 0.7786941392533301]",23.226339548065486
2561.0,24.0,0.006918536929397831,0.019266323947083906,0.8880718125832064,0.00039148904760187255,0.0010901950643327,"[0.3971782082721353, 1.3789654168942775]",-0.2548676611449423,0.3821988488857144,0.809701846218668,"[-0.8265107167707206, 0.316775394480836]",0.9735227545317062
2562.0,24.0,0.004497564544567998,0.013728829501123316,1.0051869384407508,0.00018729130690831616,0.0005717940129095621,"[0.477789301658605, 1.5325845752228966]",-0.19308184989310373,0.4864199816747168,0.8684336035780316,"[-0.7367970652692604, 0.3506333654830529]",0.7375183399635553
2563.0,24.0,0.002050140801947406,0.007715998501872059,0.8964295535074295,4.588239340955539e-05,0.00017255507111528916,"[0.465342052689122, 1.327517054325737]",-0.3113125750644885,0.21878539351251414,0.657423017751728,"[-0.8074738739411491, 0.18484872381217204]",1.1891264440363216
2564.0,24.0,0.004662988346740586,0.014084506663109977,0.9696463452501306,0.0001991490990533023,0.0006022047144036961,"[0.45877962797360883, 1.4805130625266525]",0.07295530823993968,0.793890295892486,0.9628316126547152,"[-0.4743483714589062, 0.6202589879387855]",23.721331249651698
2565.0,24.0,2.3599214650705247e-06,0.00019031624718310683,1.5480976777715005,2.0422589643209166e-12,1.6469830357426747e-10,"[1.1165842697229942, 1.9796110858200069]",-0.10154564219458173,0.491695238178002,0.8697731756428894,"[-0.3909892866666192, 0.18789800227745573]",0.3878757817130069
2566.0,24.0,0.05231381718445684,0.11194910589440796,0.6264584605554131,0.009285938282590315,0.01987147075238672,"[0.1544577614478474, 1.098459159662979]",-0.17448142896033136,0.6615550440160717,0.9314630095972414,"[-0.9556667487775828, 0.6067038908569201]",0.6664699655225789
2567.0,24.0,4.4997376862207027e-07,0.00010996435020225141,1.2259186921781486,5.530150643053546e-15,1.3588050661106881e-12,"[0.918433819808727, 1.5334035645475703]",0.03679255156217209,0.7820250789370028,0.9605790545529682,"[-0.22384002383243418, 0.29742512695677836]",23.859462805198007
2568.0,24.0,0.0009354728489669132,0.0044042977823301,1.2261509895233804,1.022047846144507e-05,4.811901347196361e-05,"[0.6815082719806208, 1.7707937070661401]",-0.21374698938591585,0.36245526800308314,0.7974785374940215,"[-0.6737645313811811, 0.24627055260934932]",0.8164533583627055
2569.0,24.0,0.00108541674790938,0.00489367334494761,1.2261199811644137,1.3646280444048974e-05,6.155291133986907e-05,"[0.673605002919939, 1.7786349594088884]",-0.007581001810788024,0.9746883271777709,0.9955285224381598,"[-0.47587764099672086, 0.4607156373751448]",0.028957293882612565
2570.0,24.0,0.009421111410090987,0.02480545394968664,0.9554154622240936,0.0006532711215085376,0.0017200398143984664,"[0.4060260751638688, 1.5048048492843185]",0.17868667703349317,0.5568776366165257,0.8951179890946906,"[-0.4174461767154003, 0.7748195307823866]",23.317467170050907
2571.0,24.0,0.001903664450801892,0.007307733016513981,0.9437867344870589,3.983017046005916e-05,0.00015289892691001594,"[0.49354824067443975, 1.394025228299678]",0.10599450013672929,0.67492606286167,0.9338966192307091,"[-0.38934865785543554, 0.6013376581288941]",23.595130832704438
2572.0,24.0,0.004187810473372462,0.012993516827094206,1.110268952896529,0.0001655702383554092,0.0005135553298865049,"[0.5325169324171314, 1.6880209733759268]",-0.2577844371002538,0.3477439322688626,0.7876419756939129,"[-0.7958696699961125, 0.28030079579560496]",0.9846640180000119
2573.0,24.0,0.00013214730567571227,0.0012730954304018523,1.4307346836265393,1.5573956240019246e-07,1.4960572756982945e-06,"[0.8961597406836117, 1.965309626569467]",-0.5822254448211917,0.0026291773936308496,0.05105198822584174,"[-0.9615860210954409, -0.2028648685469424]",2.223937380892085
2574.0,24.0,0.00016425490906330772,0.0014421599344137798,1.038603284326806,2.5416902474119265e-07,2.231510313794492e-06,"[0.6436892454723514, 1.4335173231812606]",-0.2795011794198512,0.16317226032807197,0.5803578345239557,"[-0.6723441506916115, 0.11334179185190907]",1.067615863312417
2575.0,24.0,0.01182708523728933,0.0299192644505169,0.7674071597682962,0.0009456035701959938,0.002392116291920045,"[0.31248106843433815, 1.2223332511022542]",-0.10106775083116037,0.7476107520951206,0.9550093072477082,"[-0.7166502980556761, 0.5145147963933554]",0.3860503711670205
2576.0,24.0,0.0005595313176175698,0.0031321938870661936,1.2160963325119656,3.6542354767492003e-06,2.0414723333794416e-05,"[0.7013156860947745, 1.7308769789291567]",0.4641509643159978,0.03571892010168491,0.2627281442919216,"[0.030974624496406533, 0.897327304135589]",22.227073912517735
2577.0,24.0,0.0012064063630884097,0.0052727550834283645,0.9631290693300693,1.6771795823014617e-05,7.330330342226668e-05,"[0.5245406483988322, 1.4017174902613063]",0.13783935964418248,0.5675250429827982,0.8991207905304154,"[-0.3347162587396802, 0.6103949780280451]",23.473492429440164
2578.0,24.0,0.0065662104891649345,0.018543378958387275,0.8902556730231941,0.00035778736227702086,0.0010109843522944923,"[0.40141591905835433, 1.3790954269880338]",-0.10512924987324102,0.7178077494878685,0.9467261269953423,"[-0.6752872828510255, 0.46502878310454343]",0.40156415474086365
2579.0,24.0,0.0014929784718986506,0.006101260612581327,1.0485468247406025,2.5247667429188144e-05,0.00010322022661156231,"[0.560694531146297, 1.536399118334908]",0.18055859557902743,0.4631169997116832,0.8552647739381687,"[-0.3017595095465255, 0.6628767007045804]",23.310316967900818
2580.0,24.0,0.000970157571279253,0.004527100192623672,0.9915061838855436,1.1010043555518461e-05,5.132887438470145e-05,"[0.5494738908209036, 1.4335384769501835]",0.31670672695214286,0.1770704290664008,0.6032313583807511,"[-0.14315388432576492, 0.7765673382300506]",22.79026941348267
2581.0,24.0,0.003986374469850018,0.012526648242068734,1.1285275163163255,0.00015176597161820784,0.0004769515135707349,"[0.544636602417635, 1.712418430215016]",0.21850682147930023,0.4240697863717918,0.8337171340768361,"[-0.31723989113298456, 0.754253534091585]",23.165365422294506
2582.0,24.0,0.003205400693854246,0.01060688515504383,1.0311389214912139,0.00010338500833817789,0.0003419947348269199,"[0.510600230548323, 1.5516776124341047]",-0.31909017816368745,0.22968429665338086,0.6703174076703508,"[-0.8397524976732553, 0.20157214134588042]",1.2188346995237862
2583.0,24.0,0.004265291181663145,0.013172610196612554,1.2394140469343324,0.00017064378362733758,0.000527166461622915,"[0.5931639187835961, 1.885664175085069]",-0.14133779576343386,0.6086475395119626,0.9143882220641197,"[-0.6823813636722911, 0.39970577214542335]",0.5398706121951178
2584.0,24.0,0.0009304344242068261,0.004388841623617104,1.2839636302483264,1.0086021354903781e-05,4.762049742636347e-05,"[0.7140113035633486, 1.8539159569333041]",0.016025420379880195,0.9457158512363625,0.9904370601691201,"[-0.445280570994312, 0.4773314117540724]",23.938787403153995
2585.0,24.0,2.3807169876687195e-05,0.0004888535908970676,1.3009521284880468,2.072788525647446e-09,4.2562392723766856e-08,"[0.8754146962102349, 1.7264895607658586]",0.09123087666587448,0.5986411204639064,0.91161020243821,"[-0.24848093380333747, 0.43094268713508643]",23.651523720384457
2586.0,24.0,0.008350870121368608,0.022394395605708252,0.9629961172075775,0.000534782362484872,0.0014341173571597533,"[0.41791939226583164, 1.5080728421493235]",-0.03619494222979114,0.9039974194905749,0.982851517978372,"[-0.6243626381900667, 0.5519727537304844]",0.13825449529912434
2587.0,24.0,0.007417900398338582,0.020356477492696437,1.0333811989328987,0.0004389982119699803,0.0012053767489565632,"[0.4572427167053601, 1.6095196811604373]",0.010814570796183531,0.9708172453652236,0.9946639642340541,"[-0.5685798291909963, 0.5902089707833633]",23.958691382408883
2588.0,24.0,0.00011265236526216809,0.0011511290690777503,1.1768152496530269,1.0522675311019619e-07,1.0759381708609018e-06,"[0.7430524727605559, 1.6105780265454979]",0.010535403903341845,0.9570090657156213,0.9932738004330776,"[-0.3725116772901056, 0.3935824850967893]",23.959757721391522
2589.0,24.0,0.00018296647058355084,0.0015362424062430801,1.2434894660965323,3.24260965314214e-07,2.722594167205827e-06,"[0.7664286348684861, 1.7205502973245785]",0.2251896333668748,0.2664507741275275,0.7160047171367336,"[-0.17197964376580616, 0.6223589104995557]",23.139838961198645
2590.0,24.0,0.00038119244643245587,0.0024218071564959076,1.1440210643605113,1.6399041319912427e-06,1.0412089726928525e-05,"[0.6762430650568736, 1.611799063664149]",-0.5153357013015238,0.015443035769614356,0.1572973859614056,"[-0.9323938590362166, -0.09827754356683105]",1.968437381132784
2591.0,24.0,9.87729051068507e-05,0.0010655113819509243,1.5106006236698994,7.700825560312629e-08,8.307255189118262e-07,"[0.9596661164802808, 2.061535130859518]",0.015287514985365291,0.936988692442223,0.9892015094756179,"[-0.3637257189114515, 0.3943007488821821]",23.941605994139703
2592.0,24.0,5.070854389279316e-05,0.0007440285970094144,1.5245758542192271,1.497605259094769e-08,2.1971466918287523e-07,"[0.9968119057244073, 2.052339802714047]",-0.12317546349901676,0.5016767887708495,0.8731021700276606,"[-0.48250881877814245, 0.23615789178010893]",0.4704956132040923
2593.0,24.0,1.2794484372381778e-05,0.00035670343012895637,1.4564701693884305,3.788887361275147e-10,1.0521870824990132e-08,"[1.0006401311590223, 1.9123002076178388]",0.5939415493276741,0.00024591361779370536,0.009996488528199404,"[0.2764423312858286, 0.9114407673695195]",21.731310396404204
2594.0,24.0,6.841945631379577e-05,0.0008738117026027558,1.252749021528771,3.161960945116783e-08,4.038264297722584e-07,"[0.8089233465776373, 1.6965746964799049]",0.08832932924958037,0.6380028517763167,0.9251781493276053,"[-0.2796300519859622, 0.45628871048512293]",23.662606815118504
2595.0,24.0,0.0006267380508208113,0.0033641333914160563,0.9493513511089874,4.576827866523568e-06,2.4566977276025595e-05,"[0.5433791785923159, 1.3553235236256589]",0.2274632779887913,0.3138791904264435,0.7588401465065968,"[-0.21520666025171298, 0.6701332162292956]",23.131154278468752
2596.0,24.0,0.001993194196259777,0.007581567882311817,0.9780066732536382,4.344646302500856e-05,0.00016532139659440094,"[0.5091473689699944, 1.446865977537282]",0.2045030969286401,0.4196220558369874,0.8307712672074292,"[-0.2921268992871317, 0.701133093144412]",23.218855709908944
2597.0,24.0,7.712067378768668e-06,0.000285444934164819,1.3564525822425453,8.496281821757047e-11,3.1547841694409664e-09,"[0.9469044896093175, 1.766000674875773]",-0.24792312164249086,0.1197441541589235,0.5041859122480989,"[-0.5602417255860732, 0.06439548230109154]",0.9469965675882163
2598.0,24.0,0.0002240084024994557,0.0017310934363564195,1.0252948187143103,5.132510479787657e-07,3.9633285558205845e-06,"[0.6250908513907683, 1.4254987860378523]",0.36359691600153177,0.07606296496922817,0.4033008220917681,"[-0.03811470188733401, 0.7653085338903975]",22.6111620846093
2599.0,24.0,0.0010415106662768957,0.004757648943028551,1.2136296351700373,1.2588878439277506e-05,5.7562315680281234e-05,"[0.668953976157478, 1.7583052941825965]",0.0013357480012787804,0.9955213534256513,0.9991181788695819,"[-0.4650696979656456, 0.4677411939682032]",23.994897818468914
2600.0,24.0,0.0014114186769067377,0.005876014475048866,1.1970091355863985,2.2647883935847547e-05,9.428761005765007e-05,"[0.6432992407579237, 1.7507190304148734]",-0.012913109704079773,0.9580117982207231,0.9938808419181301,"[-0.4936319227559017, 0.46780570334774213]",0.049324445762213225
2601.0,24.0,0.005305677044095669,0.015595758507041943,0.7821925799030035,0.0002513364657542872,0.0007383562448715841,"[0.3634235109891193, 1.2009616488168877]",0.6904317757544334,0.01209671591670546,0.1329985912540043,"[0.15115156091619164, 1.229711990592675]",21.362744880503207
2602.0,24.0,0.006020364761489532,0.01727129882030673,0.9586401486412636,0.0003090927118670327,0.0008869231330474396,"[0.437816844702687, 1.4794634525798402]",0.17317201125393566,0.5468272263851328,0.8921512410071817,"[-0.3901457281191697, 0.736489750627041]",23.338531641690498
2603.0,24.0,1.671795217322938e-05,0.00041028872094084595,1.5135156647804995,7.875817122887358e-10,1.9350902021836262e-08,"[1.030965125867874, 1.996066203693125]",-0.17045704372929826,0.3122317216964977,0.757560761484743,"[-0.5010587687176666, 0.16014468125907017]",0.6510979462643803
2604.0,24.0,0.0028380421401066995,0.009689457630954933,0.7772451706228678,8.284121231965474e-05,0.0002828310424023719,"[0.3902122455639698, 1.1642780956817658]",-0.15298898082482726,0.5615944328799425,0.8965428366538035,"[-0.669553799053935, 0.36357583740428046]",0.5843748608846988
2605.0,24.0,1.864200225981785e-05,0.00042561648995017925,1.4523347542625615,1.063794138794679e-09,2.4287537415403632e-08,"[0.985655707827547, 1.919013800697576]",-0.12491653381559775,0.4629200637493923,0.8552647739381687,"[-0.4584536111655463, 0.20862054353435078]",0.47714601193579875
2606.0,24.0,0.02021734272269267,0.047808665906935686,0.9155139353496154,0.002214782875763874,0.0052371314158521495,"[0.3290804617197237, 1.501947408979507]",0.2306628204501342,0.49531430033889656,0.871424115982267,"[-0.43234278515985936, 0.8936684260601278]",23.11893292650823
2607.0,24.0,4.0580184317160074e-05,0.0006513673245130028,1.4899254443872867,8.571576729290303e-09,1.3744864442812093e-07,"[0.9826657495948145, 1.9971851391797588]",0.39212704902434314,0.028038032300228874,0.22538611173817424,"[0.04226768656770408, 0.7419864114809822]",22.50218500386571
2608.0,24.0,0.02917417627471653,0.06616959917150494,0.7820857974974544,0.0038905838245952406,0.008830194790275171,"[0.2511147838750821, 1.3130568111198269]",0.23365268799441807,0.5145597571440997,0.8803357696922911,"[-0.4689908227947207, 0.9362961987835569]",23.10751247373552
2609.0,24.0,0.0025615275353394677,0.009003611723513069,1.1022561992855773,6.902689658777622e-05,0.00024254004422971263,"[0.559394056236724, 1.6451183423344307]",-0.31431282245821457,0.22531402885044882,0.6640554932226609,"[-0.8223808612441299, 0.19375521632770076]",1.2005865449133635
2610.0,24.0,0.0012153441537282052,0.005293310774077549,1.2899293433146597,1.7118182698215874e-05,7.452408662697378e-05,"[0.7019043414389844, 1.8779543451903349]",-0.394838479599092,0.0984848001052721,0.4560656991843477,"[-0.8632130984551727, 0.07353613925698871]",1.5081718980260153
2611.0,24.0,0.019662674172553747,0.04669359813002552,0.9696785897915484,0.002118194368367736,0.005030145733478357,"[0.3512442145863969, 1.5881129649967]",0.08645114943437537,0.7981097986961023,0.9636679530259626,"[-0.5759609724256683, 0.7488632712944191]",23.669780933557032
2612.0,24.0,0.0022514839436486907,0.008238141030547716,0.9950133436922141,5.439851365799595e-05,0.0001989704230358301,"[0.5117999292445887, 1.4782267581398394]",-0.19904878804337045,0.43813720487110086,0.8451378487968474,"[-0.7022178685188231, 0.30412029243208216]",0.7603103648052807
2613.0,24.0,0.022642914037472792,0.05285460793060876,0.898122262516181,0.002636304755338605,0.0061538392981760155,"[0.3127727150679368, 1.483471809964425]",0.06963173380390142,0.8402530255984932,0.9708072590103425,"[-0.6074323080866874, 0.7466957756944902]",23.7340263688572
2614.0,24.0,0.03461894483205299,0.07689681215471565,0.6542610462422995,0.005041799010941059,0.011201508577962807,"[0.19699727925795957, 1.1115248132266395]",-0.3148847167183604,0.3919906185871398,0.8157973331678248,"[-1.0358582800978582, 0.4060888466611374]",1.2027710200756376
2615.0,24.0,0.02268760896811054,0.052946578688706045,0.9739956174502158,0.002644098328254916,0.006170591197794437,"[0.33900626212455653, 1.608984972775875]",0.041042571325253796,0.9054768799130508,0.9833589052053116,"[-0.6363883159252811, 0.7184734585757887]",23.84322892551322
2616.0,24.0,0.0006458728432422815,0.0034318429502777975,1.1483241024735402,4.8726743896527855e-06,2.590470169937685e-05,"[0.65585644782281, 1.6407917571242705]",0.2770353969983246,0.22044305734951686,0.6596141751930487,"[-0.16608617997652914, 0.7201569739731783]",22.941802731750986
2617.0,24.0,0.0005081556568343398,0.002933553842485926,1.3242850294984223,2.9631533144879373e-06,1.711815895140345e-05,"[0.7688918315671127, 1.879678227429732]",-0.05802709654914562,0.7940832445660724,0.9628316126547152,"[-0.4937580761209249, 0.3777038830226337]",0.2216471819776125
2618.0,24.0,0.039802154917925964,0.08730457319132696,0.7069692898377067,0.006198372101234707,0.013598885698189353,"[0.2007272528612294, 1.213211326814184]",0.07822503054415453,0.8366940360583706,0.9708072590103425,"[-0.6655904755265647, 0.8220405366148738]",23.7012023931692
2619.0,24.0,0.000532125218462651,0.003021721853848103,1.328330611612623,3.2675979576982753e-06,1.8555354671767603e-05,"[0.7688322307896436, 1.8878289924356024]",-0.1975156262079043,0.3750683428791929,0.8058196345601851,"[-0.6339473684848191, 0.23891611606901053]",0.7544541179730979
2620.0,24.0,0.010223895863507255,0.026534897128230615,0.860691250978883,0.0007475248453891245,0.0019396077981035924,"[0.360347212148426, 1.3610352898093399]",0.24039620476134527,0.4334397776097191,0.8404091560909405,"[-0.36110570144112586, 0.8418981109638164]",23.08175413708081
2621.0,24.0,5.02494189910298e-05,0.0007400503533288629,1.433648163901958,1.4645845584170506e-08,2.1569728400840214e-07,"[0.9376956969136914, 1.9296006308902247]",-0.15138035993051613,0.4083843033232408,0.8249322780995372,"[-0.5102597708693434, 0.20749905100831112]",0.5782303816793263
2622.0,24.0,0.04250130024701983,0.09261560306607067,0.7762273631080376,0.006852187210205538,0.014931765548497577,"[0.2135760012583071, 1.3388787249577683]",0.3861258975403281,0.3097804992831513,0.7561154485798177,"[-0.3589816421422686, 1.131233437222925]",22.52510771401589
2623.0,24.0,5.333142543889686e-05,0.0007657416102637315,1.1047292004714955,1.6985278673425146e-08,2.440413602503613e-07,"[0.7208368817086797, 1.4886215192343113]",-0.022725051717713107,0.9018376793193178,0.982851517978372,"[-0.3838422661252268, 0.3383921626898006]",0.08680330350943219
2624.0,24.0,0.018566383351200484,0.044371918941341015,0.7405639510727139,0.001938017198300531,0.004630865467862679,"[0.27228008206690674, 1.208847820078521]",0.1759397291107634,0.5988943738016185,0.91161020243821,"[-0.47965219353430466, 0.8315316517558314]",23.327959738218553
2625.0,24.0,0.000929945916682202,0.004388607440689958,1.2510443577962287,1.0098886021840236e-05,4.765873535554618e-05,"[0.695670235555731, 1.8064184800367262]",-0.20159747971209896,0.39027888733655125,0.813966605760538,"[-0.661518808883474, 0.2583238494592761]",0.7700456498651672
2626.0,24.0,0.006849378073548242,0.019110987928427015,1.0431233771761674,0.00038564773934773763,0.001076326372726033,"[0.46716615622059054, 1.6190805981317444]",0.35500835249079987,0.2209736151055547,0.6608062652678072,"[-0.21348496026593033, 0.9235016652475301]",22.643967980692302
2627.0,24.0,0.005033878525282798,0.014972868903280184,0.8586877238093903,0.00022806444179614062,0.0006783594342538388,"[0.4020603028356296, 1.315315144783151]",0.30393123344065653,0.2777547216368168,0.727424475322823,"[-0.24490505081642922, 0.8527675176977423]",22.839068204109665
2628.0,24.0,0.005962173817785887,0.017155040049079487,0.9660179836942451,0.00030368190601845664,0.0008741563212966512,"[0.4418519569754864, 1.4901840104130037]",0.03229207366497899,0.9106257968548406,0.9848862176669269,"[-0.5315541287218102, 0.5961382760517682]",23.876653364484742
2629.0,24.0,6.10533840552782e-05,0.0008173507895384916,1.0511263447649755,2.3964841550169312e-08,3.212445248011972e-07,"[0.6819619969612158, 1.420290692568735]",0.25578127404813245,0.167486657316823,0.5863912723412769,"[-0.10741011323670713, 0.618972661332972]",23.022987501237527
2630.0,24.0,0.0015082405505524156,0.00613819759316316,1.0667335444662895,2.579009785201721e-05,0.0001050070718665474,"[0.5698531597838118, 1.5636139291487674]",-0.2710889633318141,0.26972363658751475,0.7202045575339596,"[-0.7524924089999443, 0.21031448233631606]",1.0354835647659786
2631.0,24.0,0.003373037505088684,0.01102200262818841,0.9305195366719237,0.00011274904874784197,0.0003684609436203986,"[0.4582051160617008, 1.4028339572821467]",-0.03266971297990651,0.9033758039275215,0.982851517978372,"[-0.5601204355557, 0.494781009595887]",0.12478911144349379
2632.0,24.0,0.05679078327101454,0.12042150820825814,0.8116940616625506,0.010468313660529407,0.022197442028264222,"[0.1902433712060001, 1.4331447521191012]",0.14524331247785405,0.7200743397079767,0.9476172461296232,"[-0.6491313526496024, 0.9396179776053105]",23.44521141283461
2633.0,24.0,0.0002589686279141837,0.001889871304371142,1.1120010953910973,7.017531202152216e-07,5.126027174691173e-06,"[0.6726671381684894, 1.551335052613705]",0.08237990663642147,0.69398384373095,0.9384107475438823,"[-0.3279894279390585, 0.49274924121190145]",23.68533193553675
2634.0,24.0,0.0034351104501015263,0.011156578272496026,0.8854366238325752,0.00011704494790188868,0.000380139486527732,"[0.43493861215560536, 1.335934635509545]",-0.3584581632087538,0.179793078126936,0.6084368126123046,"[-0.8822162228835334, 0.16529989646602583]",1.369209325591549
2635.0,24.0,0.024592468090589372,0.05688750425766683,0.8125108192263288,0.002995136578388046,0.0069283751524127826,"[0.27599970406506125, 1.3490219343875964]",-0.14801152544756668,0.6719615604516115,0.9338966192307091,"[-0.8330798395061413, 0.5370567886110079]",0.5653623818292502
2636.0,24.0,0.03951646810651556,0.08673500462360746,0.7250220063062859,0.006140334706146764,0.013476814058184784,"[0.20643894955996045, 1.2436050630526112]",0.2547738993135802,0.4996313832149165,0.8731021700276606,"[-0.4849238688789689, 0.9944716675061293]",23.026835389282724
2637.0,24.0,0.003655278223348169,0.011719391546483389,1.04966376006445,0.0001300083260807274,0.0004170944051354745,"[0.5120095319920199, 1.5873179881368802]",-0.012919605528744604,0.9620585017168011,0.9938808419181301,"[-0.5452229019653845, 0.5193836909078953]",0.04934925798473001
2638.0,24.0,0.0004040386860708709,0.0025265472279460224,0.9752768170889348,1.8471987826868939e-06,1.15365375672112e-05,"[0.574496183381056, 1.3760574507968135]",-0.38495021216381353,0.07410162302938755,0.3971148072314446,"[-0.8073996644790338, 0.037499240151406765]",1.4704014986434748
2639.0,24.0,0.0006694281087121074,0.00352701848636516,1.2683147369993153,5.218083655566838e-06,2.7492537700562895e-05,"[0.7226721282421442, 1.8139573457564864]",0.04753277271594314,0.8349069366072147,0.9707873627483405,"[-0.39947758064421485, 0.4945431260761011]",23.818438182321458
2640.0,24.0,0.0036427316937433394,0.011701675855262895,1.0995879874726853,0.00012933108509997592,0.00041545481882420787,"[0.5365510265370743, 1.6626249484082962]",-0.13860552813695026,0.6091635339357304,0.9143882220641197,"[-0.6699549144114062, 0.3927438581375057]",0.529434118628602
2641.0,24.0,0.0005797878922496612,0.0032014997783936998,1.217941039193394,3.910262582817911e-06,2.16156030006518e-05,"[0.7008112805623214, 1.7350707978244666]",0.29740488998558146,0.18358715407356474,0.6144148396036303,"[-0.14093684127858247, 0.7357466212497454]",22.86399699981824
2642.0,24.0,5.671760071290759e-05,0.000792145261353458,1.2580970403498402,1.983871452624601e-08,2.7746453882861553e-07,"[0.818822434338432, 1.6973716463612483]",0.08602251482584311,0.6419924871395224,0.9267530297802351,"[-0.2766268111638618, 0.448671840815548]",23.67141819715851
2643.0,24.0,0.027750535498574765,0.063386330512962,0.7947880486450841,0.003606033054945613,0.008238595053565485,"[0.2596081370452883, 1.32996796024488]",-0.24227470177064703,0.49550025679201615,0.871424115982267,"[-0.9389573281812371, 0.45440792463994306]",0.9254211929499179
2644.0,24.0,1.733146313478527e-05,0.0004159847987086338,1.3971987818204086,8.739069325145148e-10,2.1000038786175766e-08,"[0.9505326665032856, 1.8438648971375315]",0.2578766469812068,0.12627183158126304,0.5143455461558576,"[-0.07269156190739473, 0.5884448558698083]",23.014983766199453
2645.0,24.0,0.00046938018022257,0.002788949377436542,1.0719985902634903,2.5253992677890997e-06,1.4996432706586103e-05,"[0.6255370240883109, 1.5184601564386697]",-0.3106754578663278,0.1564740662078642,0.5691573666317078,"[-0.7403858913007066, 0.11903497556805104]",1.1866928356023343
2646.0,24.0,0.000539102757913767,0.0030523823436752217,0.8936021810789908,3.3636643964453086e-06,1.9037102132063685e-05,"[0.516729238014972, 1.2704751241430097]",-0.27348918622890483,0.2187387959324132,0.657423017751728,"[-0.7093245316299936, 0.16234615917218398]",1.0446517408922429
2647.0,24.0,0.0006293800607333862,0.003374692014656226,1.4036398887207637,4.6030447355907834e-06,2.4681205016572566e-05,"[0.8032433975159592, 2.0040363799255685]",-0.0639462540435769,0.7779154321774893,0.9596363723535175,"[-0.5083295245858301, 0.3804370164986764]",0.24425669815788872
2648.0,24.0,0.001341559124148905,0.00565581418275255,0.9852652432768564,2.0631123610894652e-05,8.697775552653732e-05,"[0.5317406687120507, 1.438789817841662]",0.27328906057049895,0.26015553522839907,0.7088706681972727,"[-0.20239965662699227, 0.7489777777679902]",22.956112682814354
2649.0,24.0,0.01971135562682659,0.04678698226163444,0.8658503023972731,0.0021260021918109713,0.005046290509876504,"[0.3134373709774291, 1.4182632338171173]",0.041084722569712184,0.9033225502936109,0.982851517978372,"[-0.6218586903349704, 0.7040281354743948]",23.84306791961931
2650.0,24.0,1.0460414862323739e-05,0.0003248576044199919,1.0474595939594769,2.070124034433887e-10,6.447334146078519e-09,"[0.7244627304428883, 1.3704564574760654]",0.08182502102325451,0.6165764118616373,0.9174210890671123,"[-0.238469421791264, 0.40211946383777303]",23.68745144245322
2651.0,24.0,0.00052037513308316,0.0029786784950381223,1.0641344744987244,3.1167307973371907e-06,1.7850691851873944e-05,"[0.616852220454732, 1.511416728542717]",-0.14911498823060487,0.5027240981773662,0.8734611984187444,"[-0.585187445430325, 0.28695746896911517]",0.5695772991837735
2652.0,24.0,0.00853779680182081,0.02280394444930772,0.5451644881914286,0.000556157610772483,0.0014858605684544028,"[0.2356455977910299, 0.8546833785918273]",-0.2735976333633028,0.3607336456691608,0.7966009934074046,"[-0.8603156487151934, 0.3131203819885878]",1.0450659784323288
2653.0,24.0,6.101010560834067e-05,0.0008173507895384916,1.3347866257344443,2.3839056187144423e-08,3.2041742187022076e-07,"[0.866075284657498, 1.8034979668113906]",0.15449976459041093,0.4057989106747132,0.8236943674922252,"[-0.20976172844989405, 0.5187612576307159]",23.409854370213647
2654.0,24.0,1.2797698251100812e-05,0.00035670343012895637,1.202217356522952,3.798395367821438e-10,1.0521870824990132e-08,"[0.8259370955544044, 1.5784976174914993]",-0.6426343245935788,6.86619649442734e-05,0.004111494906842718,"[-0.959032110748841, -0.3262365384383167]",2.4546823046301514
2655.0,24.0,0.003482226827068397,0.011272990699476843,1.007926601920096,0.0001198128700017312,0.0003878694399538077,"[0.49434403027001284, 1.5215091735701793]",0.32347951798535757,0.22756714104654296,0.667548081685371,"[-0.20194910563380164, 0.8489081416045168]",22.764399257367522
2656.0,24.0,0.011276508631474006,0.02872995829674906,0.8878083185621402,0.0008761334270127237,0.002232031797402457,"[0.3648792991433657, 1.4107373379809145]",0.18967798093293808,0.542523030512444,0.890788466764078,"[-0.42076654159217286, 0.800122503458049]",23.275483481731982
2657.0,24.0,0.0006251204630106086,0.003359056759863561,1.1131228104615911,4.547903570742372e-06,2.443795578045337e-05,"[0.6372544272803277, 1.5889911936428547]",0.18251861513913337,0.4195292355023157,0.8307712672074292,"[-0.26063421422850924, 0.6256714445067759]",23.30283024466367
2658.0,24.0,0.005957466991040694,0.0171487247871062,0.9949201241119492,0.0003033306589595195,0.0008733966569522588,"[0.4551164914165087, 1.5347237568073897]",-0.07479476960230702,0.7947837200758341,0.9628316126547152,"[-0.6383969328378221, 0.488807393633208]",0.2856949751910383
2659.0,24.0,0.0011350509628157187,0.005041521801832064,1.2969892597071564,1.4913163122225318e-05,6.625127997434616e-05,"[0.7099057582172164, 1.8840727611970964]",0.17734632757768587,0.45888180832661374,0.8534160467298005,"[-0.29193597975207525, 0.646628634907447]",23.322586927843602
2660.0,24.0,0.029574684886084536,0.06701718759593142,0.7610678586898244,0.003975568858113166,0.00900468597534126,"[0.2431452833282569, 1.278990434051392]",0.3111152793117462,0.3851418127431282,0.8109971092567351,"[-0.3910169809237426, 1.0132475395472351]",22.811627170226878
2661.0,24.0,0.00783162791527567,0.02128738221058894,0.8231287948802801,0.000481706909241059,0.001309697958784826,"[0.36096075322914767, 1.2852968365314126]",-0.25024893139476845,0.3983594804288395,0.8196697128165422,"[-0.8310033354171091, 0.33050547262757224]",0.9558805064386079
2662.0,24.0,6.445177901274072e-07,0.00012239946415804818,1.274087340309572,2.175096389611099e-14,4.315375497762e-12,"[0.9472259474410398, 1.6009487331781043]",0.2917113620356133,0.030912293977144397,0.24056259904392527,"[0.02679439758931601, 0.5566283264819106]",22.885744674623105
2663.0,24.0,4.565350735708986e-06,0.00024028161766889402,1.4091206874772129,1.71077644700645e-11,9.004086563191842e-10,"[0.9986716970687588, 1.819569677885667]",0.19196173947262185,0.21261746542971816,0.6514843112298415,"[-0.10989801702023305, 0.49382149596547675]",23.266760166681927
2664.0,24.0,0.0002898409743408918,0.00203540010070851,1.1945594922403333,8.974474672200453e-07,6.306728511736088e-06,"[0.717997887506939, 1.6711210969737276]",0.012506392625201812,0.9528535130175786,0.9921423500807773,"[-0.40208273703951625, 0.42709552228991987]",23.952229099042828
2665.0,24.0,0.001395011243417721,0.0058255054682623715,1.0558605018749234,2.2176151219037796e-05,9.263221060583875e-05,"[0.5679869535322655, 1.5437340502175814]",0.15377386657934267,0.5294891493139362,0.8840760685883975,"[-0.3255485539506987, 0.633096287109384]",23.412627096373058
2666.0,24.0,6.133328636576798e-05,0.0008173507895384916,1.2084921545441403,2.4155021210979245e-08,3.2210826532376053e-07,"[0.783955028062533, 1.6330292810257476]",-0.15520059919549922,0.4038577107192559,0.822520795762232,"[-0.5196056126279056, 0.2092044142369071]",0.5928226207869057
2667.0,24.0,0.002216769111083016,0.008164895436769857,1.021392390950001,5.2830524718967624e-05,0.0001945159231184375,"[0.5262101553415435, 1.5165746265584583]",0.15776558929668294,0.538623232555729,0.8894555587940309,"[-0.3451076478249242, 0.6606388264182901]",23.39737983872705
2668.0,24.0,8.454456504579522e-05,0.0009773938155583264,1.3730639972517364,5.332881456376862e-08,6.150959003894881e-07,"[0.8783515430226381, 1.8677764514808348]",-0.2836571506657686,0.1352320372078944,0.5285831755590654,"[-0.6558379555897946, 0.08852365425825748]",1.08349050412367
2669.0,24.0,0.00016116967916707055,0.0014262803466112439,1.1721471532734964,2.443146030240995e-07,2.158256210460243e-06,"[0.7270943517441143, 1.6171999548028784]",0.3768757856609488,0.058541181885503196,0.3507560328670054,"[-0.013615780570438496, 0.7673673518923361]",22.56044053873004
2670.0,24.0,0.0007206863992174253,0.0037015223380453275,0.983943317208045,6.064809336905581e-06,3.1149508664127274e-05,"[0.5576737597990988, 1.410212874616991]",0.14098972944243915,0.5387464431360487,0.8894608603864103,"[-0.30854732089503956, 0.5905267797799179]",23.461458903217125
2671.0,24.0,0.00031209320109962203,0.0021274246837056717,1.5332155514102892,1.0602055343838607e-06,7.22703159089203e-06,"[0.9174424978291811, 2.1489886049913975]",-0.3067926128295939,0.14682926213223566,0.5486893203745727,"[-0.7212488446646519, 0.107663619005464]",1.1718614600617896
2672.0,24.0,0.08702785239770298,0.17881210683727755,0.6758115037108954,0.019376281893761175,0.039811551045328075,"[0.10932458128762945, 1.2422984261341612]",-0.0697460676008328,0.8752578210397205,0.9754479263760243,"[-0.9405366054666355, 0.8010444702649699]",0.26641035407745667
2673.0,24.0,0.01166506145159619,0.029584228890682705,0.7756619252565184,0.0009257805912205761,0.0023485047976168853,"[0.31666576781914024, 1.2346580826938967]",0.21070516208711876,0.5004314325195199,0.8731021700276606,"[-0.4021884872464674, 0.8235988114207049]",23.195165566052545
2674.0,24.0,8.089319854538028e-05,0.0009575330142191225,1.1734175259079578,4.8028800349715024e-08,5.688858235113324e-07,"[0.7520794525567928, 1.594755599259123]",-0.3379691728456571,0.07341465276352666,0.39585510100895854,"[-0.7079786858667925, 0.0320403401754783]",1.2909471473055718
2675.0,24.0,0.008147048432839995,0.02197327330050825,0.8048351520348919,0.0005138100928148064,0.0013864276654473998,"[0.35069094350702934, 1.2589793605627544]",0.16902267612763655,0.5712833972042888,0.9008246509973031,"[-0.4161069018107785, 0.7541522540660516]",23.354380934391987
2676.0,24.0,0.0010070114717808316,0.004640588180696068,1.2421621224207486,1.1828184224948231e-05,5.4505972735834794e-05,"[0.6864117137331378, 1.7979125311083595]",0.2596699520135948,0.2712559847746585,0.7208503448702059,"[-0.202932692155342, 0.7222725961825316]",23.00813384555043
2677.0,24.0,0.0009940949349115523,0.004604423042665828,0.8953609474011538,1.1492321516174132e-05,5.3229835646939004e-05,"[0.49534407538162145, 1.2953778194206862]",0.058592277825114,0.8045936201917431,0.964880279922775,"[-0.40557798397785766, 0.5227625396280857]",23.776193984570867
2678.0,24.0,0.0003228916261630478,0.00218022705039195,1.0518486798746327,1.1359888140989625e-06,7.675600095263261e-06,"[0.6282196527873749, 1.4754777069618905]",-0.15058502336315271,0.479951805178885,0.8639493090300455,"[-0.568407143032682, 0.2672370963063766]",0.5751924197725032
2679.0,24.0,7.4039498264535705e-06,0.0002840664501892035,1.3212108218810161,7.467814247099489e-11,2.880580572073407e-09,"[0.9234921263570892, 1.718929517404943]",0.01116142223337846,0.9442503353969907,0.9899384482268412,"[-0.301670882290934, 0.3239937267576909]",23.95736650751093
2680.0,24.0,0.0056361399746347445,0.016403201323151175,1.1006134521222164,0.0002761179478984261,0.0008036028751409373,"[0.5074539420466869, 1.693772962197746]",0.13702387443601172,0.6310868905577621,0.9220225036291709,"[-0.42224975959687405, 0.6962975084688975]",23.476607353485733
2681.0,24.0,3.785427737311862e-06,0.0002186098267406235,1.2546437087343134,9.516181889776545e-12,5.51331639210338e-10,"[0.8937415097860995, 1.6155459076825274]",-0.25283700977281764,0.09576999235120431,0.44941338503615347,"[-0.5503375628050995, 0.044663543259464256]",0.9657662376460266
2682.0,24.0,0.007036265456517252,0.01952348905803899,0.8599541307969525,0.0004019262507079484,0.0011152226712207226,"[0.3836707541456589, 1.3362375074482462]",0.09062845742238324,0.757469659786042,0.9559877159165165,"[-0.48458359224999203, 0.6658405070947585]",23.653824792394424
2683.0,24.0,0.0005020516701503269,0.0029087582279856716,1.0034266181189042,2.8915042047435155e-06,1.6752749905703356e-05,"[0.5830503200291454, 1.423802916208663]",-0.11397662530049502,0.6075257923801205,0.914122468221668,"[-0.5489190298504256, 0.32096577924943565]",0.4353586395241575
2684.0,24.0,0.0062479781034987065,0.01786157262292369,1.0472404032345402,0.00033091068744080845,0.0009457293153495526,"[0.47546928039808534, 1.619011526070995]",0.4570800891996649,0.10898980015962013,0.4824692348810099,"[-0.10187193829914176, 1.0160321166984716]",22.254082665959732
2685.0,24.0,8.630145169512128e-06,0.0003071226038972288,1.2790151895810078,1.1778952379759862e-10,4.192244358048149e-09,"[0.8898870137919475, 1.6681433653700681]",-0.031901554044028835,0.8432233440342365,0.9708072590103425,"[-0.3480527405630501, 0.2842496324749924]",0.12185496044209039
2686.0,24.0,0.0008200480515571537,0.004031701335089251,1.3455702397433842,7.951241151978353e-06,3.907243809325972e-05,"[0.755113824566114, 1.9360266549206544]",0.5761633907953625,0.011292393918405915,0.12735908489290823,"[0.13043555563813342, 1.0218912259525916]",21.799217959831935
2687.0,24.0,0.0029772840226009894,0.010038044580583242,1.0892595281920987,9.045120146123263e-05,0.00030496022070543706,"[0.5439267508318727, 1.6345923055523248]",-0.25086428645502945,0.3423539037249237,0.7830601640551778,"[-0.7686865781186288, 0.26695800520856994]",0.9582309896289395
2688.0,24.0,0.00028433893848976325,0.002012306712595635,1.1933550184661563,8.743841388006971e-07,6.179393207072065e-06,"[0.7177676423030392, 1.6689423946292734]",0.5842300640408773,0.004650651135698985,0.07221507974687864,"[0.1796525185157294, 0.9888076095660252]",21.768405537719996
2689.0,24.0,0.0025590903737347306,0.008998208065171346,1.280885083252103,6.86131817459905e-05,0.00024142569228005105,"[0.6502744967210017, 1.9114956697832044]",-0.01152183796613837,0.9647945097373006,0.9938808419181301,"[-0.5231548112262844, 0.5001111352940076]",0.044010179179555
2690.0,24.0,0.036009348285930796,0.07973726369780956,0.900647340980027,0.005338460856620399,0.011823833569480397,"[0.26700771348713603, 1.534286968472918]",-0.11854199782008301,0.7503951095338054,0.9552799279805988,"[-0.8488928032780055, 0.6118088076378395]",0.45279707800931746
2691.0,24.0,5.127440541278517e-05,0.0007495363286483563,1.0144479742844328,1.538584705460918e-08,2.2493928442411082e-07,"[0.6629878986593797, 1.365908049909486]",-0.0633716687109116,0.7300345105642525,0.9506810952450392,"[-0.42330653386393285, 0.29656319644210966]",0.24206194385576593
2692.0,24.0,0.00014209372211636235,0.001336723632327021,1.4165406143205572,1.823317870519511e-07,1.7152566985131804e-06,"[0.884312772414292, 1.9487684562268224]",-0.30741705153587606,0.12017819003039303,0.5042854342245806,"[-0.6951366320365522, 0.08030252896480006]",1.1742466402240948
2693.0,24.0,1.9218435986250704e-05,0.0004338247400959527,1.2883704820193405,1.1592263236869505e-09,2.61676371035429e-08,"[0.8734428836644228, 1.7032980803742581]",0.18544216033318595,0.27623952574359856,0.7263268467894519,"[-0.14837306151903823, 0.5192573821854101]",23.291663124608007
2694.0,24.0,0.009592938184131046,0.025158505596986746,1.0267349528906224,0.0006744679438460315,0.0017693282892078477,"[0.43482029466121785, 1.618649611120027]",-0.32562350998864087,0.282967003016215,0.7330971729361542,"[-0.9200385236463756, 0.2687915036690939]",1.2437901888390084
2695.0,24.0,0.000518310226070835,0.002971962305452036,1.15456081293179,3.0875797181823524e-06,1.7744711024036508e-05,"[0.6694711767597177, 1.6396504491038622]",0.06655453824099755,0.7650527025232896,0.9575323787835143,"[-0.3699302215452388, 0.5030392980272339]",23.74578039008992
2696.0,24.0,0.0002045893691209678,0.0016472574003298533,0.9864486811219647,4.169287565389112e-07,3.3596193113530313e-06,"[0.6044331891400303, 1.3684641731038991]",0.2130965472458799,0.29770685180677237,0.7470401704647027,"[-0.18797525624841754, 0.6141683507401774]",23.186031147600062
2697.0,24.0,0.0016792496569223115,0.006674283215112526,0.981860041804948,3.1477498578578376e-05,0.00012510929482741802,"[0.5195398206377414, 1.4441802629721545]",0.012973852621439796,0.9585559552811725,0.9938808419181301,"[-0.47635356405014634, 0.502301269293026]",23.95044353338445
2698.0,24.0,0.0006653528125579835,0.0035123443312800088,1.2043486323561743,5.156161052211384e-06,2.722365919858175e-05,"[0.6865100438508597, 1.722187220861489]",0.09753285473320883,0.6685661304674281,0.9332201550489372,"[-0.3489829320947463, 0.544048641561164]",23.627451937328306
2699.0,24.0,0.003313869939239704,0.010872276703542336,0.8864826874959733,0.0001092505908043164,0.0003584336968645551,"[0.4374152232041899, 1.3355501517877566]",0.02466244487946323,0.9268386906847472,0.9891554863231027,"[-0.5017581415212218, 0.5510830312801482]",23.90579639972885
2700.0,24.0,0.01043430655426568,0.02693419348029344,0.7910410252021245,0.0007717177973493857,0.0019920438754501436,"[0.32998549040521846, 1.2520965599990306]",-0.12393334000364309,0.6880548860096843,0.9373175997811231,"[-0.7289326514555319, 0.4810659714482457]",0.47339048821123997
2701.0,24.0,3.0774424104083446e-08,4.6959787989594754e-05,1.204450405423998,4.944033495722749e-20,8.240055826204583e-17,"[0.946881440745482, 1.462019370102514]",-0.035438569735212866,0.7546060080193887,0.9553874318273853,"[-0.25765414081817073, 0.186777001347745]",0.13536536518718323
2702.0,24.0,0.0002866700555803021,0.0020216506035282238,1.2753765820624383,8.778096972841219e-07,6.190477413851352e-06,"[0.7670220376469201, 1.7837311264779565]",-0.16072569765313993,0.4460651467260546,0.848193393719321,"[-0.5741379560485906, 0.2526865607423107]",0.6139269423213759
2703.0,24.0,0.0017625553013913117,0.006895756265224225,0.8935351597284537,3.460666999467459e-05,0.0001353938575691494,"[0.470600378479027, 1.3164699409778802]",-0.28417151758097425,0.25463697367970406,0.7040004801761239,"[-0.7730989573332288, 0.2047559221712803]",1.0854552410144997
2704.0,24.0,0.003427764424319377,0.011147201379900414,0.7653532231279937,0.00011696606282524782,0.0003800067018364126,"[0.37596868143816947, 1.1547377648178179]",-0.49561594542646326,0.061552180791334565,0.3601648963799565,"[-1.015212244175871, 0.02398035332294446]",1.893113462154832
2705.0,24.0,7.752751202550806e-05,0.0009351931486792286,1.194434970706047,4.30556662918342e-08,5.193687128086152e-07,"[0.7670674607405148, 1.6218024806715794]",-0.18638826347483395,0.3245924890583076,0.7664141157578481,"[-0.5572415006694756, 0.18446497371980775]",0.7119507231920255
2706.0,24.0,0.0003414294631695977,0.002258131370169297,1.1201104498901757,1.280411577469087e-06,8.468330538816713e-06,"[0.666779831273266, 1.5734410685070854]",-0.12420585178109445,0.5622661622387575,0.8966709607100429,"[-0.5443057855023727, 0.2958940819401838]",0.4744314065256114
2707.0,24.0,0.004075089292021756,0.012714218701531018,1.2047072297250445,0.00015791622517890284,0.0004925646449747438,"[0.5797710885819969, 1.8296433708680921]",0.2787596436512958,0.30801311134055387,0.7545027271957081,"[-0.2572015764260046, 0.8147208637285962]",22.935216594680664
2708.0,24.0,0.006361233951946163,0.018107696988175815,1.043907097402753,0.0003401718427483204,0.0009683229227108466,"[0.47281019164562565, 1.6150040031598802]",0.31727709495714507,0.2704606602183508,0.7202045575339596,"[-0.24701543359402012, 0.8815696235083103]",22.788090768185608
2709.0,24.0,0.09783926941634201,0.19886030369175206,0.5483263469028843,0.022949181889900586,0.04664467863800932,"[0.07578115088552073, 1.020871542920248]",-0.4164728986282311,0.3560184241684682,0.7930907199119362,"[-1.3008617619796627, 0.4679159647232005]",1.5908092915318277
2710.0,24.0,0.01459160586404516,0.03583400261307751,0.8407696200341483,0.0013273395265500803,0.0032596746722742638,"[0.3274122863783887, 1.3541269536899079]",0.2977416378785742,0.3545560342483438,0.7924334095395654,"[-0.3326000049570671, 0.9280832807142155]",22.86271071761635
2711.0,24.0,0.00011703616823516039,0.00117470824818685,1.1149739489975048,1.171988503321545e-07,1.1743371776768988e-06,"[0.702481209867931, 1.5274666881270786]",0.5710088277905534,0.0029098516247497287,0.05398611548700795,"[0.19508756698391505, 0.9469300885971917]",21.81890694019259
2712.0,24.0,0.0030808462793186454,0.010293505777877198,0.9683862888387514,9.655733854618042e-05,0.00032250280075544563,"[0.48160469448591586, 1.455167883191587]",-0.42646536953681036,0.1049586563089652,0.47299980310484546,"[-0.9420205480439642, 0.08908980897034346]",1.628977718863084
2713.0,24.0,0.0010775495304610058,0.0048669807157227,1.261499409300744,1.3634609622378006e-05,6.15280217616336e-05,"[0.6930662525770331, 1.8299325660244548]",-0.6310841945734742,0.006665289847834553,0.09210740177193859,"[-1.086980779303853, -0.17518760984309523]",2.4105640577648613
2714.0,24.0,0.004800463745353864,0.014411479271551678,0.8648528611131115,0.00021013331053966632,0.0006307027968700018,"[0.40752789515466825, 1.3221778270715547]",-0.30694727412416434,0.27025278730939173,0.7202045575339596,"[-0.8526308911850237, 0.238736342936695]",1.1724522226906506
2715.0,24.0,0.00034531212004809784,0.0022702966472590257,1.1817161873107616,1.3123119432758915e-06,8.650704965562897e-06,"[0.7029690768589736, 1.6604632977625495]",-0.1424696659321505,0.5065219530347682,0.8752755366075138,"[-0.5628383824560503, 0.27789905059174935]",0.544194037770066
2716.0,24.0,4.5421809211882755e-05,0.0006965738145328718,1.2274777147000944,1.1350015561938175e-08,1.7381340829920636e-07,"[0.8060864733145241, 1.6488689560856646]",0.2086707748395611,0.25007435927372623,0.6973629650689521,"[-0.14691808126502587, 0.5642596309441481]",23.202936352931232
2717.0,24.0,0.0034263651430117073,0.011146275676680896,0.8747153711677518,0.0001159360802350699,0.00037727328420133387,"[0.4299411634324596, 1.319489578903044]",0.02973351171462557,0.9121787805146221,0.9856022475955274,"[-0.49865716306704044, 0.5581241864962916]",23.886426351243276
2718.0,24.0,0.0004696963800193081,0.0027891709027274827,1.091377916598622,2.5157625823444368e-06,1.4948084268237889e-05,"[0.6369206284668262, 1.5458352047304178]",-0.09101989796758403,0.6799680393418026,0.935645905148272,"[-0.5234873058421675, 0.34144750990699946]",0.347670400350263
2719.0,24.0,0.00251309825113015,0.00888334482548657,0.991574758317341,6.704240737822416e-05,0.00023681528568782816,"[0.5040722222725127, 1.4790772943621693]",-0.5483242212828996,0.03172456552815943,0.2453562685859198,"[-1.0486798090498852, -0.04796863351591396]",2.094444245620505
2720.0,24.0,0.0008653992052369569,0.004178653815726493,1.1392925645703569,8.809973297393307e-06,4.2437250950834806e-05,"[0.6368791662949778, 1.641705962845736]",0.41306980992608544,0.07367300039435316,0.3959736121910263,"[-0.03956598091700464, 0.8657056007691755]",22.42218954979761
2721.0,24.0,0.0012971725016391396,0.005522232872026988,1.1276116094153792,1.9302942731762452e-05,8.217514998621734e-05,"[0.6103686633470158, 1.6448545554837426]",-0.18339721670271114,0.44966510593045617,0.8503228104137736,"[-0.6588794351053413, 0.292085001699919]",0.7005257661007678
2722.0,24.0,0.06560181235134599,0.13731991081656844,0.6645013051709538,0.012907226768776685,0.027019524322329257,"[0.1406752351173901, 1.1883273752245176]",0.11508052142102088,0.782851085108424,0.9605790545529682,"[-0.7033127167264295, 0.9334737595684712]",23.560424787894043
2723.0,24.0,0.0001592826708633883,0.001415845963230118,0.9490331808557784,2.3554747903021758e-07,2.0974842300108424e-06,"[0.5891710605665177, 1.308895301145039]",-0.007993255942654542,0.9682873159837162,0.994645419603201,"[-0.4020551838851834, 0.3860686719998743]",0.030531988672131312
2724.0,24.0,0.07266340165453103,0.1511930954110092,0.5883290008082942,0.014963180788420334,0.031134375340033986,"[0.11443825358962001, 1.0622197480269684]",0.1479940932233177,0.7285189509749761,0.9499529938388005,"[-0.6876906088066065, 0.9836787952532419]",23.43470420436255
2725.0,24.0,0.001515113984199098,0.006154284889249187,0.8623990428107586,2.6122346093412614e-05,0.00010598770012870264,"[0.46042038459550405, 1.2643777010260133]",-0.4276254291002548,0.07955035038759607,0.4102648292294795,"[-0.9056554022483604, 0.050404544047850774]",1.633408819994361
2726.0,24.0,0.037914745739150095,0.08356787687712165,0.7131614338006008,0.005764957248946901,0.012706540112292044,"[0.20688032247409294, 1.2194425451271087]",-0.062192227751306284,0.8687303735290159,0.9740221701188653,"[-0.7997338169656583, 0.6753493614630457]",0.2375568112444163
2727.0,24.0,0.0046755738163461675,0.014117070701528284,1.0113645808127234,0.00020006007440644726,0.0006044111009258225,"[0.47835307066165245, 1.5443760909637945]",0.05288042326087439,0.8498764336500886,0.9708072590103425,"[-0.494699172361974, 0.6004600188837228]",23.798011661885766
2728.0,24.0,2.6206420649423266e-05,0.0005133188353146951,1.1947674698844102,2.6892896470515852e-09,5.273116955003109e-08,"[0.8011725298998373, 1.588362409868983]",-0.16858881921970248,0.33341685828736445,0.7746503714826705,"[-0.510203190374765, 0.17302555193536012]",0.6439618542921979
2729.0,24.0,0.002330679972116231,0.008417045764233409,0.9964018831172732,5.790546076656288e-05,0.00020912047947476664,"[0.5107464025121553, 1.482057363722391]",0.1401214638370485,0.587129922373987,0.9076681456842388,"[-0.36564853742926606, 0.645891465103363]",23.464775433529475
2730.0,24.0,4.1503646924061235e-05,0.0006619401423295252,1.2427310848880049,8.984579586083701e-09,1.432947302405694e-07,"[0.8190458549939663, 1.6664163147820434]",-0.13049691365225158,0.46978370265048885,0.8584731734461428,"[-0.484340676951419, 0.22334684964691587]",0.4984614927838099
2731.0,24.0,0.2618310429903896,0.47744537379720936,0.4431378497874281,0.09149669688677525,0.16684299213489287,"[-0.07153234539790876, 0.957808044972765]",-0.4219983657272799,0.48757442562106856,0.8691166232104608,"[-1.6134923215909356, 0.7694955901363758]",1.6119150211727535
2732.0,24.0,2.488541411521626e-05,0.0004989535691149897,1.2414017835169686,2.3680314379804447e-09,4.7455539839287466e-08,"[0.8338680427958366, 1.6489355242381007]",-0.4123643426084751,0.016462874355958088,0.16380969508416007,"[-0.7493345290594514, -0.07539415615749878]",1.5751157635434885
2733.0,24.0,0.007946871826185382,0.021524571576883485,1.0047770735307546,0.0004942633066349884,0.0013383788427700743,"[0.4395033137401009, 1.5700508333214085]",0.33055980833491105,0.2639200544382486,0.7133724065867596,"[-0.2493726649620337, 0.9104922816318558]",22.737354540383745
2734.0,24.0,4.302504799385005e-05,0.0006733184349585298,1.285769753410701,1.0055500717799533e-08,1.5662773703737593e-07,"[0.845952171411694, 1.7255873354097082]",-0.6007923818293452,0.0006863849772182364,0.020550448419707677,"[-0.9476392520355654, -0.2539455116231251]",2.2948578561622486
2735.0,24.0,0.0006795546449137515,0.0035613713708524952,1.293946535720621,5.389546973562764e-06,2.8261913862416174e-05,"[0.7364447541456625, 1.8514483172955796]",0.1816287414743032,0.42542539132350043,0.834986047739942,"[-0.26500372218429286, 0.6282612051328993]",23.306229311683314
2736.0,24.0,1.6947927642880424e-05,0.0004103614441375405,1.1301861771115262,8.302752308190473e-10,2.010351648472269e-08,"[0.7693596880179117, 1.4910126662051408]",-0.45696644121862384,0.00614018089763518,0.08723659878279541,"[-0.7838176814681863, -0.13011520096906132]",1.7454832307293444
2737.0,24.0,0.027400075891749892,0.0627004024982835,0.8619986921439855,0.0035316170795024384,0.008081503614422055,"[0.282856940309937, 1.441140443978034]",-0.017786732454570853,0.9601778833782038,0.9938808419181301,"[-0.7159862796242501, 0.6804128147151084]",0.06794031339835181
2738.0,24.0,0.09490836441589529,0.19345365759456848,0.5844145729306844,0.021966667944869372,0.044775107918608587,"[0.08443218726491847, 1.0843969585964504]",0.3589628101429865,0.4243620212451096,0.8337171340768361,"[-0.5217167086394175, 1.2396423289253904]",22.628863065110068
2739.0,24.0,7.263015050676391e-05,0.0009105465364405254,1.3006698488939628,3.6628337869093874e-08,4.5908236197426835e-07,"[0.837704133495371, 1.7636355642925545]",0.10107854630970436,0.5919676740129902,0.9081832229017933,"[-0.2685393449607288, 0.4706964375801375]",23.61390839314242
2740.0,24.0,0.00022761674831376155,0.0017503743132949792,0.967031864727351,5.354016078866603e-07,4.112147526011215e-06,"[0.5889582918993508, 1.3451054375553513]",0.5476586602747799,0.006984411601385423,0.09538518799565668,"[0.1497506744142929, 0.945566646135267]",21.90809801016441
2741.0,24.0,0.00039504611724860636,0.0024876959524471436,1.1040527755856575,1.7467780289033129e-06,1.0999861642967965e-05,"[0.6514204262934733, 1.5566851248778417]",-0.06623354199063058,0.7605238109815537,0.9565482608929913,"[-0.492146721166876, 0.35967963718561485]",0.2529934945510433
2742.0,24.0,3.024617947339391e-05,0.0005490760358935952,1.4059760651175521,3.929269002133197e-09,7.141766557204799e-08,"[0.9378946727737911, 1.8740574574613131]",0.06207830848304141,0.7250091759937554,0.9490709376786874,"[-0.2838025763922943, 0.4079591933583771]",23.76287832830737
2743.0,24.0,0.04555473613406494,0.09868876978783565,0.7565443830462726,0.007570955643076208,0.016403796601964338,"[0.2013192138545189, 1.3117695522380264]",0.013277886970519681,0.9727797483112612,0.9946639642340541,"[-0.7493992252531521, 0.7759549991941914]",23.949282207715832
2744.0,24.0,0.009866821181345452,0.02574848951290567,0.9010443349015681,0.0007041194296038699,0.0018379520480393365,"[0.3797839933428412, 1.422304676460295]",-0.08470185726643287,0.7823278227907267,0.9605790545529682,"[-0.6855724472793784, 0.5161687327465126]",0.32353726255240717
2745.0,24.0,0.0014453489391780278,0.005960201811043414,1.0953370868052987,2.370454245259657e-05,9.779101671863272e-05,"[0.5874292753507503, 1.603244898259847]",-0.07659587289281067,0.7552883928898158,0.9553874318273853,"[-0.5582697303312457, 0.4050779845456244]",0.2925746829919039
2746.0,24.0,0.004818263752442142,0.014456236881014528,1.049589061037646,0.000212335504315662,0.0006366881688625547,"[0.4941816022272818, 1.60499651984801]",0.49783169154659124,0.07096169450967262,0.3892565709223147,"[-0.04252386119216511, 1.0381872442853477]",22.098423011101445
2747.0,24.0,0.029051974167038863,0.06599721528177843,0.9226415683758306,0.003861276143348178,0.008773633590884294,"[0.29676054174970024, 1.5485225950019608]",-0.0840514813172657,0.8151343526917347,0.966095377463714,"[-0.7886388405212632, 0.6205358778867318]",0.32105300942013426
2748.0,24.0,0.0006100518925740147,0.0033042004136473757,1.1834432622750928,4.3216045672496015e-06,2.3416344012087328e-05,"[0.6786852929990338, 1.6882012315511519]",-0.11795500737877607,0.6015785408143945,0.91161020243821,"[-0.560731236945639, 0.3248212221880869]",0.4505549396825568
2749.0,24.0,0.00017686868769516844,0.00150015850462399,1.1945915187882654,2.9920102769125623e-07,2.5377525673558628e-06,"[0.7376478432382214, 1.6515351943383094]",0.05532193128753615,0.7849836708769469,0.9608848990282411,"[-0.34210091720787433, 0.45274477978294664]",23.788685788180764
2750.0,24.0,0.016713701381305922,0.04033129740331992,0.6996973691921945,0.0016450912775280912,0.003968857123107579,"[0.264032633635012, 1.135362104749377]",0.2731438315578387,0.4054129642653139,0.823506678251897,"[-0.37031368629345496, 0.9166013494091324]",22.95666741678024
2751.0,24.0,0.10059680450786683,0.2038848895578979,0.6510908295341117,0.02382482403242965,0.04828703695263407,"[0.08642397823654757, 1.215757680831676]",-0.1452547980062917,0.7517097429532038,0.9552799279805988,"[-1.0450873156612674, 0.7545777196486839]",0.5548324586523866
2752.0,24.0,0.0005902019352906357,0.0032339832070719765,1.2292419182834462,4.037846751597539e-06,2.2125187679986514e-05,"[0.7065584975515433, 1.751925339015349]",-0.10654363804963918,0.6362290533477031,0.9241223256083614,"[-0.5480479019959424, 0.3349606258966641]",0.4069667196142516
2753.0,24.0,0.04821794422812252,0.10391798325026405,0.611438596844669,0.008236314316775885,0.01775067740684458,"[0.15788248472595223, 1.0649947089633858]",0.14259804072215854,0.7165170525493343,0.9465980671013572,"[-0.6270893534657895, 0.9122854349101066]",23.455315606652377
2754.0,24.0,0.006018621451266887,0.01727129882030673,0.9619877207904391,0.00030887053845275275,0.0008865400070400481,"[0.43937273630170437, 1.484602705279174]",0.15512304884056682,0.5895355985597216,0.9077706636973603,"[-0.4084180882879562, 0.7186641859690899]",23.40747359974892
2755.0,24.0,0.013470067516095457,0.03344938543852857,0.819703763982596,0.0011673534677868458,0.0028988166570321477,"[0.32487193276432486, 1.3145355952008673]",-0.24127693197810274,0.44898167560127955,0.849596270386384,"[-0.8658779959378242, 0.38332413198161874]",0.921609993080689
2756.0,24.0,0.001143239835997805,0.005069799716176518,1.1422499483320234,1.5098682567800881e-05,6.700410131310055e-05,"[0.6248839583585096, 1.6596159383055373]",-0.05237669795809197,0.8273223847939914,0.9679957461859046,"[-0.5229821008754525, 0.4182287049592685]",0.20006424918867644
2757.0,24.0,0.004029368468711247,0.01261148190519952,0.9222548499393194,0.00015488195149354178,0.00048430879141195054,"[0.44445032431183823, 1.4000593755668005]",-0.29679493280935176,0.2767882211670535,0.7264680123859192,"[-0.831667449983968, 0.2380775843652645]",1.1336731353896468
2758.0,24.0,6.027649291162335e-05,0.0008151517773106611,1.2827998701150953,2.3224739258568157e-08,3.138478278184886e-07,"[0.8327096638797451, 1.7328900763504456]",-0.26830187883314505,0.14705667680523776,0.5491287408709401,"[-0.6309636880795131, 0.09435993041322294]",1.024837686171307
2759.0,24.0,0.00689676880543231,0.01921105516833513,0.7262767670645914,0.0003891496063966833,0.001083982190520009,"[0.32499626893639505, 1.1275572651927879]",0.21145265130000546,0.46892401977723075,0.8577935978397636,"[-0.36079524316649836, 0.7837005457665093]",23.192310367577214
2760.0,24.0,0.0018633445825308147,0.007183286748384019,1.027167571020721,3.830538544306436e-05,0.0001477261297457168,"[0.5382238039872143, 1.516111338054228]",0.16866440662482685,0.5030446846068117,0.873546981136186,"[-0.32494882553940163, 0.6622776387890553]",23.355749423087936
2761.0,24.0,6.983318333908668e-05,0.0008828468184461021,1.0760481491598173,3.38972881088889e-08,4.285371442337408e-07,"[0.6939810633222766, 1.4581152349973578]",-0.5905657078444033,0.0013151923400822405,0.031510461620562,"[-0.950856964855947, -0.2302744508328597]",2.255794838976022
2762.0,24.0,0.005915847363293168,0.01706822666847423,0.8633165715535641,0.00029979720650904785,0.0008649659737710555,"[0.39530910192487373, 1.3313240411822544]",-0.10418701320821189,0.7167782164719134,0.9465980671013572,"[-0.6670889433482234, 0.45871491693179967]",0.3979650757936203
2763.0,24.0,5.888324278394195e-06,0.0002549058129174976,1.1957594845857193,3.7436451917443804e-11,1.6206256241317665e-09,"[0.8414071195796182, 1.5501118495918205]",0.123007636401824,0.4331837551287626,0.8404091560909405,"[-0.1846018462123904, 0.4306171190160384]",23.53014543908638
2764.0,24.0,0.004352765613193621,0.013384888109451478,0.8661645756143004,0.0001769154665484657,0.0005440204998415305,"[0.41344369676802145, 1.3188854544605793]",0.19114094759585498,0.4891763016202665,0.8697731756428894,"[-0.3505288056379615, 0.7328107008296715]",23.269895360708418
2765.0,24.0,1.7892670594124695e-05,0.00041903209822306077,1.024451963058977,9.51144241110973e-10,2.2307377213041045e-08,"[0.6962260893443688, 1.3526778367735852]",0.172114613516948,0.3098964115114796,0.7561717851819718,"[-0.16009471178175577, 0.5043239388156517]",23.342570603530238
2766.0,24.0,0.0010865161959459954,0.004896422694664243,1.0353661901250162,1.3713792721190394e-05,6.180167968089407e-05,"[0.5686926699558206, 1.5020397102942118]",-0.23300281196776673,0.32760339602969446,0.7693832692101795,"[-0.6994984477271871, 0.23349282379165365]",0.8900051826955562
2767.0,24.0,0.00023760333964427643,0.0017959436103119912,1.1556111217007106,5.812496466609293e-07,4.3934213655399035e-06,"[0.7023792379053256, 1.6088430054960954]",-0.17011433132307996,0.412309381738692,0.8271241167372688,"[-0.5768027459830438, 0.23657408333688384]",0.6497888813001749
2768.0,24.0,0.00021703170873469215,0.0017073765434603937,1.0065232332287264,4.785334086292021e-07,3.7561492043108485e-06,"[0.6146946847557395, 1.3983517817017133]",-0.3751807902341744,0.06628092361051552,0.37439569128623457,"[-0.7755800273458346, 0.025218446877485923]",1.4330850556534163
2769.0,24.0,0.002920498180767119,0.009899993833108878,1.196390648228993,8.719788749481173e-05,0.0002955860593044466,"[0.598770994990812, 1.794010301467174]",0.12765311661245704,0.6294029291424938,0.9216640993393094,"[-0.39081437558923215, 0.6461206088141462]",23.512401011760993
2770.0,24.0,0.020644839965896878,0.0486906602969266,0.7026583650106295,0.0022858706492426216,0.005391204361421278,"[0.25117169988423116, 1.1541450301370277]",0.1387321402220465,0.6834169672643873,0.9361876263895716,"[-0.5280328862784791, 0.8054971667225721]",23.47008225883064
2771.0,24.0,4.012307361908869e-05,0.000646264206456689,1.303920950464835,8.22243314298672e-09,1.327361161610397e-07,"[0.8605289065291803, 1.7473129944004897]",0.04899639528979183,0.7857784467566282,0.9608848990282411,"[-0.3043236337125053, 0.40231642429208897]",23.812847555902685
2772.0,24.0,0.000949793083810581,0.00445175616091254,1.0865529136941767,1.0504513734753305e-05,4.92707023206065e-05,"[0.6032678949975081, 1.5698379323908453]",0.02500930339959151,0.9155435329926053,0.986565242976216,"[-0.43720502905442654, 0.48722363585360956]",23.904471497776083
2773.0,24.0,0.017845326860357037,0.0428150836380927,0.8125798482533022,0.0018308804182419222,0.00439165367772109,"[0.30152895883412845, 1.323630737672476]",-0.5424064282221339,0.09686525619205574,0.45137584432458405,"[-1.1827319958869738, 0.09791913944270592]",2.0718399411929265
2774.0,24.0,0.0027487987209019096,0.00945920200337926,1.2096518771427134,7.811132178036578e-05,0.0002689327583165739,"[0.6094491422378643, 1.8098546120475625]",-0.0018417702417705684,0.9944143884919292,0.999042938587908,"[-0.5174850125723462, 0.5138014720888051]",0.007035044112416187
2775.0,24.0,0.0048725265829905415,0.014588402943085452,1.053112121080936,0.00021493789568116357,0.0006437193641244791,"[0.49537512645306314, 1.6108491157088087]",0.10168778721363658,0.7170489398609088,0.9465980671013572,"[-0.44826063858026566, 0.6516362130075388]",23.61158126430895
2776.0,24.0,0.013344775446071471,0.03319595882107331,0.7465231771608779,0.0011487084352917458,0.0028574836698799645,"[0.2965032044789422, 1.1965431498428136]",-0.1438974321683304,0.6520552698859139,0.9299133911664488,"[-0.769375965778276, 0.48158110144161526]",0.5496477030676918
2777.0,24.0,7.934531554160293e-05,0.0009491066452344849,1.1198463861693357,4.543267413035344e-08,5.434530398367637e-07,"[0.7184690954973693, 1.521223676841302]",0.059351876429759365,0.7547458346287163,0.9553874318273853,"[-0.3130299736445728, 0.43173372650409153]",23.773292531626186
2778.0,24.0,0.000134288014764314,0.0012864138589766551,1.1106023234726665,1.589045628028073e-07,1.5237874213087043e-06,"[0.6953468684233761, 1.525857778521957]",0.0775739498502297,0.6954513315617981,0.9388952763058601,"[-0.3108157645433442, 0.4659636642438036]",23.703689338228155
2779.0,24.0,0.00013497263696378317,0.001290369378238845,1.2597723217275765,1.6096030674383813e-07,1.5388174640902308e-06,"[0.7885288213999244, 1.7310158220552285]",-0.1366488449121972,0.49023355306604055,0.8697731756428894,"[-0.5248388652489039, 0.2515411754245095]",0.5219601392537755
2780.0,24.0,1.9569384531431167e-05,0.000437361891599441,1.4293502600313517,1.223221382542369e-09,2.7348333844902045e-08,"[0.9683667635666369, 1.8903337564960665]",0.27477713055542274,0.10610127444957829,0.47618722785685524,"[-0.058492677448322594, 0.608046938559168]",22.950428674163938
2781.0,24.0,0.00032498043030365186,0.0021845827437209815,1.364070255035937,1.1553477776624314e-06,7.764433989666878e-06,"[0.8143173223623346, 1.9138231877095393]",0.26301184582601245,0.2160108688578256,0.6543800934802351,"[-0.15364797539348585, 0.6796716670455107]",22.9953687514816
2782.0,24.0,0.010257010022925292,0.026572564826231326,0.9555738213641748,0.0007504552562095124,0.0019451924733268856,"[0.3998942299489727, 1.5112534127793769]",0.12685166548499005,0.6804017022238233,0.935645905148272,"[-0.4767308119078013, 0.7304341428777814]",23.515462329566983
2783.0,24.0,0.005497081786939705,0.016059251495587804,0.6215962089328032,0.0002643677789137142,0.0007725534158787673,"[0.28762374324057305, 0.9555686746250334]",-0.009578028772682323,0.9731792226065986,0.9946639642340541,"[-0.5679339350222312, 0.5487778774768666]",0.036585374981970994
2784.0,24.0,3.31099980110812e-05,0.0005775109646299736,0.8786394306124383,4.993037642061666e-09,8.729086786821095e-08,"[0.5841323922414533, 1.1731464689834232]",-0.12402469407164318,0.48475901784921915,0.8677556500702994,"[-0.4719490942660424, 0.22389970612275606]",0.47373943504709043
2785.0,24.0,1.4868609088187378e-06,0.00016397729653569806,1.5697684809866128,4.2836364407896e-13,4.813074652572584e-11,"[1.1451798251999243, 1.9943571367733013]",-0.0736093022180615,0.607620930974013,0.9141280742801461,"[-0.35458173369033186, 0.20736312925420886]",0.2811668233331929
2786.0,24.0,0.010931483016646426,0.027989329679376312,0.9649506228295409,0.0008322467763576816,0.002131779652555537,"[0.3990145449031477, 1.5308867007559341]",0.08757403610559056,0.7781146700668576,0.9596363723535175,"[-0.5215675386898099, 0.696715610900991]",23.665491822414893
2787.0,24.0,0.003951531750313204,0.012445769292325052,1.1565198902028264,0.00014931914487324887,0.0004702965192858232,"[0.5587829846332412, 1.7542567957724118]",-0.1647149089854416,0.5469756037850232,0.8921512410071817,"[-0.7007205703379554, 0.3712907523670722]",0.6291646071831524
2788.0,24.0,7.602852292832109e-05,0.0009317654231809808,1.3487244270645036,4.0955543141851744e-08,5.019061659540654e-07,"[0.8669301994106602, 1.830518654718347]",0.08661461605491194,0.6472751425753005,0.9294020283387066,"[-0.2844075733557467, 0.45763680546557056]",23.6691565370605
2789.0,24.0,1.7165076674672314e-06,0.0001678970891792923,1.4950483754385204,7.266841440889693e-13,7.120664369774723e-11,"[1.0866136102215305, 1.9034831406555104]",-0.6799628690971957,1.3039258053650793e-06,0.00020697235005794908,"[-0.9553627768946049, -0.4045629612997865]",2.5972668416583855
2790.0,24.0,0.003767181643385871,0.011993574159139991,0.9788897728072552,0.00013732608412224726,0.00043720306106663894,"[0.47571084097504157, 1.482068704639469]",0.18763206432694446,0.4900247997751076,0.8697731756428894,"[-0.3451339817710578, 0.7203981104249467]",23.283298307515928
2791.0,24.0,6.477680598971936e-05,0.0008456502087430726,1.3964289266827932,2.7771448049284405e-08,3.6302546469652816e-07,"[0.9037228524819838, 1.8891350008836025]",0.26760134376236255,0.1504009070718982,0.5580203674009545,"[-0.09710407077033556, 0.6323067582950607]",22.977838160692475
2792.0,24.0,0.10953993009026552,0.2205353937794756,0.6801401720103522,0.026912017013279475,0.05418163280305914,"[0.07771098503158402, 1.2825693589891203]",-0.30921409739888617,0.5072603045297475,0.8754924137551734,"[-1.2231631811833092, 0.6047349863855368]",1.1811108497935563
2793.0,24.0,0.0010246430541681708,0.00470019749618427,0.9509455336308891,1.2262743485040003e-05,5.6276932010279955e-05,"[0.5247216136567007, 1.3771694536050774]",-0.33484897039874006,0.15539188276370344,0.5680561322222348,"[-0.7967851200846294, 0.1270871792871493]",1.2790288518765893
2794.0,24.0,0.26007215299238434,0.474497633629601,0.4571414359555877,0.09055330156126506,0.16521310264781072,"[-0.07224588151739947, 0.9865287534285749]",-0.24215045008283465,0.6920197231636147,0.9379284235732365,"[-1.440300981559326, 0.9560000813936567]",0.9249465864626494
2795.0,24.0,0.00010049679210675545,0.0010765302864058864,1.0043724159979657,8.055936486086703e-08,8.623345549136204e-07,"[0.6375105128737837, 1.3712343191221477]",-0.21460654812466373,0.26615605957950283,0.7160047171367336,"[-0.5928771065925948, 0.16366401034326744]",0.8197366308942949
2796.0,24.0,0.0025345074593221954,0.00893375910934859,0.855953704352648,6.816770938305795e-05,0.00024011169208544542,"[0.4347108523796882, 1.2771965563256078]",0.6163676772249591,0.015366451408018764,0.1571363037440631,"[0.11791667872718314, 1.1148186757227352]",21.64564889778187
2797.0,24.0,0.0004759769239626483,0.0028158245601044626,0.9833331846541917,2.5867612443034156e-06,1.532441495440412e-05,"[0.5733718395585365, 1.393294529749847]",0.096962479591161,0.6607005365862033,0.9312199247162837,"[-0.33599030136745855, 0.5299152605497806]",23.629630609886874
2798.0,24.0,5.150528156402472e-05,0.0007497129776422813,1.2057206679771342,1.5570648482775198e-08,2.266469939268588e-07,"[0.7878418565336227, 1.6235994794206456]",0.1007824715653376,0.5831061656092908,0.9048823178294396,"[-0.2591133945688817, 0.4606783376995569]",23.615039315360594
2799.0,24.0,0.0003919459103676437,0.002475969111608615,1.1629193571906022,1.7203372760221914e-06,1.0874445486865938e-05,"[0.6864587538732139, 1.6393799605079906]",-0.1614370810521537,0.45651002708515953,0.8520462075951002,"[-0.5863744654485995, 0.2635003033442921]",0.6166442267466533
2800.0,24.0,0.004528331107427316,0.013787406061647776,0.9719247305428227,0.00019006561655512033,0.0005784102755785768,"[0.46147317651828557, 1.4823762845673598]",0.3434134499250714,0.21349637991963655,0.6528941281946071,"[-0.1976422689750208, 0.8844691688251636]",22.68825724608441
2801.0,24.0,0.00030962293666523063,0.0021149107695712477,1.1319067509628546,1.0359827256011683e-06,7.086065154590755e-06,"[0.6777321488486938, 1.5860813530770155]",-0.04816172052771428,0.820879327046563,0.9661243478651173,"[-0.46507576738065126, 0.3687523263252227]",0.1839642213551072
2802.0,24.0,0.00841778533043027,0.022532412344341654,0.8995507064271404,0.0005419288055824698,0.0014509472706357958,"[0.38985942912949567, 1.4092419837247852]",-0.050032809348230955,0.8677094731072792,0.9734244302898619,"[-0.638754109238185, 0.5386884905417231]",0.19111125418908834
2803.0,24.0,0.055112524101874144,0.11711118593683413,0.7318278576644127,0.01003389639287989,0.02132149679744983,"[0.17472252507481367, 1.2889331902540118]",0.3099688470946118,0.4392500600656324,0.8455246584516505,"[-0.47549853396001707, 1.0954362281492407]",22.81600621872952
2804.0,24.0,0.00011596653998701187,0.00116784028184302,1.2849826260937032,1.133485892919149e-07,1.1403278600796268e-06,"[0.8101404895533777, 1.7598247626340286]",0.27760698002801654,0.15414580659614388,0.5664833081710298,"[-0.1042067966466736, 0.6594207567027066]",22.939619445401476
2805.0,24.0,0.0009714903262170947,0.004529092429916525,0.905376758596376,1.0991006091727487e-05,5.128794256522392e-05,"[0.5017771008284018, 1.3089764163643502]",0.11810643780030894,0.6169268327223891,0.9174210890671123,"[-0.34466741984924293, 0.5808802954498609]",23.54886663871453
2806.0,24.0,0.00814768973982846,0.02197327330050825,0.9619260818353903,0.0005157570524661948,0.0013901807344102288,"[0.4189815272639016, 1.5048706364068791]",0.38825117737944126,0.18962777260468688,0.6216631057737732,"[-0.19188857802139325, 0.9683909327802758]",22.51698974301153
2807.0,24.0,0.00301711258540841,0.010134741637246925,1.1885350568933197,9.252906891517982e-05,0.00031081313038353986,"[0.5926658111388389, 1.7844043026478005]",0.18902315642903567,0.4758418649400661,0.861619137670011,"[-0.3305775596820063, 0.7086238725400776]",23.277984727091674
2808.0,24.0,0.000154869766011873,0.0013963544963167924,1.0852804086119565,2.221790528522594e-07,2.0016130887590936e-06,"[0.6746217874169738, 1.4959390298069393]",0.28661659889748936,0.15060969716151762,0.5580203674009545,"[-0.10420401062551127, 0.67743720842049]",22.90520523631866
2809.0,24.0,0.028975004878219964,0.06588223028244648,0.7710232242234184,0.0038570253787893116,0.008765966769975708,"[0.24805635542719262, 1.2939900930196442]",-0.3716457898136527,0.2965200499524562,0.7463117737752201,"[-1.0694088491578653, 0.32611726953055986]",1.4195823486752255
2810.0,24.0,0.011005788719168711,0.028169410594237807,1.1756754792905402,0.0008412437540165627,0.0021531706015269075,"[0.4855342792972154, 1.8658166792838649]",0.021062861186677218,0.9460456333284575,0.9904370601691201,"[-0.588961995226436, 0.6310877175997904]",23.919545796635564
2811.0,24.0,0.004039917302833671,0.012615670238638098,0.8618288541084759,0.00015576184526870616,0.00048645173413087496,"[0.41516356785355124, 1.3084941403634005]",0.346959247913901,0.20271397856124196,0.6366645055315387,"[-0.18687417857295774, 0.8807926744007597]",22.67471329543335
2812.0,24.0,0.0016937649904401977,0.006705324586065708,1.0286680121267677,3.204229139655506e-05,0.0001269001639467527,"[0.5438346685255249, 1.5135013557280106]",-0.17622362131082792,0.4796758664330031,0.8639493090300455,"[-0.6648770309219738, 0.312429788300318]",0.6731246501081408
2813.0,24.0,0.002276244115135769,0.008289308503771919,1.1347648751833337,5.5572405977427405e-05,0.00020230216955743503,"[0.5829976159459371, 1.6865321344207302]",0.26196553928979327,0.3070894526632236,0.7531251480762663,"[-0.24074546005965713, 0.7646765386392437]",22.999365348055086
2814.0,24.0,2.598999497339703e-06,0.00019127600552403012,1.4919301402211513,2.846919990993384e-12,2.1088296229580621e-10,"[1.073305158210305, 1.9105551222319976]",-0.35383126011220156,0.01638023496200843,0.16314975061761386,"[-0.642748252324074, -0.06491426790032917]",1.3515358576149854
2815.0,24.0,0.0012392003578384644,0.0053536158947566715,1.0306983540386636,1.770927180949011e-05,7.653099312657783e-05,"[0.5600216304485357, 1.5013750776287915]",0.2654683634739454,0.2703748032094424,0.7202045575339596,"[-0.20659524457127515, 0.7375319715191659]",22.985985545246535
2816.0,24.0,0.004994190332941846,0.014863661705184064,0.7822980487923619,0.0002241883452507763,0.0006676032003403,"[0.3667844916982591, 1.1978116058864647]",0.007592548774804975,0.9784919896667296,0.9963708482041612,"[-0.5443868896495347, 0.5595719871991447]",23.970998599963764
2817.0,24.0,0.0014714453973906478,0.006038015491247393,1.1162234876498307,2.454696491442376e-05,0.00010080889081898875,"[0.5976653922291482, 1.6347815830705132]",-0.14874606377827515,0.5452578428024406,0.8915268848960768,"[-0.6307198142881515, 0.3332276867316012]",0.5681681115785956
2818.0,24.0,0.002243646651474016,0.008227527141452204,1.1943537019729658,5.3963732316309025e-05,0.00019795939954625466,"[0.614604158912106, 1.7741032450338254]",-0.07650902719466135,0.7661632699905512,0.9575323787835143,"[-0.5807334464096638, 0.42771539202034115]",0.29224295686038243
2819.0,24.0,0.0012377614492596074,0.0053536158947566715,1.0369952266685538,1.7605798258707167e-05,7.626153041923186e-05,"[0.563586453750179, 1.5104039995869285]",0.030309287411897756,0.9003472337097174,0.9821612672736091,"[-0.4440863608719848, 0.5047049356957802]",23.884227050083286
2820.0,24.0,3.871748937429315e-05,0.000632638715266228,1.4021056287897307,7.505703630003139e-09,1.226422161765219e-07,"[0.92659397739554, 1.8776172801839213]",0.1115305570844427,0.5347195786443032,0.8875013753432418,"[-0.2405790501025894, 0.4636401642714748]",23.573984652821235
2821.0,24.0,0.0009958173045999032,0.004605444060861248,0.9341725717458961,1.1529108326294238e-05,5.337550151062147e-05,"[0.516749812509438, 1.351595330982354]",0.002205651929697794,0.9925722354288171,0.999042938587908,"[-0.46216068345899297, 0.46657198731838856]",23.99157503022356
2822.0,24.0,0.030889246302879706,0.06964880789826315,0.7340778623396444,0.004243794053193084,0.009568870469431981,"[0.2309155984827097, 1.2372401261965793]",-0.26616739520622357,0.46156395030795094,0.8550833639977362,"[-0.9747059154718004, 0.4423711250593533]",1.0166845592871487
2823.0,24.0,0.002281843276194933,0.008299432079388344,1.1281125942717436,5.5648189035053554e-05,0.00020243066218644438,"[0.5795363472239724, 1.676688841319515]",0.025727748085935254,0.9205131351306235,0.9876219255870755,"[-0.4796013286986536, 0.5310568248705241]",23.90172724122001
2824.0,24.0,7.603205853156804e-05,0.0009317654231809808,1.377108911506361,4.093668790758627e-08,5.019061659540654e-07,"[0.8851824139373257, 1.8690354090753964]",0.03447450679131148,0.855559470307789,0.9710129046734639,"[-0.336722151895093, 0.405671165477716]",23.868317084004183
2825.0,24.0,0.012845377458269936,0.032137546805779175,0.8158824285721469,0.0010803512834532702,0.0027042585317979227,"[0.32666948184796907, 1.3050953752963248]",0.12327373909547479,0.6978768172123474,0.93921592772905,"[-0.4991360427788619, 0.7456835209698115]",23.529129001668828
2826.0,24.0,0.00035624448285689853,0.002320810963237124,1.0715894145512133,1.404219107776731e-06,9.148007216786521e-06,"[0.6362452196570176, 1.5069336094454089]",-0.18396819582381063,0.39186656512937723,0.8157973331678248,"[-0.6050793309309145, 0.23714293928329322]",0.7027067456893737
2827.0,24.0,0.000397117573351263,0.0024975948009513397,1.2353971629583322,1.7665776412724118e-06,1.1110551202971143e-05,"[0.7286768965534751, 1.7421174293631894]",-0.08340135862794007,0.7012086457741213,0.9400237903147177,"[-0.5094325319080667, 0.34262981465218656]",0.31856972366919734
2828.0,24.0,0.0027470478200155423,0.00945920200337926,0.6462012501381641,7.813937644680246e-05,0.0002689327583165739,"[0.3255633837897437, 0.9668391164865845]",-0.1796396514595351,0.49367346885169894,0.8710087226182522,"[-0.6940277282326909, 0.3347484253136207]",0.6861729241221654
2829.0,24.0,0.0002033493116773806,0.0016410161239586813,1.388161028389357,4.1048637426481267e-07,3.3135809687757804e-06,"[0.8508921020821508, 1.9254299546965634]",-0.13651038051157194,0.5053176245992212,0.8752594956712603,"[-0.538157059648457, 0.26513629862531307]",0.5214312442025331
2830.0,24.0,0.017148783779466225,0.04131241575395381,0.9148154750802832,0.001720192375825381,0.004141050495487196,"[0.34283252874319425, 1.486798421417372]",0.5526856651707437,0.08859398495472376,0.43342698102247407,"[-0.08344591684858682, 1.1888172471900742]",21.888896265889056
2831.0,24.0,0.034156546182201146,0.07597096570774277,0.5996835386061344,0.004938331442110442,0.010986276845629458,"[0.18155975450266065, 1.0178073227096083]",-0.2690847638731615,0.46427595639509,0.8558843257376529,"[-0.9897449177109799, 0.45157538996465696]",1.0278280867470988
2832.0,24.0,2.045694500634998e-05,0.00044070996318830403,1.1465861415726113,1.3751265512817752e-09,2.995918412378595e-08,"[0.7756497932508473, 1.5175224898943753]",0.1681958971056412,0.3257824368635569,0.7674497923758702,"[-0.1672844338381944, 0.5036762280494769]",23.357538997628673
2833.0,24.0,0.055029900278769375,0.11698533222527503,0.6058228201877555,0.00999569576434357,0.0212493532405263,"[0.144875237755213, 1.066770402620298]",0.10480454478787671,0.7948622951120107,0.9628316126547152,"[-0.6852401433480467, 0.8948492329238001]",23.599676127324322
2834.0,24.0,4.669695249251208e-06,0.0002413319386198876,1.8646441463152192,1.82794672409315e-11,9.520555854651824e-10,"[1.3207303466735465, 2.408557945956892]",-0.06301767296983218,0.683592881385571,0.9362308617018995,"[-0.3660669874947463, 0.24003164155508194]",0.2407097797271355
2835.0,24.0,0.02378025902103092,0.0552208939904958,0.7260799247892015,0.0028590738583063645,0.006638202596485638,"[0.2489325984100751, 1.203227251168328]",-0.5499662024223246,0.10698414441297321,0.47867626135558483,"[-1.2186896394676294, 0.11875723462298027]",2.100716151575781
2836.0,24.0,0.005263676836381114,0.015485957153224813,0.8309668915185134,0.000247741269225023,0.000728650791838303,"[0.38653299713497313, 1.2754007859020537]",0.6169985069128066,0.025582962942949893,0.21248308092151075,"[0.07531730453720209, 1.158679709288411]",21.64323930586819
2837.0,24.0,0.0026933067847114563,0.009345269898374241,1.0434822416333192,7.563984187359021e-05,0.00026218316074034734,"[0.5267350472582246, 1.5602294360084137]",0.33572193682824203,0.1972947097005967,0.6296120419227944,"[-0.17463579591434875, 0.8460796695708328]",22.717636661985605
2838.0,24.0,0.00840551581901448,0.022510754737585646,0.8136689441525954,0.0005408738076754544,0.001448510465119053,"[0.35270876604230017, 1.2746291222628905]",0.12291531028235969,0.6820513114131437,0.9356843168376249,"[-0.4651487501451357, 0.7109793707098551]",23.53049809888532
2839.0,24.0,0.026182726950666504,0.06020940541383306,0.9816578236124803,0.0032957969415201476,0.007583518043074431,"[0.3269443635996253, 1.6363712836253352]",-0.09951645209069326,0.7782315691115697,0.9596363723535175,"[-0.7921009670422242, 0.5930680628608377]",0.3801248464608388
2840.0,24.0,0.0012918730046244625,0.005502014500104184,0.918306137206065,1.920452246424762e-05,8.179098153427436e-05,"[0.4971852885596107, 1.3394269858525194]",-0.30197677729112904,0.21115334665082053,0.6495912003621981,"[-0.7753160725219737, 0.17136251793971552]",1.1534663233162463
2841.0,24.0,0.0006118463729237927,0.00331085699634087,0.8827750096210359,4.396213721111171e-06,2.3763317411411736e-05,"[0.5059642210578714, 1.2595857981842005]",0.5157386537892341,0.020243600379391664,0.18572110439808867,"[0.08037457287939448, 0.9511027346990737]",22.030023453741208
2842.0,24.0,0.005686011545814071,0.016514700975353097,1.034442841741291,0.000280395800654275,0.0008146304493151511,"[0.4763367244388491, 1.5925489590437327]",-0.16479979843728554,0.563753483798878,0.897274934025387,"[-0.7243277377788948, 0.39472814090432373]",0.6294888610042081
2843.0,24.0,2.0525769248252046e-07,8.947099647922045e-05,1.714880378303649,2.467673904448871e-16,1.1486414233353117e-13,"[1.3048321711942612, 2.124928585413037]",0.21916572969685788,0.08274819147375893,0.41940289647115525,"[-0.028423469843516014, 0.4667549292372318]",23.16284857829767
2844.0,24.0,0.0007009341409988734,0.0036488434077375635,1.3178128122303019,5.72842899294288e-06,2.983356953134958e-05,"[0.7484196592243868, 1.887205965236217]",0.06756993596782568,0.7679618571359398,0.9583740532091365,"[-0.3812972662265286, 0.51643713816218]",23.741901856471625
2845.0,24.0,0.18888421886695506,0.3614317238173652,0.5511770076981224,0.05795817060110638,0.11088228544309618,"[-0.018590402436207798, 1.1209444178324526]",-0.5390960837988512,0.31551939918854643,0.7593728018978254,"[-1.5918016023425683, 0.5136094347448659]",2.0591953569136754
2846.0,24.0,0.006525773799881062,0.018481375813880093,1.0560347311618303,0.000355524020100611,0.0010062949903781799,"[0.4764355475289688, 1.635633914794692]",-0.36676834228002164,0.20306907094250748,0.637179387958919,"[-0.9315239968415681, 0.19798731228152477]",1.4009518714436553
2847.0,24.0,0.017252897130295805,0.0414932590916205,0.9128174664996707,0.001726431899290797,0.004153263881656006,"[0.3418902731059966, 1.4837446598933446]",-0.1161082925283976,0.7259855103123167,0.9490709376786874,"[-0.7654296246413573, 0.5332130395845621]",0.4435010085565022
2848.0,24.0,0.09475034517739386,0.19324973521801725,0.6276196680085586,0.02188603071091103,0.04464714547309471,"[0.09100121730001731, 1.1642381187170998]",0.1921063384403725,0.6708799068472575,0.9335673496623571,"[-0.6939502524683783, 1.0781629293491233]",23.266207839310322
2849.0,24.0,0.0028766250261994626,0.009791099476512806,1.0420838845824778,8.483655785745434e-05,0.00028887143488158577,"[0.5224182349049782, 1.5617495342599774]",0.10892000569951943,0.6801163907844653,0.935645905148272,"[-0.40885117388225356, 0.6266911852812924]",23.583956224591777
2850.0,24.0,0.0001515541753400463,0.0013827935706208605,1.2105545440082062,2.110996479281844e-07,1.9278506660108164e-06,"[0.7533351158651722, 1.6677739721512401]",-0.24769172644426707,0.21402931684679805,0.6531442092239284,"[-0.6383900593518965, 0.14300660646336244]",0.9461127030376952
2851.0,24.0,0.03600870313657766,0.07973726369780956,0.8897943124245469,0.005355316901962962,0.011855915213555375,"[0.2635604473076547, 1.516028177541439]",0.42024987408003156,0.25400349652536225,0.7028320324442785,"[-0.30184158375066616, 1.1423413319107292]",22.394763724953993
2852.0,24.0,0.00014950747134189193,0.0013691160379294132,1.2728504996444794,2.0366469437643618e-07,1.8667708008839246e-06,"[0.7927196784136226, 1.7529813208753362]",-0.03878588282922113,0.8462191493342023,0.9708072590103425,"[-0.43074769873651586, 0.3531759330780736]",0.14815115938688664
2853.0,24.0,0.05410156390495925,0.11525684683630007,0.8508132393776682,0.009760492181043008,0.020793549597449952,"[0.20552157228828627, 1.4961049064670502]",-0.25276884735072436,0.5276597562730905,0.8840013597459259,"[-1.0371760705759139, 0.5316383758744652]",0.9655058763722044
2854.0,24.0,1.2284271201665222e-05,0.0003508710329072447,1.2827264126618945,3.293840219414374e-10,9.410972055469638e-09,"[0.8826648349514404, 1.6827879903723484]",-0.12657392381894983,0.44347477478850506,0.8471322596985049,"[-0.45029543239020253, 0.19714758475230287]",0.48347677541574857
2855.0,24.0,0.0004103487558183769,0.0025471679442481496,1.120354245251498,1.908500247616488e-06,1.1846680618351881e-05,"[0.6593192617264464, 1.5813892287765499]",-0.3813929948458714,0.07727775053091192,0.40478983322809736,"[-0.8045065304218533, 0.0417205407301105]",1.4568139293682127
2856.0,24.0,0.012998124451803698,0.03243854367807262,0.8864405590579153,0.0011011903624139358,0.0027476242544859667,"[0.35403890935836035, 1.4188422087574701]",0.13826312706023636,0.6637085051013106,0.93180039273632,"[-0.4849924440080877, 0.7615186981285604]",23.471873757144493
2857.0,24.0,0.0002480765548278206,0.0018444353518797068,1.1840444198391455,6.386417109659077e-07,4.748265509040205e-06,"[0.7179639697205067, 1.6501248699577844]",0.11133184019622444,0.5933973232013329,0.9090257716643009,"[-0.29735608391256474, 0.5200197643050136]",23.574743695422093
2858.0,24.0,0.0003935436406244828,0.002482925177441532,1.245629932301731,1.7325136290954967e-06,1.0930685357069379e-05,"[0.735130685526938, 1.7561291790765239]",0.05247719953436203,0.8091349884934074,0.9651125328399317,"[-0.3733426457722929, 0.478297044841017]",23.799551863067677
2859.0,24.0,9.232699002739235e-06,0.00031191550684929844,1.429788452213347,1.4368812252628137e-10,4.854328463725722e-09,"[0.9927385232999661, 1.866838381126728]",0.036602940607292744,0.8213109556344063,0.9661320257397701,"[-0.28103059017412657, 0.35423647138871206]",23.86018706569561
2860.0,24.0,1.1423450136201612e-05,0.00033697493027143397,1.170421578745535,2.671028191490858e-10,7.899492606181287e-09,"[0.8072632643051184, 1.5335798931859514]",0.08868228336206929,0.5896358194102549,0.9077706636973603,"[-0.23357528231978852, 0.4109398490439271]",23.661258629718013
2861.0,24.0,0.009792344892259747,0.025583999264442322,0.7402856550411789,0.000695550330525398,0.0018174819193242698,"[0.31244924236998206, 1.1681220677123758]",0.10873958758130264,0.7224602521449375,0.9483594803687811,"[-0.49132259279968094, 0.7088017679622862]",23.58464537103988
2862.0,24.0,0.0006413706668495741,0.003420643556531062,1.0859106050665346,4.78658606625561e-06,2.552845902002992e-05,"[0.6205896600826446, 1.5512315500504246]",-0.11844791916456376,0.6017525008576448,0.91161020243821,"[-0.5632872917823677, 0.3263914534532401]",0.45243772401574955
2863.0,24.0,6.352516331340325e-05,0.0008358574120184638,1.3796558247041482,2.6454037603282374e-08,3.4762204472118756e-07,"[0.8936101125685691, 1.8657015368397272]",0.26142005648391375,0.159514745114275,0.5747511183458549,"[-0.10281674288984555, 0.625656855857673]",23.001448938893343
2864.0,24.0,0.005383759157034838,0.015784254853573914,1.0536379196415264,0.0002553298478919798,0.0007489875268171893,"[0.4889195981923934, 1.6183562410906593]",-0.14869400889594697,0.6002011985266005,0.91161020243821,"[-0.7047494828872433, 0.4073614650953493]",0.5679692765745653
2865.0,24.0,0.0014475619861502092,0.00596440867799839,1.028102555375216,2.3855107011498815e-05,9.829051096620855e-05,"[0.5512105587800908, 1.5049945519703414]",0.2727547016929526,0.26476526362097896,0.7146160961429932,"[-0.2066122220699083, 0.7521216254558134]",22.958153783376268
2866.0,24.0,0.16752977471041597,0.32454431365830294,0.39168200948841814,0.04903923494003177,0.09500045513373066,"[0.0016489955320605487, 0.7817150234447757]",-0.8126804010349229,0.10895292144580268,0.4824692348810099,"[-1.8063837891860428, 0.18102298711619702]",3.104210471486684
2867.0,24.0,7.505427348618763e-05,0.0009237711749710809,1.441540399109048,3.9860366885856694e-08,4.90287415570193e-07,"[0.9270392480309291, 1.956041550187167]",0.24488928129988086,0.1936323496945248,0.6250237239978205,"[-0.12434762357360002, 0.6141261861733618]",23.064591848901657
2868.0,24.0,0.02238045714278425,0.05230300804576828,0.7064548510099435,0.0025954688700730233,0.006065596798488019,"[0.24674909145339957, 1.1661606105664875]",-0.3138345748452549,0.35951909085008404,0.7958303853764245,"[-0.9851394481239228, 0.35747029843341305]",1.1987597735943771
2869.0,24.0,0.009266333644513843,0.0244687975825557,0.7717095094014013,0.0006367424792328494,0.0016813902277075506,"[0.3288635696190629, 1.2145554491837396]",0.28724639280919195,0.3421642569301494,0.7830601640551778,"[-0.3054412297030602, 0.8799340153214441]",22.90279960077842
2870.0,24.0,0.21237631128406564,0.40033234926308325,0.587769439709347,0.06825047970471092,0.12865311914177366,"[-0.0440386466164806, 1.2195775260351747]",0.4523181847349722,0.42061240464927563,0.8312498115598332,"[-0.6484667888289921, 1.5531031582989365]",22.272271801177826
2871.0,24.0,5.404920896303029e-05,0.0007721315566147183,1.133665908394627,1.7660098653650133e-08,2.522871236235733e-07,"[0.7392487341014131, 1.5280830826878409]",-0.2448991771920408,0.1823413404091252,0.6122946286404473,"[-0.6048276005581357, 0.11502924617405413]",0.93544595062203
2872.0,24.0,0.040355449459843006,0.08842123019246935,0.5393938690455338,0.006326763851737142,0.01386536018351335,"[0.15219310403948688, 0.9265946340515807]",0.06601378061115692,0.8622625964559358,0.9726270526004133,"[-0.679741768614641, 0.8117693298369548]",23.747845932085212
2873.0,24.0,0.003578395088826868,0.011535767533291,0.9305282685495223,0.0001252271308656025,0.0004036980363172228,"[0.45504256273887755, 1.406013974360167]",0.055224990764743964,0.8384504743956775,0.9708072590103425,"[-0.47568126214326845, 0.5861312436727564]",23.78905607370208
2874.0,24.0,0.02456656163174555,0.056840725663455695,0.8555504683091647,0.0029921036000110546,0.006922960666383746,"[0.29067898865842423, 1.4204219479599052]",-0.2122489852817342,0.5429471576626719,0.890807477707419,"[-0.8960525563335365, 0.47155458577006815]",0.8107314041718465
2875.0,24.0,0.004787885315499186,0.014386674625898998,1.0416855047348126,0.00020843529704129906,0.0006263079838981342,"[0.49115859520487115, 1.592212414264754]",0.02232074408247442,0.9365106914202381,0.9892015094756179,"[-0.526887620349601, 0.5715291085145499]",23.91474103789884
2876.0,24.0,6.008988948405442e-05,0.0008151517773106611,1.2072528098196924,2.3017575544884355e-08,3.1189126754585843e-07,"[0.7837874663437323, 1.6307181532956525]",-0.23770943596788552,0.19929421727189434,0.6334828573649154,"[-0.6006843911961881, 0.125265519260417]",0.9079831620930087
2877.0,24.0,0.00011594196677352321,0.00116784028184302,1.1254067011741822,1.1263549436061097e-07,1.1354384512158365e-06,"[0.709623222549433, 1.5411901797989314]",0.04466256589139839,0.8196242010091027,0.966095377463714,"[-0.33922400191076707, 0.42854913369356384]",23.829401564813196
2878.0,24.0,0.0030102642365089274,0.010118535248769505,0.8189255051765084,9.218615847673975e-05,0.00030986944025794875,"[0.40845330559300524, 1.2293977047600115]",-0.2102528220403279,0.42732810138867283,0.836119601169068,"[-0.7294042816433163, 0.30889863756266045]",0.8031066222417309
2879.0,24.0,0.02047674086082529,0.04835121808931592,0.9303626584990041,0.0022719454983899934,0.005360890746554963,"[0.33292600902922664, 1.5277993079687815]",-0.6730104967411199,0.04168944682202217,0.28914045861968274,"[-1.3206938121866671, -0.025327181295572543]",2.5707107354179475
2880.0,24.0,0.0001203333995045379,0.0011949692105713795,1.2925335187043616,1.2310108834299862e-07,1.2224537074776428e-06,"[0.8135392910133707, 1.7715277463953525]",-0.13832671988298717,0.48080945577808654,0.8646277697635844,"[-0.522886871418792, 0.24623343165281764]",0.5283691495455689
2881.0,24.0,0.00028236374714527045,0.0020054243405203866,0.9874829241076066,8.583878019933483e-07,6.0835421828019015e-06,"[0.5942306683249595, 1.3807351798902538]",-0.4799098368772965,0.020867476203197052,0.18837780724356415,"[-0.8870327250216831, -0.07278694873290992]",1.8331205466587257
2882.0,24.0,0.0001804744460793704,0.0015178675027701463,1.2300803629889563,3.1366108275473984e-07,2.6380242452038674e-06,"[0.7587430107149234, 1.701417715262989]",0.14487931095226614,0.4750814709746226,0.8615157119619586,"[-0.2526900744590934, 0.5424486963636257]",23.446601796244778
2883.0,24.0,0.00022714005054533083,0.0017485762166692136,1.2843106854254043,5.251169879183353e-07,4.045585423099656e-06,"[0.782566111720292, 1.7860552591305165]",-0.08287470681964759,0.688942832595018,0.9373185088522442,"[-0.48865897710994277, 0.3229095634706476]",0.3165580619433246
2884.0,24.0,0.018106511886056754,0.04337928099199031,0.9456205905342883,0.001868014520048056,0.0044753582176522665,"[0.34976426882125666, 1.5414769122473198]",-0.3613171932532371,0.2748804664742588,0.7255688343191455,"[-1.0098873141664848, 0.28725292766001076]",1.3801300159282153
2885.0,24.0,0.051151822545986034,0.10962670927129455,0.7843301090426982,0.009029400708275473,0.019351480300633245,"[0.19555389259084965, 1.3731063254945468]",0.7274491516013191,0.058638159627007566,0.3509165746679088,"[-0.0265710317987653, 1.4814693350014034]",21.221348920191467
2886.0,24.0,0.0028711683795411766,0.00977585420340884,1.1177806241487365,8.476254151152529e-05,0.00028879911928969434,"[0.5603963387910199, 1.675164909506453]",0.26586537198788296,0.31206332206863363,0.757560761484743,"[-0.24960154574088433, 0.7813322897166503]",22.98446908442791
2887.0,24.0,0.008222835968192817,0.02213414796283396,0.8341168830773059,0.000521570688605939,0.0014039587849419624,"[0.3629038357863283, 1.3053299303682835]",0.13380504926618197,0.6546474418259935,0.9301211184160023,"[-0.45247736492915214, 0.7200874634615161]",23.48890235996718
2888.0,24.0,3.509528907805722e-05,0.000600946730788651,1.4121964835101783,5.884112769626504e-09,1.0075535564428945e-07,"[0.9366216610430844, 1.8877713059772723]",-0.40049435953999346,0.023249963385989267,0.2014728196359555,"[-0.7463956543494917, -0.05459306473049519]",1.5297757680291055
2889.0,24.0,6.713631097528013e-05,0.0008673941986470301,1.3549749773271558,3.025348916580793e-08,3.908719530466141e-07,"[0.8756031890852347, 1.8343467655690768]",-0.1911265837322258,0.3069229782324505,0.7531251480762663,"[-0.5577716582007943, 0.17551849073634268]",0.7300497733740184
2890.0,24.0,5.268447063234446e-05,0.0007624380699326261,1.2271953768360662,1.6529151579833506e-08,2.392062457284154e-07,"[0.8011001312995912, 1.6532906223725412]",0.19711128265651912,0.28289645683609854,0.7330971729361542,"[-0.16265615636040065, 0.5568787216734389]",23.24709036062475
2891.0,24.0,0.0005345060917210342,0.0030326366649835426,1.261949706231152,3.308920735626905e-06,1.876869390599492e-05,"[0.730115123004359, 1.793784289457945]",-0.31531943671385676,0.15515016050466976,0.5680561322222348,"[-0.7500594108854027, 0.11942053745768921]",1.2044315281430968
2892.0,24.0,0.019315276199623824,0.04593406944024691,0.7724808498279621,0.002067326757672182,0.004914016538322277,"[0.2809727128124374, 1.2639889868434868]",0.3853681275878529,0.24818549021144964,0.6956431059120598,"[-0.2687093353598883, 1.039445590535594]",22.5280021820238
2893.0,24.0,0.00027192079512438776,0.0019548583402184596,1.262945309355147,7.813716932703376e-07,5.62137908827581e-06,"[0.7618632087441569, 1.764027409966137]",0.10951135019577762,0.6023392752056389,0.91161020243821,"[-0.30243114972869506, 0.5214538501202504]",23.581697455000185
2894.0,24.0,0.00011131666802416164,0.001141709415632427,1.211016865897661,1.0330295232775767e-07,1.0595174597718735e-06,"[0.7649293622203517, 1.6571043695749703]",0.36732073307886814,0.05750697242602843,0.34694306371066574,"[-0.011704844103136491, 0.7463463102608727]",22.596938151128626
2895.0,24.0,0.012263979691347954,0.030883857193019275,0.8020972592852997,0.0010023673501200468,0.002524218962780274,"[0.32424073641115153, 1.279953782159448]",-0.05650442898972052,0.85800180191401,0.9715794382448307,"[-0.6754830648430986, 0.5624742068636576]",0.21583102032717627
2896.0,24.0,0.011723116981477513,0.029690106414868276,0.7380715185818577,0.0009368844018171959,0.0023724598678581815,"[0.3008789573070854, 1.17526407985663]",-0.4494146064319873,0.14654446770977078,0.5482396846605716,"[-1.0561156784214223, 0.15728646555744763]",1.7166373466723874
2897.0,24.0,0.00042717847707657156,0.0026105318742742478,0.9461320007246925,2.073993975661979e-06,1.2669480608808666e-05,"[0.555412571185955, 1.33685143026343]",0.3334977127357508,0.12461760063622199,0.5111468442831091,"[-0.09214093033530002, 0.7591363558068016]",22.726132572198345
2898.0,24.0,0.1525964455340487,0.2983896080055704,0.6037504200231054,0.042910302336827105,0.08390751336884456,"[0.019269737655915442, 1.1882311023902954]",0.24969893449023495,0.6250218236867571,0.9195245607783346,"[-0.7516419052989456, 1.2510397742794155]",23.046220326986393
2899.0,24.0,0.0007228973229423314,0.0037071657586786226,1.1341702700037888,6.16728740026019e-06,3.1562371546879174e-05,"[0.6424331477717542, 1.6259073922358234]",0.5214318825075877,0.020781314265088505,0.18837780724356415,"[0.07938307902393094, 0.9634806859912444]",22.00827692191692
2900.0,24.0,0.03379961099966978,0.07531107620247277,0.6240371050975343,0.0048556795291223465,0.010819250287705764,"[0.18977129614846888, 1.0583029140465996]",-0.15637781192581546,0.6711300186275587,0.9336370835139726,"[-0.8782256399645454, 0.5654700161129145]",0.5973192421893185
2901.0,24.0,0.003446893725580222,0.011183951088839138,0.9880963834031131,0.00011773117612247114,0.0003819960289502633,"[0.4851796339903759, 1.4910131328158505]",0.3483835190397784,0.1927280112800478,0.6244437368203832,"[-0.17583320686898585, 0.8726002449485426]",22.669272980473675
2902.0,24.0,0.0027789008564227226,0.009539652785522563,0.9471493664274484,7.967197505335414e-05,0.0002735951345947306,"[0.4766303156466705, 1.4176684172082263]",0.04557117133572586,0.8626229329513065,0.9726270526004133,"[-0.4706088421846806, 0.5617511848561323]",23.825930947666357
2903.0,24.0,0.0001395020735712208,0.0013248060168207102,1.105504971149152,1.7353247146932373e-07,1.6479816853686964e-06,"[0.6908685773395724, 1.5201413649587316]",0.036738174884026975,0.8534225373307197,0.9710102122541093,"[-0.3530004609758988, 0.42647681074395277]",23.859670508808783
2904.0,24.0,0.002669796922222766,0.00927979465492793,0.8291379283830771,7.416015166032683e-05,0.0002578586636311781,"[0.4190259307838849, 1.2392499259822694]",0.13496672924229447,0.6063161844807425,0.9135497973457457,"[-0.37834577634502364, 0.6482792348296126]",23.48446506931544
2905.0,24.0,5.584698368789904e-06,0.000249316891463835,1.5377840913816716,3.187882767581473e-11,1.4231619498131576e-09,"[1.0837054597534594, 1.9918627230098838]",-0.16054367647263756,0.30422209492059615,0.7514276816848787,"[-0.4668053858568462, 0.1457180329115711]",0.6132316726263909
2906.0,24.0,0.00631905917898914,0.018023557270362634,1.0116089128635215,0.000335230890333264,0.0009564362063716519,"[0.4587708992208558, 1.564446926506187]",0.07084921732563032,0.8067673750405752,0.964880279922775,"[-0.49686460973089386, 0.6385630443821545]",23.729375924362415
2907.0,24.0,7.633696658180577e-05,0.0009320752940391425,1.3585106998071688,4.135821647675669e-08,5.056016684200085e-07,"[0.8730675928302658, 1.8439538067840717]",-0.0797408691300241,0.6737040478070169,0.9338966192307091,"[-0.45091258046989546, 0.2914308422098473]",0.3045876837236942
2908.0,24.0,0.010698644936122985,0.02748881021614333,0.8570074485402883,0.0008039129686163562,0.0020661853899038643,"[0.3558193831982812, 1.3581955138822954]",0.13655035944925764,0.6592172013351475,0.9301780744111013,"[-0.4703369672818454, 0.7434376861803607]",23.47841604750421
2909.0,24.0,0.0019613953128601496,0.007486241652137975,0.8690791246997079,4.216924960603322e-05,0.00016095133437417258,"[0.4531438138116928, 1.285014435587723]",-0.20512699908395238,0.41740891422048687,0.82902937249044,"[-0.70090858027327, 0.2906545821053652]",0.783527420779625
2910.0,24.0,0.0017949737011256127,0.0069870521647552065,1.0305152449400121,3.578395335050245e-05,0.00013934561273560146,"[0.541837767318861, 1.5191927225611632]",-0.25604319290583,0.3061392624882089,0.7519312044446127,"[-0.7464249690991476, 0.23433858328748752]",0.9780129551038693
2911.0,24.0,0.0027542403698199163,0.009471252991127634,1.041141984404697,7.840897642030224e-05,0.0002696319684329513,"[0.5244310722781517, 1.5578528965312421]",0.06857438604960642,0.794334737455294,0.9628316126547152,"[-0.4470013507794973, 0.5841501228787102]",23.738065139777117
2912.0,24.0,0.014177544859340314,0.0350149292648563,0.9120457128063999,0.001266113151867523,0.003126205313253143,"[0.3575093635222818, 1.466582062090518]",-0.19810769076121648,0.537670504620072,0.8891776466962708,"[-0.8280916007454838, 0.43187621922305086]",0.756715637980037
2913.0,24.0,0.00014437252597266904,0.0013435704982936766,1.3504213930807494,1.878637526776508e-07,1.750545104671101e-06,"[0.8424965215812873, 1.8583462645802116]",0.0180488379418966,0.92788697837652,0.9892015094756179,"[-0.3728200922219881, 0.4089177681057813]",23.931058517387584
2914.0,24.0,0.023585174933137835,0.05482374461445336,0.6877315456197755,0.0028242789233827435,0.006566563411724584,"[0.23635201982123816, 1.1391110714183128]",0.5881011488906429,0.08355257499708256,0.4207321238751489,"[-0.07800710334561489, 1.2542094011269007]",21.753619082784756
2915.0,24.0,0.006788324659402376,0.019016349034194822,1.198214429394056,0.0003783816206755891,0.0010604866050324807,"[0.5375556317348819, 1.85887322705323]",0.08677347926579859,0.766479364153404,0.9575323787835143,"[-0.4858949943462063, 0.6594419528778035]",23.668549724293584
2916.0,24.0,0.13899334508649108,0.2739864874561228,0.5896289490706665,0.037734420986380385,0.07435353888941948,"[0.03341970570542119, 1.145838192435912]",0.6386982919679651,0.18939826098100565,0.6211815709445905,"[-0.31517443921929833, 1.5925710231552286]",21.560352232534747
2917.0,24.0,0.004524632994141738,0.013786206563503165,0.7962638168613664,0.0001910278609252678,0.0005811617308344015,"[0.37792618585856397, 1.214601447864169]",0.7411064274771002,0.0058624595266634745,0.0848402246984584,"[0.21394006787454534, 1.268272787079655]",21.169181969036263
2918.0,24.0,0.004020035478480206,0.012590151827373023,0.9670394831733647,0.00015414891617048456,0.00048277142552610264,"[0.46618904659278937, 1.4678899197539401]",0.2633174097742117,0.3351114642228975,0.7759432255686499,"[-0.27212100201347333, 0.7987558215618967]",22.99420158317472
2919.0,24.0,0.00023788138516212654,0.0017966871991097171,1.1734697840023622,5.906642857486015e-07,4.454481792975879e-06,"[0.7129480051444279, 1.6339915628602966]",-0.5628685267137836,0.005693402133828678,0.083358742808619,"[-0.9618658884458473, -0.16387116498171989]",2.149999400096429
2920.0,24.0,7.118667432910636e-06,0.0002802624973586865,1.4167630552592594,6.637977417980439e-11,2.6133769362127713e-09,"[0.9914349058001064, 1.8420912047184124]",-0.01535812840583084,0.9231361463429058,0.9878688510655973,"[-0.32734109982373666, 0.296624843012075]",0.058663729258272686
2921.0,24.0,1.1961050528444194e-05,0.0003465124435049128,1.2355540190725682,3.0565467484432633e-10,8.859555792589168e-09,"[0.8509151460192661, 1.6201928921258704]",0.1749958712199975,0.28794470743231204,0.738579081276868,"[-0.14777122407057391, 0.4977629665105689]",23.33156500979195
2922.0,24.0,0.0028338479840531623,0.009678442568487575,1.2004985675189068,8.266517651570729e-05,0.0002823264225263227,"[0.6027821647247842, 1.7982149703130295]",-0.18823742319924275,0.47463544965858184,0.8615157119619586,"[-0.7042662651220101, 0.3277914187235246]",0.719013993048972
2923.0,24.0,2.256031135144498e-05,0.000467242679751451,1.374555660771916,1.7913316428961913e-09,3.711411330338606e-08,"[0.9267127561152797, 1.8223985654285524]",-0.07693108963959006,0.6559401989782541,0.9301211184160023,"[-0.4153679273919445, 0.2615057481127644]",0.2938551166460749
2924.0,24.0,0.01508793764447533,0.03693497587386862,0.8351301005977123,0.001399558135271864,0.0034260909064182717,"[0.3227804852143956, 1.347479715981029]",0.286434667379754,0.37563303162764294,0.8058196345601851,"[-0.3472220634842974, 0.9200913982438054]",22.905900163527104
2925.0,24.0,0.0012298118354391603,0.005340042707074079,1.0960708824236671,1.7389749084658312e-05,7.554328993663639e-05,"[0.5960119861988137, 1.5961297786485207]",-0.04888189767149864,0.8398329749293791,0.9708072590103425,"[-0.5229213812037947, 0.4251575858607975]",0.18671509541114922
2926.0,24.0,0.0002896899322591135,0.00203540010070851,1.2283279868965804,9.005279425473231e-07,6.323932180809853e-06,"[0.7382276645234511, 1.7184283092697097]",-0.25970270820103103,0.21727415244050408,0.6560394760937431,"[-0.6722528107341799, 0.15284739433211786]",0.9919912738691087
2927.0,24.0,2.884292252168757e-05,0.0005340365371874273,1.1438294525696817,3.474497777882228e-09,6.434255144226349e-08,"[0.7643314255351793, 1.523327479604184]",-0.1817917781060654,0.3002066997757429,0.7495405365352824,"[-0.5257190922016441, 0.1621355359895133]",0.6943934423770873
2928.0,24.0,0.003769091942801667,0.011994505922083797,0.9214472891409033,0.00013736920178713795,0.00043720306106663894,"[0.4477858952629431, 1.3951086830188637]",0.14667270968339619,0.5898750093857057,0.9077706636973603,"[-0.38665581157236795, 0.6800012309391603]",23.43975151769292
2929.0,24.0,5.378878766884991e-06,0.00024367575404235533,1.0585937175835667,2.8373557802066252e-11,1.2937615036323146e-09,"[0.7468167074451746, 1.3703707277219588]",-0.13085211023022225,0.4014587148775083,0.8206211468997754,"[-0.43652511639360775, 0.17482089593316325]",0.49981824377149053
2930.0,24.0,6.423771415357469e-06,0.0002710452073990493,1.4960246212898527,4.884975686210954e-11,2.0611711756164363e-09,"[1.0500288816038537, 1.9420203609758517]",0.16111548837056766,0.3071244353855014,0.7531251480762663,"[-0.14808695902486324, 0.47031793576599856]",23.384584166811827
2931.0,24.0,0.00026137326571666576,0.0018995150124757685,1.123748174658734,7.205056204333259e-07,5.228632949443585e-06,"[0.679314042309821, 1.5681823070076468]",0.3153119045221393,0.12982344901280637,0.5211700080803147,"[-0.09266314332819509, 0.7232869523724736]",22.795597242709963
2932.0,24.0,0.0008783924127558996,0.004212913250627816,0.8820442962355473,9.022032783204e-06,4.329190395011516e-05,"[0.4926257639776883, 1.2714628284934062]",-0.20711538573595245,0.37473431844584126,0.8058196345601851,"[-0.6644388523234006, 0.25020808085149565]",0.7911224983262751
2933.0,24.0,0.047961058971381344,0.10340892404351304,0.7612119800470462,0.00818015748464076,0.017637252015180595,"[0.19705073259623207, 1.3253732274978602]",0.26519013934899505,0.4975102912898306,0.8728067218963704,"[-0.5009561946185724, 1.0313364733165624]",22.987048283121094
2934.0,24.0,0.0003244776086620421,0.0021845827437209815,1.067872127237731,1.1497039047551442e-06,7.740344500702425e-06,"[0.6375798425594468, 1.4981644119160151]",0.21017387293205925,0.3236319968786532,0.7657132670039258,"[-0.20717583499235676, 0.6275235808564752]",23.197194941138278
2935.0,24.0,2.2528736090674062e-05,0.000467242679751451,1.2411129118735869,1.7881594932918806e-09,3.711411330338606e-08,"[0.8367661809844597, 1.645459642762714]",0.15857474484840672,0.3577122632751072,0.7945630014995717,"[-0.1793502430739537, 0.49649973277076714]",23.39428909218816
2936.0,24.0,0.002944500096130541,0.009950997283306999,1.1713512600283007,8.84273911568999e-05,0.00029884214652551504,"[0.585735856329075, 1.7569666637275265]",-0.03238264713386396,0.9027657849600609,0.982851517978372,"[-0.5519025005421396, 0.4871372062744117]",0.12369260068212112
2937.0,24.0,1.3557197394586435e-06,0.0001576418301696097,1.5985533909505336,3.123102141588161e-13,3.631514118125769e-11,"[1.1687117617847167, 2.0283950201163505]",-0.1738765188371607,0.22157369682458372,0.660857272862046,"[-0.4526759896894966, 0.10492295201517521]",0.6641593790530843
2938.0,24.0,0.0036633267664793814,0.011737603077233212,0.9343368756089584,0.00013111420087214467,0.0004198430345617715,"[0.45549377337016655, 1.4131799778477503]",0.34201340601519803,0.20424295096365808,0.639272616713638,"[-0.1859933426528132, 0.8700201546832093]",22.69360501989566
2939.0,24.0,0.0037717317921965097,0.011996602392482536,0.9760524259301193,0.00013895826144887493,0.0004415578692369715,"[0.47394744385504284, 1.4781574080051958]",0.7203375137697492,0.00631742246416162,0.08897778118537494,"[0.20333962011420348, 1.237335407425295]",21.248513375736437
2940.0,24.0,0.0007228760080737758,0.0037071657586786226,1.0879304475265097,6.095430426518829e-06,3.127465585694628e-05,"[0.6164999683431485, 1.559360926709871]",0.04778498466817016,0.8352199397245572,0.9707873627483405,"[-0.40246330009355996, 0.4980332694299003]",23.817474803627768
2941.0,24.0,0.08184669315418033,0.16879087060049563,0.719878863783006,0.017786090549070675,0.03667991451654089,"[0.12455736052789024, 1.3152003670381218]",-0.3824359948502458,0.37800540864985255,0.8064925181406785,"[-1.2326855811712092, 0.46781359147071755]",1.460797895920398
2942.0,24.0,0.004940801971794495,0.014744037211495583,0.8681936190638843,0.00022012304828818798,0.000657091116876914,"[0.4076377611252793, 1.3287494770024892]",0.07592692886786256,0.7871147815014121,0.9611891631115267,"[-0.4751155733612007, 0.6269694310969258]",23.709980494965432
2943.0,24.0,4.861248650349616e-06,0.0002413319386198876,1.7245718658975508,2.0706462431920107e-11,1.040525750347744e-09,"[1.2201512647264576, 2.228992467068644]",0.029459913316515873,0.8493325824440636,0.9708072590103425,"[-0.27448464197457756, 0.3334044686076093]",23.887471420142827
2944.0,24.0,0.00010274936419475449,0.0010872948592037513,0.827829025667442,8.521133821564919e-08,9.017072827052824e-07,"[0.5248796874263914, 1.1307783639084925]",-0.3037162676189018,0.11501711603969911,0.49715946948138906,"[-0.6814184936035983, 0.07398595836579464]",1.1601106869352602
2945.0,24.0,1.2156568733538647e-05,0.00034932668774536344,1.2454309566168833,3.192890089181824e-10,9.174971520637427e-09,"[0.8572998201502741, 1.6335620930834924]",0.07567625290711,0.6468291052707666,0.9293521627453545,"[-0.24805115553548002, 0.3994036613497]",23.710938006603865
2946.0,24.0,0.0009860271487601012,0.004575532012807895,0.9331095524052345,1.1371951485632515e-05,5.2770076499454826e-05,"[0.5164454299283123, 1.3497736748821567]",0.3322562232823598,0.1571087248987687,0.5698539169342354,"[-0.12800764698939493, 0.7925200935541146]",22.730874712597632
2947.0,24.0,0.00041638732641102017,0.0025687065170328202,1.2826545265091671,1.953184303780917e-06,1.2056693233215536e-05,"[0.754313548613092, 1.8109955044052422]",0.09461519178133315,0.6646501208150293,0.9319266977215779,"[-0.3331622409287352, 0.5223926244914014]",23.638596588873916
2948.0,24.0,0.002544104398689506,0.008958744909750285,1.2892456898000362,6.792055913072326e-05,0.00023940979601946865,"[0.6549030984346372, 1.923588281165435]",0.10524504083187658,0.6863922321087568,0.9372486972514004,"[-0.40564902162602623, 0.6161391032897794]",23.597993556376764
2949.0,24.0,0.13819380613950943,0.2726253820073179,0.5358047265961494,0.03737637934832574,0.07373521276055581,"[0.03131616678328453, 1.0402932864090144]",-0.4109484200833178,0.40466013434674897,0.8228144252678913,"[-1.377488280946292, 0.5555914407796566]",1.5697073378895539
2950.0,24.0,0.0009858340231059283,0.004575532012807895,0.964420451824032,1.1388934650093291e-05,5.282437221750135e-05,"[0.5337431357653601, 1.395097767882704]",-0.3956685247070748,0.0909806551422863,0.43761738885178597,"[-0.8544747977035994, 0.06313774828944974]",1.5113424367922084
2951.0,24.0,0.000977101947267972,0.004546774998920297,0.9961749139766728,1.1123107304159648e-05,5.175945697608026e-05,"[0.5518369104057512, 1.4405129175475944]",-0.15747753373868534,0.5046996029929729,0.8752594956712603,"[-0.6201428364853427, 0.3051877690079721]",0.6015198700903799
2952.0,24.0,0.000593602505267227,0.003249055858058166,1.1098128026126608,4.098895016017645e-06,2.2435112293473698e-05,"[0.6375918563579424, 1.5820337488673792]",-0.25679425409540446,0.25266978534299955,0.700620990375616,"[-0.6967911490047088, 0.18320264081389992]",0.9808817975251154
2953.0,24.0,0.013477844019548485,0.033460387337508654,0.9389479996089007,0.0011663198351698606,0.0028969692875555407,"[0.3721758305216567, 1.5057201686961448]",0.01701426710345455,0.9576037240528542,0.9936740936524378,"[-0.6102768950057751, 0.6443054292126842]",23.935010286897587
2954.0,24.0,0.022776985783890386,0.053142757311923444,0.818674627672018,0.0026614388968412865,0.006209610118621761,"[0.2845924833830701, 1.352756771960966]",0.13472201164604147,0.6965252702990837,0.9389973183580284,"[-0.5423035425604035, 0.8117475658524864]",23.485399821677966
2955.0,24.0,0.00011437842920196678,0.0011596576555544488,1.3921867854227805,1.090715997513405e-07,1.1093692142605523e-06,"[0.8784086489143018, 1.9059649219312593]",0.013875945609313156,0.9434668315268004,0.9899283388510246,"[-0.3696401085211224, 0.3973919997397487]",23.946997791988885
2956.0,24.0,0.004568712916891039,0.013882445812491762,0.986058636901244,0.00019248149302041945,0.0005850501307611534,"[0.4677420296550454, 1.5043752441474425]",-0.1973338223211485,0.4776302563917003,0.8630489258696656,"[-0.7419849398016138, 0.34731729515931686]",0.7537596782790857
2957.0,24.0,0.06064243397617728,0.12777588279851934,0.5874634056687007,0.011520861882044953,0.02427488807847651,"[0.1317295422155889, 1.0431972691218125]",-0.18397378569904266,0.6538528930366987,0.9301211184160023,"[-0.9880973641955259, 0.6201497927974405]",0.7027280974399605
2958.0,24.0,0.0017841173300243663,0.006961050838955781,1.2938859774182054,3.526864189864629e-05,0.00013760687436069566,"[0.6808104057106296, 1.9069615491257812]",-0.03009269395174652,0.9046519074198464,0.9831035725058099,"[-0.5224717769019944, 0.46228638899850144]",0.11494562384092896
2959.0,24.0,0.0007292090295881308,0.0037242544922785024,0.9990132717072359,6.234521436798007e-06,3.182502009595716e-05,"[0.5656554867683203, 1.4323710566461514]",0.30282145456057563,0.18496246575921138,0.6167471349090076,"[-0.14490482657965387, 0.7505477357008051]",22.84330724717776
2960.0,24.0,0.00013683538821947575,0.001301954217121558,1.1431577674541749,1.6591454832704174e-07,1.5786350935018244e-06,"[0.7150789928293392, 1.5712365420790104]",0.00367035324876408,0.9852516874172428,0.9971100704756963,"[-0.3854903237397338, 0.39283103023726196]",23.98598028330158
2961.0,24.0,0.001716578675295251,0.006782215232300479,1.102891198830029,3.297875094701479e-05,0.0001301964111607374,"[0.5822502573787491, 1.6235321402813088]",0.33847083477912676,0.17264163486038153,0.5949691824252068,"[-0.14796985983551086, 0.8249115293937643]",22.707136645259084
2962.0,24.0,0.007998751974750648,0.021653362140635214,1.0060729897897824,0.0004984685612902122,0.0013493746106108034,"[0.4397014135040269, 1.572444566075538]",-0.18655094640225478,0.5309005639799217,0.8847149201939244,"[-0.7700404657858486, 0.39693857298133906]",0.7125721262013619
2963.0,24.0,0.015113566408777972,0.036979609514993815,0.7925545976408425,0.0014023659124500476,0.003431284346586855,"[0.3062368528581906, 1.2788723424234942]",0.23781648867907723,0.46289960895609683,0.8552647739381687,"[-0.39714341210300064, 0.8727763894611551]",23.09160792667121
2964.0,24.0,4.563290237099652e-05,0.0006966855323816263,1.4145638388735844,1.1516615805119318e-08,1.7582619549800484e-07,"[0.9287351079197562, 1.9003925698274124]",-0.27572329932214057,0.12782161371387582,0.5172869838683765,"[-0.6306129614141425, 0.07916636276986133]",1.0531854243053977
2965.0,24.0,0.0022665893842085,0.008266190314400073,1.1545610611462602,5.4971911242167334e-05,0.00020055421832239085,"[0.5935234007251046, 1.715598721567416]",-0.0483402257241794,0.8511512551525147,0.9708072590103425,"[-0.5532442900623815, 0.4565638386140227]",0.18464606098034753
2966.0,24.0,0.0022842492133671316,0.008303341379015382,0.9667401290693796,5.577067526002867e-05,0.00020280245549101332,"[0.4965754654760268, 1.4369047926627323]",-0.07695245068761558,0.7652839031660252,0.9575323787835143,"[-0.5821420383832782, 0.428237137008047]",0.2939367098392642
2967.0,24.0,0.003241631068846496,0.01069047580971003,1.0234989048358976,0.00010510951104879222,0.00034701060101945266,"[0.506281074684367, 1.540716734987428]",0.12100668545040083,0.6511876050366684,0.9299133911664488,"[-0.40357182570423034, 0.645585196605032]",23.53778850872166
2968.0,24.0,6.754113937381567e-06,0.00027360276886481346,1.4449224090091828,5.692270540444252e-11,2.3088991558159812e-09,"[1.012662413637501, 1.8771824043808645]",0.19248129554135218,0.22364917856603372,0.662664232788248,"[-0.11753763700626807, 0.5025002280889724]",23.264775608684683
2969.0,24.0,0.0039021577917450682,0.012325198331475263,1.028772747457286,0.00014589198797819943,0.0004608085533108005,"[0.4978673010101272, 1.5596781939044448]",0.03694063696981864,0.8925984225460257,0.9795465253756226,"[-0.49930524835697376, 0.573186522296611]",23.858897160606965
2970.0,24.0,5.8649083174632147e-05,0.0008056192743768151,1.2446314802075007,2.1558257965169975e-08,2.96607445596806e-07,"[0.8089412417221348, 1.6803217186928667]",-0.023947070950540272,0.8973386003652941,0.9808051157124211,"[-0.3877194696071701, 0.33982532770608953]",0.09147107314441962
2971.0,24.0,0.006317484832767592,0.018023557270362634,0.893071091369579,0.0003362339941283746,0.0009584777483705091,"[0.4049071531342481, 1.3812350296049098]",-0.3191193730071955,0.2672425659368949,0.7164035664938894,"[-0.8828860396643957, 0.2446472936500047]",1.2189462156115565
2972.0,24.0,2.2031081217270967e-06,0.00018513513627958794,1.448432575891669,1.6315627965109677e-12,1.3710611735386283e-10,"[1.0464861252724662, 1.8503790265108717]",0.193077269898823,0.18820126438458296,0.6201030127992849,"[-0.09449705948376108, 0.4806515992814071]",23.262499154325944
2973.0,24.0,6.763885814654118e-05,0.0008682780249876917,1.1911629669575594,3.073024516920259e-08,3.944832499255788e-07,"[0.7695372060491558, 1.6127887278659632]",-0.07256678124627225,0.6988993169809804,0.9396049854761145,"[-0.4402653703549204, 0.2951318078623759]",0.2771846865506995
2974.0,24.0,0.0009880438187113026,0.004582763537621997,1.0586950234455967,1.13614895647296e-05,5.27460054072869e-05,"[0.5859744133087536, 1.5314156335824398]",0.11290274582108584,0.6331170016395553,0.9225076521048452,"[-0.3506732011754893, 0.576478692817661]",23.56874327793423
2975.0,24.0,0.0010317983627833207,0.004730849898135355,1.1344343793116158,1.2367468000517128e-05,5.670549289553933e-05,"[0.62575288009065, 1.6431158785325817]",-0.10068832800992045,0.6716932712660136,0.9338151970888553,"[-0.566317741250753, 0.3649410852309121]",0.3846010827464875
2976.0,24.0,0.0001343016068771628,0.0012864138589766551,1.2365137670973343,1.5893102804249787e-07,1.5237874213087043e-06,"[0.7741771723778196, 1.6988503618168491]",0.07202467593934525,0.7162770104943884,0.9465980671013572,"[-0.31639206096432737, 0.46044141284301787]",23.72488600319187
2977.0,24.0,0.0026995185854688524,0.009349412375824775,0.9388394056924376,7.578056006400168e-05,0.0002624103953153001,"[0.47386065213192324, 1.403818159252952]",0.23094345029671093,0.37724504755470856,0.8059627565530977,"[-0.2816830180773088, 0.7435699186707306]",23.117860999453946
2978.0,24.0,0.021541545733051636,0.05059076029368632,0.7232771505370725,0.002454335185681435,0.005758646611171832,"[0.25525574813776375, 1.1912985529363813]",1.035179748489587,0.0014042114388627455,0.03280867847810153,"[0.3999097901736547, 1.6704497068055195]",20.045904624942175
2979.0,24.0,0.00028062847117972967,0.001998148751960919,0.8959779509212716,8.427616339462445e-07,5.994037225791212e-06,"[0.5394267020713999, 1.2525291997711434]",-0.3457552521671081,0.09829284747423923,0.45569238513787313,"[-0.755671319983189, 0.06416081564897275]",1.3206877795771204
2980.0,24.0,0.00026862463925341173,0.0019367313572704525,1.1369916225074683,7.605920358662086e-07,5.487677026451721e-06,"[0.686361698525848, 1.5876215464890886]",0.09366668390554,0.6555850776959231,0.9301211184160023,"[-0.31793957911351073, 0.5052729469245907]",23.642219622081775
2981.0,24.0,0.0072012600886626945,0.01986758992784615,1.1542866196772765,0.00041821712117063274,0.0011537024032293318,"[0.5130849686959379, 1.7954882706586153]",0.17450359846786334,0.5526204101169727,0.8939184893512985,"[-0.4014459303254442, 0.7504531272611709]",23.33344535319639
2982.0,24.0,0.00029114410988355637,0.0020416838000249394,1.2909832775122794,9.111795054241195e-07,6.3808088615134415e-06,"[0.775641764212304, 1.8063247908122548]",0.2858260272103381,0.17424268449700475,0.5989271790585522,"[-0.1264872398224095, 0.6981392942430857]",22.908224997723746
2983.0,24.0,3.0037573020237773e-05,0.0005481308945298863,1.3587436157973443,3.886928110731557e-09,7.092934508634228e-08,"[0.9065245550696399, 1.8109626765250486]",-0.28921069357880747,0.09911714610629112,0.4574869636118965,"[-0.6329289376991566, 0.05450755054154166]",1.1047034754744645
2984.0,24.0,5.237211826864925e-05,0.000759016206792018,1.2343422067989185,1.6335703175682974e-08,2.3674932138670974e-07,"[0.8059192015480482, 1.6627652120497887]",0.2787968881533267,0.12756546870035082,0.5168779120759758,"[-0.07980765490176678, 0.6374014312084202]",22.935074331162234
2985.0,24.0,0.0002344938794804208,0.0017837974971246404,1.1389110207567557,5.646500834838803e-07,4.30032155614585e-06,"[0.6927277017995566, 1.5850943397139547]",0.17889221101526953,0.3879707992424405,0.8128805960587455,"[-0.22724818211522319, 0.5850326041457623]",23.316682088070756
2986.0,24.0,0.0011295129521878822,0.005025394418889722,1.1562348474724955,1.4750634049330357e-05,6.567512933806926e-05,"[0.6331554143053939, 1.679314280639597]",0.07223076499447512,0.7632323118308583,0.9565635162989086,"[-0.39772742284518064, 0.5421889528341308]",23.724098800987687
2987.0,24.0,7.791241387628441e-05,0.0009377600815898448,1.4709258976006063,4.348351612222193e-08,5.232673420243313e-07,"[0.9444620119490651, 1.9973897832521477]",-0.09721968446997664,0.6081904834857316,0.9143882220641197,"[-0.4689041838767637, 0.2744648149368104]",0.37135184038154767
2988.0,24.0,5.110713498503627e-05,0.0007482743043197111,1.4100045336035119,1.5279239038995518e-08,2.237077458125259e-07,"[0.9216051571433639, 1.8984039100636598]",0.13335895456153501,0.46716354506101976,0.8568927430895292,"[-0.2261212694771525, 0.4928391786002225]",23.490606316223143
2989.0,24.0,0.001211905370563142,0.00528523929595788,1.1427417130160862,1.6981031198947616e-05,7.402367567108812e-05,"[0.6220293020074031, 1.6634541240247693]",0.3033927783440378,0.20609418313784333,0.640840121697274,"[-0.16690855053386094, 0.7736941072219365]",22.841124951075905
2990.0,24.0,0.003913988567436593,0.0123581111632729,1.239759082682352,0.0001466754546006369,0.0004631368948551844,"[0.5997488462543381, 1.8797693191103657]",0.045940578377634544,0.8666914749007157,0.9734244302898619,"[-0.49046209992371814, 0.5823432566789872]",23.824519916704773
2991.0,24.0,0.016234681200132,0.039328200581715114,0.7865491098262718,0.001568721386645677,0.003800197157571892,"[0.2989547764854053, 1.2741434431671383]",0.12639053785432264,0.7002447501650775,0.9400237903147177,"[-0.5170569222762855, 0.7698379979849308]",23.51722370737059
2992.0,24.0,0.0017270207344825788,0.006805393492647469,1.1520996531493175,3.3220971941223506e-05,0.00013086702963522774,"[0.6080094564499651, 1.69618984984867]",0.15216664000359703,0.5426859749504543,0.890788466764078,"[-0.3377521137790493, 0.6420853937862434]",23.418766249673823
2993.0,24.0,0.00021084748339894203,0.0016773865027759907,1.35621121240469,4.4528408224492674e-07,3.5424350218371257e-06,"[0.829693784214693, 1.8827286405946868]",-0.14722074315382638,0.4737605934211222,0.8609133080521937,"[-0.5500095815715229, 0.2555680952638701]",0.5623418159662507
2994.0,24.0,0.02518254794482966,0.05811136179701778,0.7966465669826532,0.003106793487948322,0.007171730119917641,"[0.2686063411992988, 1.3246867927660078]",0.17539300696439497,0.616916336792901,0.9174210890671123,"[-0.5118250734410521, 0.862611087369842]",23.330048062988766
2995.0,24.0,4.6748315514574666e-05,0.0007040408963038354,1.091147066967549,1.2166035864978057e-08,1.8349978680208232e-07,"[0.715780179595174, 1.466513954339924]",0.029082326292916072,0.8733153746726146,0.9752862410683755,"[-0.32840138514001666, 0.3865660377258488]",23.888913696332903
2996.0,24.0,0.00013583501770102001,0.0012961356650860688,1.4011393517916133,1.6395175876188155e-07,1.5644251790255874e-06,"[0.8766743583985953, 1.9256043451846314]",0.2588534062308918,0.18991490705085168,0.6220599641364286,"[-0.12818611277774367, 0.6458929252395273]",23.0112528206923
2997.0,24.0,0.02157145020902835,0.05061527089879997,0.7303764561071667,0.0024477574922740645,0.005747258728044293,"[0.25788766278873665, 1.2028652494255967]",-0.17667358999603788,0.6056495729267006,0.9132231196120335,"[-0.8473657555061859, 0.4940185755141101]",0.6748434038798462
2998.0,24.0,0.0010937043543856368,0.00491473164183577,1.2622177560462777,1.4014792257540544e-05,6.287479702799706e-05,"[0.692670686680221, 1.8317648254123344]",-0.5579057406706909,0.017185391778071154,0.16801639165573914,"[-1.0168251496430791, -0.09898633169830268]",2.1310429537700526
2999.0,24.0,0.0010762766591055392,0.0048634281929757755,1.0000510858757519,1.3479609868487399e-05,6.0911025162618164e-05,"[0.5496863966786051, 1.4504157750728988]",-0.282225269470989,0.23443707606840147,0.675980281718279,"[-0.7474467166198342, 0.1829961776778562]",1.078021120842002
3000.0,24.0,0.026185070414475996,0.06020940541383306,0.8048997294555109,0.0033074386943584277,0.0076033073433527075,"[0.2678747401444739, 1.341924718766548]",-0.4037380016702583,0.2481310810528119,0.6956431059120598,"[-1.0889154571106858, 0.2814394537701692]",1.542165568316772
3001.0,24.0,0.0013086885692041093,0.005559424678012359,1.246366781941684,1.9617449246504948e-05,8.337207499577114e-05,"[0.6741674300335498, 1.818566133849818]",-0.13518424092894143,0.578128878543345,0.9032205836784882,"[-0.611621487882218, 0.34125300602433517]",0.5163657641272018
3002.0,24.0,7.504901783431313e-05,0.0009237711749710809,1.1064381595977852,3.968232146499585e-08,4.899052032715538e-07,"[0.7115954081402877, 1.5012809110552827]",-0.09326619496086952,0.6218467605950969,0.9177195404295999,"[-0.46387755361428157, 0.27734516369254253]",0.3562506228334753
3003.0,24.0,8.752224392122355e-07,0.00013063021480779635,1.417020504270234,6.709932984006794e-14,1.001482534926387e-11,"[1.0463876814251445, 1.7876533271153234]",-0.3615265553709701,0.008487327785012074,0.10804620180175979,"[-0.6307391776124285, -0.09231393312951175]",1.3809297203106168
3004.0,24.0,9.586837002740977e-05,0.0010431813931165372,1.1585035719020929,7.216184538871181e-08,7.852213861666139e-07,"[0.7369012156062562, 1.5801059281979295]",0.28320393541660493,0.139802213462654,0.5354870071966664,"[-0.09272495085687621, 0.659132821690086]",22.918240650608865
3005.0,24.0,0.00020608028274342094,0.0016525396826485579,1.2890702684601705,4.2318574616223073e-07,3.3966234733490353e-06,"[0.7895801748060081, 1.788560362114333]",-0.16119834192243765,0.43177656146579513,0.8397502203959197,"[-0.5630820153525884, 0.2406853315077131]",0.6157323104441629
3006.0,24.0,0.0010676596437424188,0.004837605997926682,1.0784719376246994,1.3378216295124684e-05,6.050753638681449e-05,"[0.5929756499233596, 1.5639682253260392]",-0.5789476703856629,0.013063598010115985,0.14092338737989196,"[-1.036120312655841, -0.12177502811548474]",2.211417204801973
3007.0,24.0,0.01499294427072346,0.036730901243373464,0.8730776352169292,0.0013827557770663525,0.0033884963230185,"[0.3380308943602117, 1.4081243760736466]",-0.10564954969562557,0.7448673019453558,0.9547509829752914,"[-0.7419741277485833, 0.5306750283573322]",0.40355155366779977
3008.0,24.0,0.0021646661146381718,0.008008383701954022,0.9089842955426267,5.083873020802486e-05,0.00018801305550305054,"[0.46927748486392384, 1.3486911062213296]",0.39956868540035373,0.11500418542364844,0.49715946948138906,"[-0.09731812923158734, 0.8964555000322948]",22.47376004673128
3009.0,24.0,0.0040894737501611855,0.012743763634032986,1.2103964987858051,0.0001590688616849481,0.0004956960476314991,"[0.5822078295593718, 1.8385851680122385]",0.3311166543695441,0.22509885595142842,0.6638126097063651,"[-0.20386552798027124, 0.8660988367193594]",22.735227545208875
3010.0,24.0,1.536773907706739e-05,0.0003910366177370837,1.1637636611750464,6.235648384954602e-10,1.5866789783599495e-08,"[0.7949403198611806, 1.532587002488912]",-0.21905387873929616,0.190765554975161,0.6232250971006521,"[-0.5472139995643147, 0.1091062420857224]",0.836724182515479
3011.0,24.0,0.0009504499403548271,0.00445175616091254,1.1427893016463342,1.0537369490053318e-05,4.937848870690402e-05,"[0.6344129656940422, 1.6511656375986261]",0.17639478912392548,0.45349212265244954,0.8510636664122461,"[-0.2848175010633129, 0.6376070793111639]",23.326221537006596
3012.0,24.0,0.008337099369480539,0.022363463973928483,0.6429278816392087,0.0005345454240643073,0.0014338664808591934,"[0.2790292637328685, 1.0068264995455487]",-0.25938899373007374,0.3850107988478878,0.8109971092567351,"[-0.84462280548527, 0.32584481802512255]",0.9907929728585732
3013.0,24.0,0.030152591216125447,0.06815685175435228,0.821909834370127,0.004084572527344403,0.009232758877360766,"[0.26091988954536927, 1.3828997791948847]",-0.02350064000423746,0.9482228209480309,0.9908284440418296,"[-0.732791402445239, 0.6857901224367641]",0.08976583253994078
3014.0,24.0,0.0037922484015855814,0.012050360348222376,0.9562505555092539,0.0001387483847838354,0.0004410311023008118,"[0.464380375309747, 1.4481207357087607]",-0.057309587681777074,0.8335260254542095,0.9705705932163594,"[-0.5917273788510444, 0.4771082034874903]",0.21890649998671718
3015.0,24.0,0.004110678800247352,0.012801864840384156,0.9253286956779698,0.00016012501168572474,0.0004986764611825747,"[0.44487870302728416, 1.4057786883286556]",0.20629388623281741,0.45220084843300346,0.8510636664122461,"[-0.33155523919243557, 0.7441430116580704]",23.21201539863384
3016.0,24.0,0.005617190377378716,0.016357572444317754,0.8256859523376094,0.00027459916885069557,0.0007996481329373779,"[0.3808684136624854, 1.2705034910127335]",-0.15756344264422584,0.5805046756611452,0.9037905584012847,"[-0.716361887815568, 0.4012350025271163]",0.6018480179377171
3017.0,24.0,0.00010065558177895039,0.0010765302864058864,1.1696378957205413,8.06282808844235e-08,8.623345549136204e-07,"[0.7423980405809303, 1.5968777508601524]",-0.1020659102982151,0.597912650013658,0.9110092270106063,"[-0.4813676993882102, 0.27723587879178]",0.3898630594832381
3018.0,24.0,0.007202001348844228,0.01986758992784615,0.8839878176519751,0.00041800108301818655,0.0011534246220148636,"[0.3929551147356875, 1.3750205205682626]",-0.10941760951865298,0.7100106197463288,0.9447289007555106,"[-0.6861536260076551, 0.4673184069703491]",0.4179444819886186
3019.0,24.0,0.10808389477971315,0.21789203820315833,0.6748199108448891,0.026467543790277458,0.053351227152343195,"[0.07885116640355594, 1.2707886552862222]",0.6078218796388324,0.18318698287756607,0.613486211914153,"[-0.28722205459206607, 1.5028658138697308]",21.678291440065745
3020.0,24.0,0.0007511811138506339,0.0037903298631495196,1.0035692861811616,6.5851353866478405e-06,3.330872729715651e-05,"[0.5671145554484348, 1.4400240169138883]",-0.03639970880942833,0.8745629680519489,0.9754479263760243,"[-0.48831747294341493, 0.41551805532455827]",0.13903664601902707
3021.0,24.0,3.79972829835021e-05,0.0006239291130295911,1.147465086535177,7.145305200301559e-09,1.1744722649071357e-07,"[0.7588688654882039, 1.53606130758215]",0.08338778063520103,0.6421930830506353,0.9267530297802351,"[-0.2683660790679172, 0.43514164033831926]",23.681482140442682
3022.0,24.0,9.442935245878465e-07,0.00013123505145810953,1.3061056962894106,8.661946773726918e-14,1.2553546048879592e-11,"[0.9629460743046352, 1.649265318274186]",-0.03404330123536958,0.8069264535951179,0.964880279922775,"[-0.3070611092309694, 0.23897450676023024]",0.13003583209861191
3023.0,24.0,0.000807398607766962,0.003993400823367574,1.1120526964182689,7.631367762669256e-06,3.776035508495426e-05,"[0.6250247209632482, 1.5990806718732895]",-0.22301184800763263,0.3350516115920039,0.7759432255686499,"[-0.6764354292613686, 0.23041173324610337]",0.8518425114833564
3024.0,24.0,0.008574268991865504,0.02287691833475321,0.9715011344598714,0.0005594084764571623,0.0014925519649337307,"[0.41967682539374596, 1.5233254435259969]",-0.19271409073551116,0.5210802396669952,0.8830050096912935,"[-0.7813439502516893, 0.39591576878066703]",0.7361136034563992
3025.0,24.0,7.668996170716187e-05,0.0009323511532191524,1.0525841421732527,4.182672798322055e-08,5.100820485758603e-07,"[0.6763226054048128, 1.4288456789416926]",-0.07989878083075919,0.6732065150406068,0.9338966192307091,"[-0.4512046005117269, 0.2914070388502085]",0.30519086198955114
3026.0,24.0,0.008227099397464991,0.02213966468639664,0.8398678319195413,0.000525284414923533,0.0014124345655378678,"[0.36514507764761484, 1.3145905861914677]",0.5079243540369429,0.0843653557051143,0.42333136639053326,"[-0.06888385246373019, 1.0847325605376161]",22.059871880118305
3027.0,24.0,0.030052273875626267,0.06794545303103383,0.7852999896402535,0.004064901692703798,0.009192450684540476,"[0.2495824736393788, 1.3210175056411282]",0.09415179420411768,0.7945000758878266,0.9628316126547152,"[-0.6143100021929516, 0.802613590601187]",23.640366637234653
3028.0,24.0,0.0048368543354607284,0.014498963835313934,0.9076089749437536,0.00021213494464883414,0.0006362775784308164,"[0.42736369833289684, 1.3878542515546104]",0.018660365979173754,0.9469697541529569,0.9904370601691201,"[-0.5312153614120885, 0.568536093370436]",23.928722652348256
3029.0,24.0,5.87810389334394e-05,0.0008063242652049299,1.4967722669574777,2.1732369743358782e-08,2.9852156240877445e-07,"[0.9726881718243625, 2.020856362090593]",0.16413417055955737,0.3756731136319583,0.8058196345601851,"[-0.1989973417286745, 0.5272656828477893]",23.373053650203797
3030.0,24.0,0.02245549090957934,0.0524661002560265,0.7689575464022655,0.0026024465680530525,0.006080482635637974,"[0.26844445632400293, 1.2694706364805282]",0.0409979095035542,0.9054284746120058,0.9833589052053116,"[-0.6353478185543272, 0.7173436375614356]",23.843399521105805
3031.0,24.0,0.002649129675505399,0.009227201934884705,0.9636159664594046,7.311034828274128e-05,0.00025473988948690343,"[0.4873966091790429, 1.4398353237397663]",0.12072278416217674,0.6446411694075428,0.9280753950583686,"[-0.39229181143034764, 0.6337373797547011]",23.538872931762565
3032.0,24.0,0.002225255577987324,0.008184095542432233,0.8992268189453654,5.3311899713186045e-05,0.0001959996312984781,"[0.4630423538575718, 1.335411284033159]",0.2655227923743704,0.2993333242643783,0.7483333106609458,"[-0.23590615655975178, 0.7669517413084925]",22.98577764216134
3033.0,24.0,0.015603951822113138,0.038002805217031504,0.5577034742719036,0.0014726852960465129,0.003587540307056061,"[0.21396941389542168, 0.9014375346483855]",0.016174812096457103,0.9605244890673041,0.9938808419181301,"[-0.6243299213950227, 0.656679545587937]",23.93821676883039
3034.0,24.0,5.6626674742871456e-05,0.000792145261353458,1.1116957276089434,1.9757092297789536e-08,2.767099761595173e-07,"[0.7235876050191489, 1.499803850198738]",-0.07942003397766406,0.6677414683763292,0.9332201550489372,"[-0.4420536749701522, 0.28321360701482406]",0.3033621837137164
3035.0,24.0,0.0004487405461826638,0.002704885751553127,1.001085554708221,2.2925685099488945e-06,1.3818978360150058e-05,"[0.5858948047027037, 1.416276304713738]",-0.2254662964284524,0.30337066744423247,0.7514276816848787,"[-0.654821213250385, 0.2038886203934802]",0.861217813853058
3036.0,24.0,0.004793152284036981,0.014398174478933557,1.0593143394751878,0.0002088347508102989,0.000627319768129465,"[0.499397444549852, 1.6192312344005235]",0.027953878476815852,0.9205441175278439,0.9876219255870755,"[-0.5213143285915506, 0.5772220855451823]",23.89322404948379
3037.0,24.0,0.00462470389467223,0.014004316481842914,1.1414938428383552,0.0001965976650592612,0.0005955700244146052,"[0.5406135662318153, 1.7423741194448952]",0.19859817325962315,0.4754294133962781,0.8615157119619586,"[-0.34681306366800235, 0.7440094101872486]",23.241410856881046
3038.0,24.0,0.008163277914401938,0.021997515263815517,0.9053380429817961,0.000514968567037751,0.0013891787619038335,"[0.3943941726793082, 1.4162819132842839]",0.004891941279854706,0.9869570285406799,0.9971100704756963,"[-0.5816154645594166, 0.591399347119126]",23.9813141607359
3039.0,24.0,0.0004778932525338511,0.002822759908646492,1.132223328805308,2.6070251030484586e-06,1.541706152009733e-05,"[0.6600281637078811, 1.604418493902735]",0.026037349167229884,0.9062646084869821,0.9836802436632824,"[-0.40735240314864113, 0.4594271014831009]",23.90054465220062
3040.0,24.0,0.0014133150524516787,0.005879014361279861,1.1220717843061934,2.2755609095887163e-05,9.469666706569771e-05,"[0.6028956307995148, 1.641247937812872]",-0.20369928001310544,0.40489276959125775,0.8230753160309046,"[-0.6830319102682076, 0.2756333502419968]",0.7780739356403005
3041.0,24.0,0.00023754222349861557,0.0017959436103119912,1.2876601909314371,5.802597928742799e-07,4.389257132180634e-06,"[0.7826717485146286, 1.7926486333482456]",-0.11528284416679391,0.578920529133059,0.9032930708894664,"[-0.5224281066178118, 0.29186241828422405]",0.44034802806811013
3042.0,24.0,0.012945098720924234,0.032346573515552805,0.9174043410347729,0.001095526609061311,0.0027374477987539008,"[0.36665222319993807, 1.4681564588696077]",0.25541738788281165,0.42003795270007627,0.8307712672074292,"[-0.3654116886882267, 0.87624646445385]",23.02437744400393
3043.0,24.0,0.00037410752200267556,0.002393522213708737,1.2148264803977469,1.5623265605711385e-06,9.995691366418034e-06,"[0.7191009643938617, 1.710551996401632]",-0.26419414512815287,0.21964338261017835,0.6580089353210855,"[-0.6860440318072503, 0.15765574155094453]",1.0091472991939947
3044.0,24.0,0.0448221673520462,0.0972492240226648,0.7744951232864492,0.007396961684023819,0.016048951364772877,"[0.2077503490296141, 1.3412398975432844]",-0.17677395024203335,0.6478948662222291,0.9294020283387066,"[-0.9354321585933538, 0.5818842581092871]",0.6752267517816085
3045.0,24.0,0.01363076452765362,0.03381484626061429,0.771808595938688,0.001195695381976947,0.0029662500173082283,"[0.3049069241107414, 1.2387102677666346]",-0.5610670302622038,0.07382021446230148,0.3962437705974315,"[-1.1761898917424496, 0.054055831218041805]",2.1431181905308745
3046.0,24.0,5.490956915994221e-06,0.0002462312518383059,1.2810385318504287,3.026720773191404e-11,1.3633877356718035e-09,"[0.9032071892780271, 1.6588698744228303]",0.1628696109028338,0.29668604498997775,0.7463117737752201,"[-0.14302234907612676, 0.4687615708817944]",23.37788391228865
3047.0,24.0,0.0015151849397331497,0.006154284889249187,1.1785022725858412,2.60808667845694e-05,0.00010589064873962404,"[0.6292295470118112, 1.7277749981598711]",0.366500875381754,0.13419000615718768,0.5280589132477138,"[-0.11309409499634743, 0.8460958457598555]",22.60006977685169
3048.0,24.0,0.04423632690625058,0.09606151336862233,0.6951306003726588,0.007254228695691762,0.015752939621480482,"[0.1876966625909885, 1.2025645381543293]",-0.17285065655660592,0.6544466162435909,0.9301211184160023,"[-0.9297452132551542, 0.5840439001419424]",0.6602408737839207
3049.0,24.0,0.003675601737711249,0.011758162948532467,1.052890890940005,0.00013128929846937756,0.0004199913578674906,"[0.5132430293382678, 1.592538752541742]",0.018141570750130676,0.946775375525025,0.9904370601691201,"[-0.5144912938587057, 0.5507744353589671]",23.93070430415197
3050.0,24.0,0.012975766388254057,0.03239082972604607,0.8518590118624174,0.001097475519450535,0.002740405047234398,"[0.34037732174200086, 1.363340701982834]",-0.024039882212886887,0.9398060307625835,0.9892015094756179,"[-0.6479972476899821, 0.5999174832642084]",0.0918255860526691
3051.0,24.0,0.004314860353001868,0.013301049176947806,0.9597927663512794,0.00017419573108230684,0.000537475257890487,"[0.4586539137219847, 1.460931618980574]",-0.17476157394751546,0.5269152029484337,0.8839273529919359,"[-0.7161152691494781, 0.3665921212544472]",0.6675400405504052
3052.0,24.0,0.0025729835143586156,0.009031181166579907,1.0037745899274086,6.930537270205038e-05,0.00024334751651000833,"[0.5092957766031813, 1.4982534032516361]",-0.06398907283549793,0.8064121959860089,0.964880279922775,"[-0.5757729086260234, 0.4477947629550275]",0.24442025389528366
3053.0,24.0,0.008020140164009443,0.02169364393835392,0.9131895970694761,0.0005001165642250783,0.0013527632248446805,"[0.39897641443194487, 1.4274027797070072]",0.06008853170872808,0.8404558724349152,0.9708072590103425,"[-0.5249351883857932, 0.6451122518032494]",23.770478715730125
3054.0,24.0,0.0007166289965084046,0.0036882604040576667,1.1317183354630802,6.0073177521299925e-06,3.090184028873453e-05,"[0.6416470403104545, 1.621789630615706]",-0.2287453661107195,0.31721285220788886,0.7602537785596664,"[-0.6769875843647146, 0.21949685214327558]",0.8737429374212718
3055.0,24.0,0.0007516349870788622,0.0037903298631495196,1.1297370688635229,6.59522361367216e-06,3.334007346103521e-05,"[0.6383762303183107, 1.621097907408735]",0.08006628622714107,0.7283227142585583,0.9499529938388005,"[-0.37170749471118325, 0.5318400671654654]",23.694169314526558
3056.0,24.0,0.00016839030540121165,0.001459298747635282,1.3096360468896278,2.6759663178326867e-07,2.320872782161914e-06,"[0.8107310856156061, 1.8085410081636493]",0.0731403544200182,0.7171675041819197,0.9465980671013572,"[-0.32259096644416896, 0.46887167528420537]",23.720624425309463
3057.0,24.0,0.004419016213945873,0.013543948637380412,0.8634494164417632,0.00018178726063037632,0.0005571169495261303,"[0.4113256728880856, 1.3155731599954408]",0.2419309643260048,0.38144320264780485,0.8093426748309036,"[-0.2998356905210581, 0.7836976191730677]",23.075891787372655
3058.0,24.0,3.691127734936495e-05,0.0006127549407572603,1.3125941713749651,6.625223858622448e-09,1.1005355246881143e-07,"[0.869048142428273, 1.7561402003216573]",0.06600885801330758,0.7124762297371672,0.9460579335243223,"[-0.28504563711897163, 0.4170633531455868]",23.747864735023946
3059.0,24.0,0.0032424213130850523,0.01069047580971003,1.15670937312819,0.00010516115024360321,0.000347066502454136,"[0.5721565760899511, 1.7412621701664293]",-0.12603404354035508,0.6376931617298132,0.9251781493276053,"[-0.6505790436407923, 0.3985109565600822]",0.48141458465536013
3060.0,24.0,1.522155738100203e-07,8.947099647922045e-05,1.0671315393800662,7.031788503400211e-17,4.394867814625132e-14,"[0.816542630439078, 1.3177204483210545]",-0.012902276445729832,0.9174670055847576,0.9869481557495241,"[-0.25693619744710977, 0.2311316445556501]",0.049283065763424797
3061.0,24.0,0.003918074021765268,0.012363755196482385,0.9846309088210335,0.00014739731683676932,0.00046512248922931304,"[0.47616433638146705, 1.4930974812606]",0.27869689130145225,0.30593443287055166,0.7518643526041306,"[-0.2548459469159565, 0.812239729518861]",22.9354562910007
3062.0,24.0,1.1072892540535639e-05,0.00033552812574568424,1.1900641767644022,2.4408586268629664e-10,7.3965412935241405e-09,"[0.821622939497324, 1.5585054140314805]",-0.07895682933525983,0.6303660272276207,0.9216640993393094,"[-0.40054612825291797, 0.2426324695823983]",0.30159287230967446
3063.0,24.0,5.116237098741617e-06,0.0002413319386198876,1.2101110659532752,2.428743459365677e-11,1.1470808098815e-09,"[0.8549278533577407, 1.5652942785488098]",0.09467694543212613,0.542677826447272,0.890788466764078,"[-0.21014068460778051, 0.39949457547203276]",23.638360707303253
3064.0,24.0,0.000753626072797378,0.0037966049007424583,0.9595971443864227,6.63319716709667e-06,3.345031350023535e-05,"[0.542122981663254, 1.3770713071095915]",-0.11549019244885894,0.6162516119549388,0.9174210890671123,"[-0.5671467137889279, 0.33616632889121]",0.44114004016488445
3065.0,24.0,0.0016762824395231983,0.0066677901333460545,1.2860062318131624,3.144902273191993e-05,0.00012509555581511508,"[0.6805052914562734, 1.8915071721700514]",0.21907018630951125,0.3784805925136121,0.8068133370878681,"[-0.26846247361023695, 0.7066028462292595]",23.163213527154692
3066.0,24.0,0.0018096945113566772,0.007027939849928843,1.096311579103413,3.624629406160119e-05,0.00014076230703534442,"[0.5760616608441794, 1.6165614973626465]",-0.12061327248734965,0.6313088082348933,0.9220225036291709,"[-0.6132259214900466, 0.37199937651534726]",0.4607087644524336
3067.0,24.0,0.002500721170149315,0.008858381757525026,1.097109773484529,6.57989193607013e-05,0.00023324678965154662,"[0.5583218232616626, 1.6358977237073953]",0.048463831064759155,0.8523265802613209,0.9708072590103425,"[-0.46180747663778066, 0.558735138767299]",23.814881801396954
3068.0,24.0,0.00021765096359238652,0.0017073765434603937,1.1848469694022568,4.781475151886887e-07,3.756068461812166e-06,"[0.7236130873881484, 1.646080851416365]",-0.15826251740981068,0.4423557666803801,0.846978439121565,"[-0.5620379206142331, 0.24551288579461172]",0.6045182868465243
3069.0,24.0,0.006571312943193957,0.018552549246736185,0.9149316091101617,0.0003582770049105853,0.0010120819347756646,"[0.41249185113399545, 1.417371367086328]",-0.11173441645123638,0.700904693002584,0.9400237903147177,"[-0.681887267764101, 0.45841843486162825]",0.42679403260086385
3070.0,24.0,0.00017872580434789644,0.0015082346358472275,1.0153700703941932,3.1075390589799916e-07,2.617977303268738e-06,"[0.626438187105169, 1.4043019536832175]",0.5052902340021577,0.011303905198009223,0.12735908489290823,"[0.11433573130661989, 0.8962447366976954]",22.069933477499905
3071.0,24.0,0.00032996555021727516,0.0022027072778189266,1.0925362884053693,1.1893539962199484e-06,7.939612791855463e-06,"[0.6516974699017191, 1.5333751069090196]",-0.10467053211963151,0.6243846777747752,0.9195245607783346,"[-0.5236479688090894, 0.3143069045698263]",0.3998119819895605
3072.0,24.0,0.001228165038375123,0.005335208681038762,0.7466162125982948,1.7390065343413695e-05,7.554328993663639e-05,"[0.405988215155443, 1.0872442100411466]",-0.22618049099950444,0.34792480998045705,0.7877135507648133,"[-0.6984745310971854, 0.2461135490981765]",0.8639458361645538
3073.0,24.0,0.01897668174539664,0.04523642847531976,1.0316324471213139,0.0020058805950674166,0.00478159855796762,"[0.37714016167016473, 1.686124732572463]",-0.1993080392554054,0.552323252305708,0.8939184893512985,"[-0.8566328780921577, 0.4580167995813469]",0.7613006314908309
3074.0,24.0,0.006099035680893455,0.017475746936657467,0.8075038682880006,0.0003157805447339953,0.0009050746481341225,"[0.36811483784394583, 1.2468928987320553]",-0.11503420281605603,0.6898075806722972,0.9373185088522442,"[-0.6799395871895508, 0.44987118155743877]",0.4393982880674627
3075.0,24.0,0.14391572475516684,0.2826865542234666,0.5672234074711328,0.03957075196299401,0.0777268748045453,"[0.027073568256433367, 1.1073732466858321]",0.41922637241095373,0.40038065916230325,0.8206211468997754,"[-0.5578552751369908, 1.3963080199588984]",22.39867321335151
3076.0,24.0,5.7901912090951865e-05,0.0008001698365851638,1.224086826014451,2.0970246486022457e-08,2.9004490298786246e-07,"[0.7959548403249265, 1.6522188117039756]",0.22268481427404385,0.2280898575344974,0.6682972679006662,"[-0.13942952990895124, 0.5847991584570389]",23.149406665362847
3077.0,24.0,1.8057748975011433e-05,0.000420926549534066,1.069853081158662,9.816329646349295e-10,2.2881887287527494e-08,"[0.726798900398909, 1.4129072619184149]",0.30586345703629636,0.07005078545191894,0.3865937386971244,"[-0.025052455747270275, 0.6367793698198629]",22.83168765363595
3078.0,24.0,0.00023449611653616323,0.0017837974971246404,1.206638789534882,5.633437071339587e-07,4.293778255594197e-06,"[0.7339643990852547, 1.6793131799845094]",-0.016542827668920346,0.9365178818606531,0.9892015094756179,"[-0.4236300895044476, 0.3905444341666069]",0.06318894710942519
3079.0,24.0,0.0015014037339844523,0.006129138842509766,1.0239496832239652,2.560644338665599e-05,0.00010455877250574107,"[0.547180859940942, 1.5007185065069883]",0.32856598585817043,0.17973648777844586,0.6084368126123046,"[-0.15145296305164335, 0.8085849347679842]",22.74497038125145
3080.0,24.0,0.00015753150492712573,0.0014090474501531817,1.1670878084015404,2.300785813448546e-07,2.0606207665459953e-06,"[0.7249174387288506, 1.60925817807423]",-0.15307311374635635,0.4452514448862239,0.8480769362464472,"[-0.5460981356762213, 0.2399519081835086]",0.5846962249728136
3081.0,24.0,0.04409084524936489,0.0957871936766563,0.748454178342316,0.007217647608419614,0.015680311988745633,"[0.20243843557826158, 1.2944699211063704]",0.14726712378772522,0.7029444419750606,0.9411493399050215,"[-0.6096206736994505, 0.9041549212749009]",23.43748102306218
3082.0,24.0,0.000254712506707022,0.001878410816423466,1.303799646399902,6.772471312348679e-07,4.994447870463627e-06,"[0.7894045249622192, 1.8181947678375847]",0.1389663387605058,0.5058740654600413,0.8752594956712603,"[-0.2704412979316578, 0.5483739754526693]",23.469187686309184
3083.0,24.0,0.0318682899521485,0.07156588805782282,0.7502097029384142,0.004442009950540789,0.009975319897913292,"[0.23336746791575513, 1.2670519379610732]",-0.09211834211021408,0.8007764734796169,0.9643261963868218,"[-0.8076092164409567, 0.6233725322205286]",0.35186614791050086
3084.0,24.0,0.0010941509428184103,0.00491473164183577,0.9609812800979937,1.3949146341399044e-05,6.263649008261807e-05,"[0.5274632039595153, 1.394499356236472]",0.3585794894787355,0.13018262605199166,0.5223251886007398,"[-0.10581273463383223, 0.8229717135913033]",22.630327242194184
3085.0,24.0,0.09747685202704741,0.1982445638133972,0.5010662760953977,0.022802536727757092,0.046365467116220194,"[0.06971377714929683, 0.9324187750414985]",-0.28436619673568053,0.5308085309068449,0.8847149201939244,"[-1.173600678584588, 0.6048682851132271]",1.0861988606094228
3086.0,24.0,0.004028079536538086,0.012611394917151176,0.8355143287571852,0.00015464256332123265,0.00048386283892751144,"[0.40269261754316243, 1.268336039971208]",-0.24728931454572223,0.3657500957985501,0.7996285435036077,"[-0.7831634216236548, 0.28858479253221037]",0.9445756028101975
3087.0,24.0,0.02980577767734003,0.0674644130315528,0.6695030846389546,0.0040136276251886835,0.009088830672981621,"[0.2134163692621454, 1.1255898000157638]",0.029878100960052834,0.9340721073834611,0.9892015094756179,"[-0.6780299639196565, 0.7377861658397622]",23.885874061008213
3088.0,24.0,8.919488976360103e-05,0.0009999427103542717,1.126049394900756,6.071623220330043e-08,6.806752489159241e-07,"[0.7186011607267226, 1.5334976290747893]",-0.2956696114313262,0.12085376163936948,0.5053223217187014,"[-0.669252507839146, 0.07791328497649369]",1.1293747243525327
3089.0,24.0,0.001828302577078021,0.007075474369496985,1.1205873574747838,3.7032552512521277e-05,0.00014333332052885977,"[0.5881811680072453, 1.6529935469423223]",-0.2521009920514681,0.3146420840070163,0.7590518680559124,"[-0.743492840571575, 0.23929085646863885]",0.9629548570406823
3090.0,24.0,0.004755438116803784,0.014304284891481315,0.9580261839153063,0.00020821794671154156,0.0006258429417239001,"[0.4517489836346076, 1.464303384196005]",0.7372195852769892,0.006447222220445728,0.09003523362457229,"[0.20680186660372157, 1.2676373039502566]",21.184028612616242
3091.0,24.0,0.0006457667244846732,0.0034318429502777975,1.2756583109903807,4.853467892836933e-06,2.5816318578919858e-05,"[0.7286814474981006, 1.8226351744826608]",0.11619408038389523,0.6089270752987345,0.9143882220641197,"[-0.3289461195107, 0.5613342802784904]",23.556171305973265
3092.0,24.0,0.002094381445084579,0.007835321530432395,0.942700632961787,4.753351053651148e-05,0.00017785993376778382,"[0.4884439826558181, 1.396957283267756]",0.0739327474265048,0.772209217323553,0.9589249382121035,"[-0.42662804868413196, 0.5744935435371415]",23.71759770697697
3093.0,24.0,0.11497377906612481,0.23036221011044844,0.65231663223338,0.028794313778526103,0.057692474010270695,"[0.06752849627995805, 1.237104768186802]",-0.1806119584243282,0.7032702238851296,0.9414594697257425,"[-1.1099474288699418, 0.7487235120212854]",0.6898868631537534
3094.0,24.0,0.004552156282144769,0.013844757549102096,0.9518561089190606,0.00019115609033665366,0.0005813749706102605,"[0.45175141187114, 1.4519608059669813]",-0.15465495931763762,0.5780975495356957,0.9032205836784882,"[-0.6996690120028465, 0.39035909336757124]",0.5907384299778721
3095.0,24.0,0.07787650487575458,0.1612683886431033,0.7009379358314193,0.016526106394300657,0.03422262661897009,"[0.1278196176335029, 1.2740562540293356]",0.07901979351490507,0.8553047402249911,0.9710102122541093,"[-0.7702939115454921, 0.9283334985753022]",23.69816662224005
3096.0,24.0,7.435021236419232e-05,0.0009227713919400426,1.262078074555508,3.901118463997601e-08,4.840097349872953e-07,"[0.8119405344583109, 1.7122156146527052]",-0.28267554137010187,0.13265274936882118,0.5258428229640144,"[-0.6511170325941487, 0.08576594985394492]",1.0797410328055024
3097.0,24.0,0.0015854758645618139,0.006380184565641102,1.0233122122061333,2.826995087857014e-05,0.00011376237778096637,"[0.544289513168707, 1.5023349112435596]",0.1292748406837223,0.6020151860842575,0.91161020243821,"[-0.35657696391007676, 0.6151266452775214]",23.50620648210644
3098.0,24.0,5.5776738716650915e-05,0.0007866958916311835,1.0048327982886116,1.921403275375583e-08,2.70867061072769e-07,"[0.6543327851148271, 1.3553328114623961]",0.3636679409991501,0.04708440141175747,0.30976579876156235,"[0.004684494451397847, 0.7226513875469024]",22.610890789102406
3099.0,24.0,0.006632175441154284,0.01869798545574932,0.9939117756827165,0.00036371624654269754,0.0010254193587332888,"[0.4474949019820115, 1.5403286493834214]",0.006122034507104246,0.9832442022139267,0.9971100704756963,"[-0.5652077824591312, 0.5774518514733397]",23.976615550713966
3100.0,24.0,4.673370714809451e-05,0.0007040408963038354,1.4298050785685696,1.2163328920377786e-08,1.8349978680208232e-07,"[0.9379392951894836, 1.9216708619476557]",0.08185712151639546,0.65343147788351,0.9301211184160023,"[-0.275463416358255, 0.4391776593910459]",23.6873288276014
3101.0,24.0,0.0008178139677057408,0.004024675037921953,1.0811550846480074,7.809287441141294e-06,3.8488356043081785e-05,"[0.607137042206117, 1.5551731270898976]",-0.07386402505169798,0.7505863448532076,0.9552799279805988,"[-0.5293096695096711, 0.38158161940627505]",0.28213979288739177
3102.0,24.0,0.018784369726303443,0.044820734255078605,0.8105185891005456,0.0019730084116896685,0.004708850624557681,"[0.2971213882657189, 1.3239157899353724]",0.13593081184875722,0.685256074193416,0.9370333060910837,"[-0.5214061281561205, 0.793267751853635]",23.480782545018624
3103.0,24.0,7.690293469134405e-05,0.0009323511532191524,1.1804356611158797,4.222479802652148e-08,5.130595142955223e-07,"[0.7583427682749049, 1.6025285539568546]",-0.19400737937310453,0.30479714931924373,0.7514276816848787,"[-0.5645465929967985, 0.1765318342505895]",0.7410536021648209
3104.0,24.0,0.007624716029235621,0.0208293386171112,0.9394260948391541,0.0004612716756915972,0.0012596168096439028,"[0.4137016061286499, 1.4651505835496583]",0.32345210057220974,0.27195364517293186,0.7219632806533798,"[-0.2536179007229893, 0.9005221018674088]",22.764503984171423
3105.0,24.0,0.00010357289688793719,0.0010936947929032438,1.3645087260162887,8.632065062373104e-08,9.124804505679813e-07,"[0.8649398453410592, 1.8640776066915183]",0.11244792920815616,0.5620390043055825,0.8966709607100429,"[-0.2676624146773558, 0.4925582730936681]",23.570480549425785
3106.0,24.0,0.0046844372040512,0.014131032289747209,0.7257594773664752,0.00020206332964149698,0.0006091749461606783,"[0.3430090458234041, 1.1085099089095463]",-0.4556641847522691,0.09812878598912252,0.4555653945641714,"[-0.9956211224087681, 0.08429275290422988]",1.7405089774382947
3107.0,24.0,6.409253121144746e-06,0.0002710452073990493,1.0044602227167632,4.838479868319944e-11,2.0502033340338744e-09,"[0.7050747507138901, 1.3038456947196362]",0.0665416098770315,0.6736153505792264,0.9338966192307091,"[-0.24310186864682043, 0.37618508840088344]",23.745829772802672
3108.0,24.0,0.00033123180333498726,0.0022082120222332484,1.055438731844865,1.2015660143823166e-06,8.010440095882112e-06,"[0.6293912846475875, 1.4814861790421425]",-0.1999217738498329,0.3488127918956553,0.7884556778834884,"[-0.6181539724739947, 0.21831042477432894]",0.7636449249576222
3109.0,24.0,0.009925959772893985,0.025889305615268608,0.800802078345906,0.0007124258134337055,0.0018576944287710705,"[0.33709211778515613, 1.264512038906656]",-0.2567558476909655,0.4006771731556301,0.8206211468997754,"[-0.8555478058843959, 0.34203611050246496]",0.9807350958664071
3110.0,24.0,0.0013470190012854519,0.00567165895278085,1.0829133530232948,2.0718794468205924e-05,8.72737761929483e-05,"[0.5843296205521278, 1.5814970854944619]",0.06939044802746874,0.7761426180951677,0.9595896677274527,"[-0.4089041089063395, 0.5476850049612769]",23.73494801263361
3111.0,24.0,0.010397489601162362,0.02685995763668913,0.8831853191167641,0.0007668774045286224,0.001981595360539076,"[0.36868951036820186, 1.3976811278653263]",0.02129560798945196,0.9450323056288015,0.9899772738621427,"[-0.5840824937210277, 0.6266737096999316]",23.918656769335954
3112.0,24.0,0.0007099526806016707,0.0036788081470983565,1.0364458254630133,5.932576957401675e-06,3.0716216605686785e-05,"[0.5878929359244203, 1.4849987150016064]",-0.4413344537061601,0.05112058311727392,0.3260241270234306,"[-0.8848179925376765, 0.0021490851253563314]",1.685773436738319
3113.0,24.0,0.006874762767172168,0.01916186370109473,0.81565758133237,0.0003864154868456251,0.0010777066130659913,"[0.365228422933584, 1.266086739731156]",-0.012854465731044762,0.9649830974312708,0.9938808419181301,"[-0.5867395922744193, 0.5610306608123298]",0.04910044228562755
3114.0,24.0,0.0007463401817486257,0.003782768280530287,1.025915332522578,6.521712001448218e-06,3.3058580253681815e-05,"[0.579945512695045, 1.471885152350111]",-0.24191243494278147,0.29179449569127447,0.7409712942896762,"[-0.6916778882899552, 0.2078530184043923]",0.9240374355969653
3115.0,24.0,0.0018583959465001954,0.007172466249354051,1.1427675625535336,3.8141240537558716e-05,0.00014720664043828141,"[0.5989275957553714, 1.6866075293516958]",-0.20567674648124523,0.41351829550089625,0.8280177817333189,"[-0.6986572999106648, 0.2873038069481743]",0.7856273011571705
3116.0,24.0,0.007506555285806987,0.02058282228079788,0.9602985123935348,0.00044869764884876624,0.001230319848776436,"[0.42401975564191197, 1.4965772691451575]",-0.2340844036542462,0.42729801419079616,0.836119601169068,"[-0.8120426350970288, 0.34387382778853637]",0.8941365586150035
3117.0,24.0,0.0017931960168398608,0.006982850532865502,0.9689911129107285,3.59775079788828e-05,0.00013993585367126722,"[0.5093509631421684, 1.4286312626792885]",-0.544018767398752,0.02724084223779828,0.221166490761475,"[-1.0269143392754057, -0.06112319552209833]",2.0779986231905143
3118.0,24.0,0.0036737838229806796,0.011756108233538174,1.1567726041541457,0.0001311800401462536,0.00041991049982795643,"[0.5639130970493207, 1.7496321112589708]",0.0351001379520941,0.8972182421012032,0.9807807631189366,"[-0.4974671282359271, 0.5676674041401153]",23.865927349001204
3119.0,24.0,0.0392656723202905,0.08620345185574203,0.6823109671743737,0.006073910274253309,0.01333459994347598,"[0.19491310786372307, 1.1697088264850244]",0.05622523339943175,0.8819629138760708,0.9768649301292893,"[-0.6859517631447563, 0.7984022299436198]",23.785235428271637
3120.0,24.0,0.00012128352840235263,0.0012008270138846794,1.1401081431500095,1.2529679295232904e-07,1.2405623064587034e-06,"[0.7173419497609512, 1.5628743365390678]",0.09842849399581777,0.6163806998335077,0.9174210890671123,"[-0.2866444466903398, 0.4835014346819753]",23.62403084734739
3121.0,24.0,0.026605476835177513,0.06103573488226087,0.7887906575648606,0.0033928326255114713,0.007783511414341526,"[0.2610921502590783, 1.3164891648706427]",0.49010579332494597,0.15989170831518373,0.5751500299107328,"[-0.19337591360794726, 1.173587500257839]",22.12793376850464
3122.0,24.0,0.0020529385769482702,0.007717814199053647,1.0818182610486866,4.607539097414345e-05,0.0001730128698190338,"[0.561453751445811, 1.6021827706515621]",0.37732311610365254,0.13491899350626632,0.5283995738321321,"[-0.11735805106525998, 0.8720042832725651]",22.5587318623024
3123.0,24.0,0.08711776720976795,0.17896008054594895,0.6651721128587544,0.01940326294105864,0.03985879815336615,"[0.10747943018763662, 1.2228647955298722]",-0.017481771415607028,0.9686311139230709,0.9946639642340541,"[-0.8887714452902481, 0.853807902459034]",0.06677544803511502
3124.0,24.0,0.001583392526204611,0.0063743660475225885,0.9940446235491334,2.8204639494260717e-05,0.00011354524756143606,"[0.5287807309506689, 1.4593085161475978]",0.1415058863901777,0.5679581284617639,0.8995219012698192,"[-0.34416258391679616, 0.6271743566971515]",23.459487328905674
3125.0,24.0,0.0020892317634183086,0.007827769814231203,0.7930449515301683,4.745724560438664e-05,0.00017774249290032447,"[0.4109376486479901, 1.1751522544123465]",0.26146697589915036,0.3036073294125199,0.7514276816848787,"[-0.2366877025478502, 0.7596216543461509]",23.001269719928658
3126.0,24.0,0.00021993365444873908,0.0017133724490087964,1.0213106049715859,4.898731064474726e-07,3.815211109403992e-06,"[0.6233707315046932, 1.4192504784384785]",-0.19613309026125858,0.34102918614641187,0.7821770324458988,"[-0.5998723950102689, 0.20760621448775174]",0.7491732196552363
3127.0,24.0,0.005683932815027731,0.016513459660161916,0.6753470572139738,0.00028009682232079194,0.0008139983211880033,"[0.3110091159166791, 1.0396849985112686]",0.1261664982706252,0.6587760864187552,0.9301211184160023,"[-0.4337967783259292, 0.6861297748671796]",23.51807947554324
3128.0,24.0,0.01845635904724689,0.04415396901255237,0.9279290751997231,0.0019243856439877052,0.004603793406669152,"[0.34156328578005934, 1.5142948646193868]",-0.3463296985298312,0.29701321623922383,0.7464519131420554,"[-0.997226123930865, 0.30456672687120256]",1.3228820030531654
3129.0,24.0,0.008157263128199147,0.02199316022701307,0.8762281220833051,0.000517041474619581,0.0013931063827453186,"[0.38155935954909503, 1.3708968846175154]",0.41638626263983625,0.15893588832904004,0.5731550246269025,"[-0.16296034505841395, 0.9957328703380864]",22.409521633567437
3130.0,24.0,0.03762211191358012,0.0830510196767773,0.8663529597594057,0.005732309852839279,0.012645730979129228,"[0.2517323196902146, 1.4809735998285969]",-0.679084041515126,0.06275148364201431,0.3637767167653004,"[-1.3943001989921124, 0.03613211596186028]",2.5939099675669004
3131.0,24.0,0.0002604170235284674,0.0018939419892979447,0.8359137768121326,7.130894872857435e-07,5.189346749479854e-06,"[0.5054501338089068, 1.1663774198153585]",-0.24778267351611838,0.23500522751255282,0.6763610712967688,"[-0.6567249414892384, 0.16115959445700168]",0.9464600952627721
3132.0,24.0,0.00021694387399533998,0.0017073765434603937,1.0054233823027432,4.742057644562619e-07,3.7339036571359204e-06,"[0.6141582188182415, 1.3966885457872449]",-0.10654385936414457,0.6052972158417241,0.9129671430493577,"[-0.5106130507984736, 0.2975253320701845]",0.40696756497339187
3133.0,24.0,0.00839485262949376,0.022488220277240182,1.055731685221079,0.0005396894539867585,0.001445725834414033,"[0.4577400190193587, 1.6537233514227991]",-0.11268932168705792,0.7072304494761754,0.943613748991825,"[-0.7007611851219132, 0.47538254174779737]",0.4304415019240318
3134.0,24.0,0.005293346495543945,0.015564088490279168,0.7627489654199072,0.0002489483187108029,0.0007319856474883943,"[0.354662153039342, 1.1708357778004723]",-0.3622177286154864,0.19731392346715249,0.6296120419227944,"[-0.9128774437151898, 0.18844198648421695]",1.3835698076321599
3135.0,24.0,4.810343246193358e-05,0.0007158248878263926,1.2071313463135847,1.3155580592282177e-08,1.9576756833753242e-07,"[0.7908891347502032, 1.6233735578769661]",0.24784049583629297,0.1732446204737823,0.596572384551592,"[-0.10884912404626984, 0.6045301157188558]",23.053319039743386
3136.0,24.0,0.14328942109054596,0.2815669504628531,0.5576622383493758,0.03928158272388186,0.07718919772820172,"[0.02739605174823545, 1.0879284249505161]",0.24774676574075016,0.6215422403735417,0.9177195404295999,"[-0.7358635298112152, 1.2313570612927154]",23.053677062335915
3137.0,24.0,6.938456810178798e-05,0.0008797980368220109,1.3437395983978275,3.2734097499225207e-08,4.1593516517439904e-07,"[0.8671541050913643, 1.8203250917042908]",0.09637302123931502,0.608068317661441,0.9143882220641197,"[-0.2719491075123973, 0.46469514999102735]",23.631882174937505
3138.0,24.0,0.0031092635117592822,0.010369989564542511,0.9813801109079278,9.762961444169473e-05,0.000325458371316869,"[0.4877281728409568, 1.4750320489748987]",-0.17282635414147762,0.5160415737142583,0.8807846513356998,"[-0.6943886023720084, 0.34873589408905314]",0.6601480453959989
3139.0,24.0,0.0007438450230154372,0.003778781615055034,1.2392418399367608,6.496945417250269e-06,3.297941836167649e-05,"[0.7006345038871546, 1.777849175986367]",-0.3436425366455156,0.13251383904841638,0.5256399803586529,"[-0.791388245650227, 0.1041031723591958]",1.3126178007305183
3140.0,24.0,2.9849410821754817e-06,0.00020033161625338802,1.4155231862640705,4.442559623078981e-12,2.981583639650323e-10,"[1.014737315359772, 1.8163090571683689]",0.25845532383304093,0.08358378310626467,0.4207321238751489,"[-0.03431168517585076, 0.5512223328419326]",23.01277338344532
3141.0,24.0,0.007275134825682965,0.020020743864218406,0.9582741865417844,0.000424950655216798,0.0011698382289354857,"[0.42531774348280316, 1.4912306296007656]",-0.022323793723692198,0.939654575536348,0.9892015094756179,"[-0.6002829317169207, 0.5556353442695363]",0.08527061087254661
3142.0,24.0,3.4450283086366594e-05,0.0005949962536505456,1.3783899537305722,5.535328676684579e-09,9.560153154895646e-08,"[0.9150123824723893, 1.841767524988755]",-0.0815741710574347,0.6470413578710925,0.9294020283387066,"[-0.4307568177223017, 0.2676084756074323]",0.3115903812579493
3143.0,24.0,0.00046201855941874036,0.0027526256347955385,1.1238814148381624,2.4403446509832288e-06,1.4525861017757313e-05,"[0.6565054299671982, 1.5912573997091266]",-0.2725657421713841,0.21385245456927737,0.6531442092239284,"[-0.7023333220284902, 0.15720183768572205]",1.0411244444180845
3144.0,24.0,0.027946454912799276,0.06374647562226111,0.8002539405413154,0.003650350425493357,0.008326529255231196,"[0.2606855709208947, 1.3398223101617361]",0.36053439312723334,0.3085902304928365,0.7548684698944141,"[-0.3334796558012957, 1.0545484420557623]",22.62286006029994
3145.0,24.0,0.020237017154490326,0.047830340710211125,0.8910289976893504,0.002217328283726306,0.005241910836232403,"[0.32021519598955517, 1.4618427993891456]",0.19886110909817756,0.5570666933503094,0.8951179890946906,"[-0.46489560747577063, 0.8626178256721257]",23.24040651595892
3146.0,24.0,2.061543623163629e-07,8.947099647922045e-05,1.5508145325947211,2.5270111313376857e-16,1.1486414233353117e-13,"[1.1798670753217226, 1.9217619898677196]",-0.2875758950155811,0.02251685527144598,0.19844528727593158,"[-0.5346194838217662, -0.0405323062093961]",1.0984590049393363
3147.0,24.0,0.0002291080160629922,0.0017596621817434115,1.1127065216892937,5.351713492940997e-07,4.112147526011215e-06,"[0.6776867432387632, 1.5477263001398243]",-0.06424240528919878,0.756557791521227,0.9555601794595632,"[-0.470407277154582, 0.34192246657618447]",0.2453879125893338
3148.0,24.0,0.00014499380397542402,0.0013450260109037478,0.9338032684002127,1.9053624745297406e-07,1.76749765726321e-06,"[0.5824014150245658, 1.2852051217758595]",0.23396803458194704,0.23901636042241892,0.6823190420280301,"[-0.15549166962671002, 0.6234277387906041]",23.106307938498905
3149.0,24.0,0.0014487817301758658,0.005966975824447553,1.1216765733286418,2.4017706094667653e-05,9.891971208676959e-05,"[0.601191211036317, 1.6421619356209667]",0.46521072674432684,0.05481680955987896,0.3400730386483406,"[-0.009602691936425434, 0.9400241454250791]",22.22302591822242
3150.0,24.0,0.009025519432738249,0.023940369848112066,1.006652577969337,0.0006098257786731792,0.0016165268332790212,"[0.4309641964988493, 1.5823409594398246]",0.29630917534746093,0.32530468964377945,0.7674090343094585,"[-0.29412013188637465, 0.8867384825812965]",22.868182321439242
3151.0,24.0,0.0008940828265453193,0.0042717765243445735,1.2393887674754058,9.328589940005019e-06,4.461305566716891e-05,"[0.6913157259325379, 1.7874618090182737]",-0.11436615619749269,0.6253757330867107,0.9195245607783346,"[-0.5734659335492811, 0.3447336211542958]",0.43684653795001827
3152.0,24.0,0.0001264238731617162,0.0012302092423316193,1.0694039014022787,1.4034057847780052e-07,1.365180724492223e-06,"[0.6712895641404183, 1.4675182386641392]",-0.5537883637819068,0.004158221188094689,0.0673264673769124,"[-0.9325190421960103, -0.17505768536780325]",2.115315732543917
3153.0,24.0,0.002109225855896759,0.007874094959895463,0.9662324168108862,4.8186606660692814e-05,0.00017981049269391765,"[0.5002720309021289, 1.4321928027196436]",0.1320530003513003,0.6050676011828588,0.9129671430493577,"[-0.36844144759634834, 0.6325474482989489]",23.495594693855395
3154.0,24.0,0.0004846769855853345,0.002849364994622778,1.3981471949433086,2.6909029985672334e-06,1.581953555889026e-05,"[0.8142440867962147, 1.9820503030904026]",-0.1884157967041169,0.39356102733430953,0.8163177410562709,"[-0.6212545572417842, 0.2444229638335505]",0.7196953296493883
3155.0,24.0,7.30888959001197e-05,0.0009136111987514963,1.2398869091594953,3.716425249558171e-08,4.6455315619477134e-07,"[0.798351333864877, 1.6814224844541137]",0.015736129462259996,0.9335803876369577,0.9892015094756179,"[-0.3543367166615748, 0.3858089755860948]",23.939892413062736
3156.0,24.0,0.00016675959045665088,0.001455144768382643,1.085480340763171,2.629470066894929e-07,2.296480407768497e-06,"[0.6722315661883966, 1.4987291153379454]",0.2626290194283527,0.19093847078711845,0.6235743657319348,"[-0.1309635071429317, 0.6562215459996371]",22.996831040606406
3157.0,24.0,0.000360793444853957,0.0023382595259491706,1.0330028885974831,1.4422287771416119e-06,9.352094362181597e-06,"[0.6128710105351112, 1.453134766659855]",0.16535949876559375,0.4422492030646942,0.846978439121565,"[-0.2564239397064506, 0.5871429372376381]",23.368373241222184
3158.0,24.0,0.0020912605803977387,0.007832302389072864,0.93023065735528,4.740249438845262e-05,0.00017767051869734866,"[0.4820537688353768, 1.3784075458751832]",-0.07334182042653214,0.7739468855181377,0.9594231226648312,"[-0.5738267990066547, 0.4271431581535904]",0.28014511814977755
3159.0,24.0,0.0009237032352500761,0.0043777404514221616,1.0064428674557855,9.957758291076765e-06,4.719316725628799e-05,"[0.5599620627766866, 1.4529236721348844]",0.16341503606117946,0.48633772075028103,0.8684336035780316,"[-0.29667210070368233, 0.6235021728260413]",23.375800541647752
3160.0,24.0,0.0023880610150759066,0.008562427447385825,0.9485571930810857,6.06407644764055e-05,0.00021742834161493548,"[0.4849668531838316, 1.4121475329783397]",0.2364258407861941,0.35955616811306856,0.7958303853764245,"[-0.26933764204589816, 0.7421893236182864]",23.096919810341273
3161.0,24.0,0.01397098583378061,0.03455598771649916,0.8737204806244078,0.0012365042117322574,0.0030583829130157243,"[0.3435999161762602, 1.4038410450725554]",0.17626438115521026,0.5828710075690182,0.9046577798681021,"[-0.45278588932711394, 0.8053146516375345]",23.326719658754744
3162.0,24.0,0.003835272243824387,0.012159929526968212,0.9427657191556349,0.00014172182164278813,0.00044948246635835115,"[0.457163349067644, 1.4283680892436257]",-0.18451244681228918,0.4981861067987152,0.8728067218963704,"[-0.7184160358384548, 0.34939114221387646]",0.70478563133175
3163.0,24.0,5.720267565882152e-05,0.0007937581274639648,1.2983867658905561,2.0351087973134063e-08,2.8265399962686204e-07,"[0.8446880898097426, 1.7520854419713696]",0.23378664606885557,0.2051436714638074,0.6392760095475456,"[-0.1278563335775768, 0.595429625715288]",23.10700079158239
3164.0,24.0,0.0005731767055208795,0.0031895459157525135,1.2073436316419706,3.8081361682127636e-06,2.1191631431345372e-05,"[0.6953226546666393, 1.7193646086173018]",-0.1902263708993912,0.39627459036849755,0.8173980824432705,"[-0.6297403814264115, 0.24928763962762912]",0.7266112136416892
3165.0,24.0,0.11739115418836538,0.23464152346265318,0.5186545932743878,0.02967072556674891,0.059294015920761216,"[0.05116148395253123, 0.9861477025962444]",0.2717823152652379,0.567433539399743,0.8991207905304154,"[-0.6597508049996956, 1.2033154355301714]",22.96186802593386
3166.0,24.0,0.03460721580553238,0.0768878378261106,0.682163564722392,0.005032277015298012,0.011185323439204293,"[0.20550227439458052, 1.1588248550502036]",0.18621212308963297,0.6143111900303935,0.9171561511352546,"[-0.5380346883278915, 0.9104589345071574]",23.288722083519563
3167.0,24.0,0.013776030081246443,0.03413287928951051,0.8570306730436699,0.0012122213716388875,0.0030027777350480245,"[0.33794690834738483, 1.3761144377399548]",-0.35759577304476764,0.2609923549836878,0.7096040102873512,"[-0.9811228668931253, 0.26593132080359005]",1.3659152378122157
3168.0,24.0,0.004486213514273022,0.013703395983490142,0.8964796485804817,0.00018701219378654927,0.000571204012787261,"[0.426165381247826, 1.3667939159131373]",-0.3453012244528635,0.21044992711496346,0.6491064669475473,"[-0.885716600034693, 0.19511415112896602]",1.3189535214565744
3169.0,24.0,1.7322425364396046e-07,8.947099647922045e-05,1.5276828384841123,1.2314214870403993e-16,6.841230483557774e-14,"[1.1660654763525653, 1.8893002006156594]",-0.308825837616741,0.01320738322352001,0.1420148733711829,"[-0.5530777771427591, -0.06457389809072289]",1.1796278066687838
3170.0,24.0,0.0038720816244202185,0.01225213144683297,1.0203018130477606,0.00014394336848619932,0.0004555169888803776,"[0.4942294549751789, 1.5463741711203423]",0.07042823591266778,0.7966304522903466,0.9628316126547152,"[-0.465199464406697, 0.6060559362320326]",23.73098395491016
3171.0,24.0,0.006001784455321277,0.01724360908182843,0.8405965837358961,0.00030734599103638066,0.0008834319949306717,"[0.38409171396651254, 1.2971014535052796]",-0.1388517144516337,0.6291562176797753,0.9216098943702877,"[-0.7023969765728828, 0.4246935476696154]",0.5303744810822847
3172.0,24.0,9.070819423511366e-05,0.0010076592585816402,1.3720281125988698,6.281430141125431e-08,6.987563715791407e-07,"[0.8750173918706443, 1.8690388333270953]",0.0704280775072883,0.71375834994218,0.9463571189696999,"[-0.30588468862251866, 0.44674084363709526]",23.730984559974143
3173.0,24.0,0.0013994211808591697,0.005838190344685274,1.104939291447449,2.2282298281267024e-05,9.303673603869322e-05,"[0.5942592618707038, 1.615619321024194]",0.02341552687320103,0.9238749476570828,0.9879295512207908,"[-0.45687497123522497, 0.503706024981627]",23.910559275672696
3174.0,24.0,0.002830142629406588,0.009672394495579589,1.2139765410286292,8.240046294016369e-05,0.0002816147058788916,"[0.6096677903856396, 1.8182852916716188]",0.12925388039889896,0.6239015486654493,0.9195245607783346,"[-0.3874058959208564, 0.6459136567186543]",23.50628654449696
3175.0,24.0,2.5888646858066223e-06,0.00019127600552403012,1.0323507400859773,2.7779755579889436e-12,2.088703427059356e-10,"[0.7428230926554129, 1.3218783875165416]",-0.16528697620745447,0.26535340562347,0.7150455554391538,"[-0.456136916562023, 0.12556296414711404]",0.631349743011093
3176.0,24.0,0.007738245637601612,0.021073653697172144,0.8399540978697811,0.000471130682740012,0.0012830356283769389,"[0.3691384826894623, 1.3107697130501]",0.024660077868149166,0.9338701371399349,0.9892015094756179,"[-0.5578277323915501, 0.6071478881278485]",23.905805441046073
3177.0,24.0,0.0037164938594928063,0.01186241257418706,0.9989531628317663,0.00013387750712901962,0.0004273140987201392,"[0.48630523290291106, 1.5116010927606216]",0.0020968190896839545,0.9938516440300957,0.999042938587908,"[-0.5312206536343907, 0.5354142918137587]",23.991990741050575
3178.0,24.0,0.00042525648957632067,0.002604142618348565,1.035586044373527,2.0408023928732277e-06,1.2497258988813396e-05,"[0.6082191302674445, 1.4629529584796095]",0.017377116106195523,0.9367015534078118,0.9892015094756179,"[-0.41148381457324773, 0.4462380467856388]",23.933624305800414
3179.0,24.0,0.0015967436387952243,0.0064152014415236,1.3465037630940613,2.8715015063667367e-05,0.00011536767803803683,"[0.7156572604580907, 1.9773502657300317]",0.2498973815845753,0.31215405485160896,0.757560761484743,"[-0.23470122589570797, 0.7344959890648586]",23.04546231492224
3180.0,24.0,0.006397624016609945,0.018190571557037093,0.9888736457534644,0.0003427721272789623,0.0009746150903581527,"[0.4475837194029533, 1.5301635721039755]",-0.19951813986238687,0.49049939496818606,0.8697731756428894,"[-0.7666537507368466, 0.36761747101207287]",0.7621031566943759
3181.0,24.0,0.29575533306441143,0.5286064934127104,0.5393586241237754,0.10849535912289218,0.19398419296065114,"[-0.11928818602717683, 1.1980054342747277]",-0.18123483425779696,0.779016176528272,0.9596392629361795,"[-1.4471365891404315, 1.0846669206248376]",0.6922660735816503
3182.0,24.0,0.0031219111589054116,0.010392513844558627,0.8930246349878759,9.856251483237634e-05,0.0003281042437828773,"[0.44355120202530923, 1.3424980679504426]",-0.2917437528509632,0.2712530668463835,0.7208503448702059,"[-0.8114827859671121, 0.22799528026518567]",1.1143790491778647
3183.0,24.0,0.005569331815701755,0.016237118996215025,0.9580414553541033,0.0002711037801736996,0.0007903900296609317,"[0.44238827382885915, 1.4736946368793475]",0.27281999610751306,0.3363917667703268,0.7767069193496348,"[-0.2834129844801393, 0.8290529766951654]",22.957904377084265
3184.0,24.0,0.0005346538440365986,0.0030326366649835426,1.1793896293535362,3.30074923754741e-06,1.873296956610335e-05,"[0.6824035526184986, 1.6763757060885738]",0.2094372716537487,0.3469716954399179,0.7866055212875037,"[-0.22703108253682908, 0.6459056258443265]",23.20000855076702
3185.0,24.0,0.0006079899925519351,0.003298914772392486,1.042055551661978,4.313218337353471e-06,2.33905549748019e-05,"[0.597640928328149, 1.4864701749958071]",-0.321677326099425,0.15171049420577254,0.5604377325665776,"[-0.7614883034639486, 0.11813365126509856]",1.2287168767033692
3186.0,24.0,0.0026298198158299754,0.009183629401628696,1.1165386157983697,7.213605195387606e-05,0.0002520477007472958,"[0.5651894686170976, 1.6678877629796416]",-0.10710904555981138,0.6822157636131272,0.9356843168376249,"[-0.6198316774119881, 0.4056135862923653]",0.4091264172167761
3187.0,24.0,0.0006147159502714901,0.0033174093376766873,1.1604431142815557,4.441590785382769e-06,2.3943885635486626e-05,"[0.6648789355534281, 1.6560072930096832]",0.5413180292936044,0.014687302702863213,0.15188523994687916,"[0.10649660393817872, 0.9761394546490301]",21.932317436475827
3188.0,24.0,0.005556859279941547,0.016212370339869903,1.000415299731853,0.0002704732370464483,0.000789242010640351,"[0.46204356204115615, 1.5387870374225496]",-0.34893096848466154,0.21723658484041097,0.6560394760937431,"[-0.9031791248020448, 0.20531718783272168]",1.3328181223722297
3189.0,24.0,1.8563604633424327e-06,0.00017188522808726228,1.4056187068168886,9.16922841055155e-13,8.49002630606625e-11,"[1.0199011924323, 1.7913362212014772]",0.16104534314838137,0.26741785709157884,0.7164035664938894,"[-0.12356686693679497, 0.4456575532335577]",23.384852101824112
3190.0,24.0,0.0002573153032886826,0.0018837137868864028,1.1997739495723283,6.932037378193049e-07,5.074697934255526e-06,"[0.7259896537942335, 1.673558245350423]",-0.17953257332893813,0.3900438782007599,0.813966605760538,"[-0.5889123358194734, 0.2298471891615972]",0.6857639157914082
3191.0,24.0,0.04024489714604087,0.08819832817453621,0.8934193143037655,0.006329833668706498,0.013869048353870506,"[0.2520458708476283, 1.5347927577599028]",0.5303949553923406,0.15527645366035014,0.5680561322222348,"[-0.20109947325948674, 1.261889384044168]",21.974040505399287
3192.0,24.0,0.0035168744945701857,0.011355745865580193,0.8512999710500591,0.00012151047325461461,0.000392348961106279,"[0.4171360705065041, 1.285463871593614]",0.12709885994612335,0.6379322981834014,0.9251781493276053,"[-0.402254207703688, 0.6564519275959347]",23.514518116277518
3193.0,24.0,0.03153830417450952,0.07092040515967961,0.6628202886328517,0.004372719034659931,0.009837388154465537,"[0.20698509803900955, 1.1186554792266938]",-0.09088518670743095,0.8030529834353919,0.9647858690892128,"[-0.805132053659192, 0.6233616802443301]",0.34715584123961896
3194.0,24.0,0.0025665052236319968,0.00901160542005617,0.8931081981583308,6.897794176840782e-05,0.00024245322238456178,"[0.45327027050741603, 1.3329461258092454]",-0.03130387779452004,0.9045712556498808,0.9831035725058099,"[-0.5430654872239307, 0.4804577316348906]",0.1195720053346196
3195.0,24.0,0.0034335370296386275,0.011155370060843389,0.95074389072518,0.00011652558628965688,0.00037882180198197947,"[0.46715508596506977, 1.4343326954852902]",-0.17683188747779433,0.5110311445846587,0.8782112812934503,"[-0.7041702277146429, 0.35050645275905423]",0.6754480557206591
3196.0,24.0,0.00014796923860686695,0.001360011384254292,0.9204439236529607,2.0147022683748926e-07,1.8500479966711594e-06,"[0.5733786485482875, 1.267509198757634]",-0.4606678098439243,0.019310792016812475,0.17997010267299604,"[-0.8466055861006228, -0.07473003358722585]",1.7596214174394682
3197.0,24.0,0.00011499547753248551,0.0011615704801261162,1.3785460928355386,1.1049801911224767e-07,1.1172701629145367e-06,"[0.8695750217138154, 1.8875171639572619]",-0.06157369880860841,0.7530501885509462,0.9552799279805988,"[-0.44515462285186125, 0.3220072252346444]",0.2351942047161978
3198.0,24.0,0.006139844469613982,0.0175826015739232,0.8433602516091945,0.00032066402252789835,0.0009182818514544626,"[0.38395165169591755, 1.3027688515224713]",0.36510991250196145,0.20176135748017587,0.6358396096706023,"[-0.19546553404122657, 0.9256853590451495]",22.605382863683122
3199.0,24.0,0.24525101065550695,0.4515761566111341,0.5064739722112412,0.08335779300065,0.1534851647958939,"[-0.06681808650629106, 1.0797660309287735]",0.11643947554443734,0.8460122867060131,0.9708072590103425,"[-1.0586721539949653, 1.29155110508384]",23.5552339655058
3200.0,24.0,0.0012544116433640827,0.005397640461979702,1.2574823820754004,1.8077849512274016e-05,7.782113436192e-05,"[0.682630135316707, 1.8323346288340938]",-0.11572606137716424,0.632704081043691,0.9223220313219056,"[-0.5903177688520221, 0.35886564609769367]",0.4420409931055623
3201.0,24.0,0.002638825509764335,0.009200925766263371,0.7341621269949763,7.264508833390476e-05,0.0002532952870777711,"[0.371478150063688, 1.0968461039262647]",-0.1710858345089301,0.5127179809320257,0.8794483405358456,"[-0.6833318368273473, 0.3411601678094871]",0.6534997501223567
3202.0,24.0,0.0007446549555566587,0.00377894609957658,1.2795092524017335,6.4866542828884216e-06,3.2943901893795946e-05,"[0.7234421022761406, 1.8355764025273265]",0.20762830965946222,0.3660041585120526,0.7998342624826325,"[-0.24253921638869325, 0.6577958357076177]",23.206918276605165
3203.0,24.0,0.25271894684494506,0.46302482016296276,0.3929705249570403,0.08694137567149086,0.15932082769193856,"[-0.05698111627003749, 0.8429221661841182]",0.11717994359855233,0.8467905647390557,0.9708072590103425,"[-1.0714877484677672, 1.3058476356648718]",23.552405585881463
3204.0,24.0,0.002099431257776876,0.00784834115056776,1.1371540453228979,4.775753081555091e-05,0.00017853282547869497,"[0.5890489350688239, 1.6852591555769718]",-0.10224685586765858,0.6888645726836462,0.9373185088522442,"[-0.6027512390498584, 0.3982575273145412]",0.39055422064661827
3205.0,24.0,0.017925811526629375,0.04298755761781625,0.9279482346500688,0.0018361287841441244,0.004403186532719723,"[0.3441812867739992, 1.5117151825261383]",0.2593644827607875,0.4345061594662044,0.8414139416464067,"[-0.39110574282135013, 0.9098347083429251]",23.00930065214755
3206.0,24.0,0.0009234274598535858,0.0043777404514221616,0.9759792794785588,9.953115795935999e-06,4.719316725628799e-05,"[0.543022690273607, 1.4089358686835105]",-0.17001803781887137,0.46881328098690644,0.8577935978397636,"[-0.6300181001965639, 0.28998202455882116]",0.6494210672077964
3207.0,24.0,0.004385611430533048,0.013460876072215749,1.0470867350933581,0.0001802297469864006,0.0005529625203478949,"[0.4991222105396852, 1.5950512596470312]",0.4602671260471025,0.0921576521891776,0.4401628972652144,"[-0.07538632841267845, 0.9959205805068835]",22.241909081925677
3208.0,24.0,0.0001977391605820611,0.0016161298767611255,1.0824076229695667,3.850317748831686e-07,3.1482565403366197e-06,"[0.664481901107786, 1.5003333448313474]",-0.06036717599554553,0.7680309408142649,0.9583740532091365,"[-0.46150938634716526, 0.3407750343560742]",0.2305856270445475
3209.0,24.0,0.01308561643240591,0.03261619250350426,0.8229954813403642,0.0011158011965237138,0.0027811595127709716,"[0.32813263408405674, 1.3178583285966716]",-0.32106327619680464,0.310212355125871,0.7561717851819718,"[-0.9411726579970812, 0.2990461056034719]",1.226371378847998
3210.0,24.0,0.00735627388195127,0.020215097229874333,0.7163755793422929,0.0004337051194556351,0.0011921526098285736,"[0.3173419335362264, 1.1154092251483594]",-0.22352134638753718,0.44744645476823586,0.849141708329871,"[-0.8002040770542072, 0.3531613842791328]",0.8537886519391753
3211.0,24.0,0.04498102890358789,0.09757273081038588,0.7569855423868321,0.007439977882047091,0.016138780655199764,"[0.2026515542952757, 1.3113195304783885]",0.24176188782576702,0.5317088990399148,0.8853843137902733,"[-0.5159051764349372, 0.9994289520864712]",23.07653761203122
3212.0,24.0,0.0008848640564599234,0.004241917816202892,0.8434371563658392,9.173125317847086e-06,4.393259251842474e-05,"[0.4707633016348461, 1.2161110110968323]",0.2878685793101514,0.21631897198871963,0.654718438222517,"[-0.16847497520222038, 0.7442121338225232]",22.900423023406756
3213.0,24.0,0.0002835153085764716,0.0020078987859523485,0.9483887037304995,8.557933233109946e-07,6.073763827615292e-06,"[0.5707506589269233, 1.3260267485340758]",-0.08947212572624785,0.6715402839686757,0.9337323192000497,"[-0.5030279445525263, 0.32408369310003055]",0.34175834587852516
3214.0,24.0,0.0011618804498768822,0.00512745123511422,0.8778433358479029,1.55775236954355e-05,6.880531667595186e-05,"[0.4796030190549364, 1.2760836526408692]",0.002295885634796768,0.9923846143789352,0.999042938587908,"[-0.4691587491811186, 0.47375052045071214]",23.99123036285876
3215.0,24.0,0.00023185724147401312,0.0017746761673797442,1.304738147356558,5.510708154993723e-07,4.2195315122463426e-06,"[0.7940684927421859, 1.81540780197093]",-0.20647859787406642,0.31820127533966547,0.7616455130430415,"[-0.6119147944173773, 0.1989575986692445]",0.7886901478641932
3216.0,24.0,2.3456364724478913e-07,8.947099647922045e-05,1.6867669702952135,4.222258261751423e-16,1.6239454852890089e-13,"[1.2802251648208776, 2.0933087757695494]",-0.04793851389354309,0.7075215889940705,0.943613748991825,"[-0.29836783344281986, 0.20249080565573369]",0.18311163481528522
3217.0,24.0,0.001587115727577084,0.006384214511573146,1.1861071865629984,2.8434574168413632e-05,0.0001143788180547612,"[0.6307036197293395, 1.7415107533966574]",-0.3152806935009167,0.20079917889030163,0.6343372390294133,"[-0.7983178495775622, 0.16775646257572885]",1.2042835399706806
3218.0,24.0,0.0012714085445606617,0.005439526062971616,1.0688860155692947,1.8545683379921458e-05,7.94247682223617e-05,"[0.5796014261557214, 1.558170604982868]",0.0824942354561049,0.7338105861078053,0.9521036780455013,"[-0.39296671836992664, 0.5579551892821364]",23.68489523161378
3219.0,24.0,0.04847214272140107,0.10442081585825305,0.7653724117861621,0.008330350791155038,0.017945607046865656,"[0.19680263513911256, 1.3339421884332117]",0.4990000880349337,0.19726353183772183,0.6296120419227944,"[-0.2595170202645314, 1.2575171963343987]",22.093960065262785
3220.0,24.0,0.00014492374460718202,0.0013450260109037478,1.3660276430655707,1.8959448672297752e-07,1.7603944913925489e-06,"[0.8520650869675203, 1.879990199163621]",-0.06877067376712986,0.7302099778622685,0.9506810952450392,"[-0.4596348708246335, 0.3220935232903738]",0.26268462407517246
3221.0,24.0,0.00013625329282198178,0.0012976504078283978,1.1480425674136763,1.645358053186465e-07,1.5670076697013953e-06,"[0.7182611466824422, 1.5778239881449103]",-0.13790388277281007,0.4865833480847711,0.8684336035780316,"[-0.5263844672945698, 0.25057670174894964]",0.5267540307565919
3222.0,24.0,0.0007086568927343269,0.003677513714241447,1.1191680665009718,5.9021765552620845e-06,3.061294893808135e-05,"[0.6349307307630451, 1.6034054022388986]",0.395319698112262,0.081344730826959,0.41620122333378334,"[-0.04922456968713351, 0.8398639659116575]",22.489989982652105
3223.0,24.0,2.6890790176673657e-05,0.0005151492371010278,1.0436290868116445,2.8737597318334897e-09,5.507314916620501e-08,"[0.6991947627556523, 1.3880634108676366]",0.05290875144352736,0.7623390561081909,0.9565635162989086,"[-0.28999999156025924, 0.39581749444731396]",23.79790345619861
3224.0,24.0,0.0003317739518758567,0.0022103527773208306,1.01845755017779,1.2025199707470305e-06,8.011458832425252e-06,"[0.6073249281270943, 1.4295901722284856]",0.017619223909205672,0.9343939078440641,0.9892015094756179,"[-0.4018890188392043, 0.43712746665761565]",23.93269952211377
3225.0,24.0,0.0005011175551416035,0.002905029305168716,1.1425953784997624,2.877850297053617e-06,1.669286715228316e-05,"[0.6640149081356574, 1.6211758488638675]",-0.005636643107642669,0.9797516917896208,0.9967274161587315,"[-0.4409212645528602, 0.42964797833757484]",0.021530390712628637
3226.0,24.0,0.0007200906133960678,0.0037015223380453275,1.1153349697110109,6.050739489650111e-06,3.110920046092602e-05,"[0.6321956323189973, 1.5984743071030243]",0.0956134441416081,0.6769894299809659,0.9341755514903409,"[-0.35424309492766115, 0.5454699832108774]",23.634783545731732
3227.0,24.0,0.004699477840450226,0.014163586017029014,1.2422842836823578,0.00020305859113074732,0.0006119909316779606,"[0.5869103733637101, 1.8976581940010053]",0.42579205040538426,0.12299894610663072,0.5087252596443482,"[-0.11530446553030471, 0.9668885663410732]",22.37359417076999
3228.0,24.0,1.231557325504429e-05,0.0003508710329072447,1.1543143173434154,3.3251189502858657e-10,9.473273362637795e-09,"[0.794218237012333, 1.5144103976744978]",0.18819171125492762,0.25394906258768546,0.7028320324442785,"[-0.13513033727803586, 0.5115137597878912]",23.281160613716533
3229.0,24.0,0.0004403327227421755,0.0026638398230016667,1.325647584824885,2.2113448653705053e-06,1.3377766880644315e-05,"[0.7766985679737525, 1.8745966016760174]",-0.34294061671063236,0.11512888985136521,0.49715946948138906,"[-0.7695535723485503, 0.08367233892728548]",1.3099366640755246
3230.0,24.0,0.0002414360795963662,0.0018098656641406764,1.2517683397054213,6.078730639650477e-07,4.546544981039997e-06,"[0.7599726000596556, 1.743564079351187]",0.44373219576389555,0.030731851681814287,0.24035397331261973,"[0.04119203169982699, 0.8462723598279641]",22.305067863243732
3231.0,24.0,0.032764526920580656,0.07331511953587079,0.7926310678948124,0.004649396852776834,0.010396683481164655,"[0.24375319453714028, 1.3415089412524845]",0.45022576170475226,0.2134213353270369,0.6528941281946071,"[-0.2589989260049712, 1.1594504494144757]",22.280264268417
3232.0,24.0,0.008701357815933822,0.02317272387732043,1.066902770392828,0.0005724506442526007,0.0015245023814982708,"[0.45979381510926365, 1.6740117256763924]",0.03641915444480048,0.9039151500006648,0.982851517978372,"[-0.5548828050822519, 0.6277211139718528]",23.860889077125186
3233.0,24.0,0.0052619737434733095,0.015485957153224813,1.0651688419250929,0.0002469359919961,0.0007269237326938475,"[0.49560400724955755, 1.6347336766006282]",-0.4615254892645675,0.09835751279019522,0.45578087483871743,"[-1.0088001356550245, 0.08574915712588949]",1.7628975115046734
3234.0,24.0,5.590187904920762e-07,0.00012152582402001657,1.9088538467648095,1.3110951562757613e-14,2.8502068614690462e-12,"[1.4232716487936794, 2.3944360447359396]",-0.6060388416639748,4.090269595909086e-06,0.0004928035657721791,"[-0.8638814342180047, -0.34819624910994496]",2.314897856556194
3235.0,24.0,0.00014447297571998146,0.0013435704982936766,1.286170634876688,1.8818359875214335e-07,1.750545104671101e-06,"[0.8023826697047548, 1.769958600048621]",0.038106274496970904,0.8484596212736356,0.9708072590103425,"[-0.35275243164527265, 0.42896498063921445]",23.85444475322377
3236.0,24.0,0.03832304317697665,0.08437481985243649,0.7829468076193605,0.005860628052316245,0.01290318813808068,"[0.22603906554931508, 1.3398545496894059]",0.15300271816819944,0.6844434025805219,0.9369519542512278,"[-0.5848773915498338, 0.8908828278862326]",23.41557266632884
3237.0,24.0,8.418071808098843e-05,0.000975442851459889,0.9569727337554275,5.275199101318167e-08,6.112629317865779e-07,"[0.6122999463561418, 1.301645521154713]",-0.2728329826164053,0.15081423223561685,0.5585712305022846,"[-0.6450451304036622, 0.09937916517085155]",1.0421452277257455
3238.0,24.0,0.0009271363043466898,0.0043828559823815266,1.2548854078746658,1.002014269522233e-05,4.739897206822294e-05,"[0.6980196752876913, 1.8117511404616404]",0.08917405306651283,0.7045229455705024,0.9423077547908834,"[-0.37171136156771906, 0.5500594677007447]",23.659380207814213
3239.0,24.0,0.00049103286186236,0.002869858923801052,1.2275169662364123,2.7587624873977033e-06,1.6142554051478662e-05,"[0.7143163343099056, 1.7407175981629188]",-0.027990746708963954,0.8995142800976399,0.9819188762660309,"[-0.4624462980482713, 0.4064648046303434]",0.10691677678955555
3240.0,24.0,0.0013468405529637336,0.00567165895278085,1.1318743079061326,2.07443039819277e-05,8.734383355157358e-05,"[0.6107147883532308, 1.6530338274590344]",-0.1802484676007543,0.4592185464196177,0.8538254125769235,"[-0.6575679689100826, 0.297071033708574]",0.6884984304815854
3241.0,24.0,0.03887597109752618,0.0854472114979399,0.7227998465750917,0.00598546539971962,0.013160653913191777,"[0.20738336310376226, 1.238216330046421]",0.10625262893641363,0.7785090230108331,0.9596363723535175,"[-0.6341634599141274, 0.8466687177869546]",23.59414485331826
3242.0,24.0,0.01795490497204456,0.043047003049735216,0.736174026783894,0.0018380487224084704,0.0044067339304926165,"[0.27300531632032377, 1.199342737247464]",0.11758568669787461,0.7241995148018805,0.9485258871013498,"[-0.535560145561471, 0.7707315189572203]",23.55085576140428
3243.0,24.0,3.267585948020223e-05,0.0005742681806713924,1.1764919376614247,4.8198910547122365e-09,8.47081028947669e-08,"[0.7825445792074877, 1.5704392961153617]",-0.09575441495072834,0.589404640906054,0.9077706636973603,"[-0.44349493382426136, 0.2519861039228047]",0.3657549230947416
3244.0,24.0,0.0018920969757466252,0.0072689088580354414,0.9938442336963581,3.9397625201287885e-05,0.0001514128562693616,"[0.5200163534942415, 1.4676721138984747]",-0.1406860362450857,0.577275422158406,0.9031296370066316,"[-0.6354025037300577, 0.35403043123988637]",0.5373810742178625
3245.0,24.0,0.0076791806868490966,0.020947028605698574,1.0833159556440985,0.00046513899899683266,0.0012687915957360412,"[0.47668200248535186, 1.6899499088028453]",0.012579270401989362,0.9662063158808353,0.9940815958765544,"[-0.569360660566161, 0.5945192013701397]",23.951950726440813
3246.0,24.0,8.129679976630914e-05,0.0009587045446741855,1.1181551285300861,4.8257244542813486e-08,5.697431469045276e-07,"[0.7165980824298765, 1.5197121746302957]",-0.1327838092226088,0.4850091939968447,0.8677556500702994,"[-0.5054934813399607, 0.2399258628947431]",0.5071967904083854
3247.0,24.0,0.0181164741473686,0.04339275244878707,0.8601534683294572,0.0018729642413768328,0.004485067627818085,"[0.31801562721495813, 1.4022913094439562]",-0.47751983498105854,0.1464180396957111,0.5479717054480207,"[-1.1219605768368284, 0.16692090687471128]",1.823991411879879
3248.0,24.0,1.9633487798707833e-05,0.000437361891599441,1.3753268650237958,1.2252053562516116e-09,2.7348333844902045e-08,"[0.9317476192591556, 1.818906110788436]",-0.050832103625086944,0.7662372365100607,0.9575323787835143,"[-0.3859447331431108, 0.2842805258929369]",0.19416433343260894
3249.0,24.0,7.657692089785827e-05,0.0009323511532191524,1.3325752735902017,4.195572467480743e-08,5.110319692424778e-07,"[0.8561795116788558, 1.8089710355015476]",-0.29860760846065393,0.11277852721060433,0.4930798310047344,"[-0.667664325395233, 0.0704491084739251]",1.1405970463526962
3250.0,24.0,0.0002149101605107188,0.0016989406898011456,1.2927342203577346,4.639539674076242e-07,3.673428087154586e-06,"[0.7900782831216739, 1.7953901575937952]",-0.025008951833786597,0.9034467274443468,0.982851517978372,"[-0.42907515621130277, 0.3790572525437296]",0.09552715934146218
3251.0,24.0,0.06368027627139651,0.13364171305644598,0.6486149415362238,0.012396497561683206,0.026015734652010927,"[0.14024272473417498, 1.1569871583382727]",-0.42703914463344717,0.2977698568513495,0.7470401704647027,"[-1.230879936284527, 0.37680164701763263]",1.6311693782915508
3252.0,24.0,0.0020584886674365655,0.007724160102951465,1.0149225692182158,4.60515937923874e-05,0.00017299622010663937,"[0.5267499054116704, 1.5030952330247611]",0.10586877079181889,0.6777996603261685,0.934509389667956,"[-0.3935660811714176, 0.6053036227550554]",23.59561108342606
3253.0,24.0,1.0644869612323665e-05,0.00032956252669732707,1.6804109623223926,2.221859972009482e-10,6.878823442753813e-09,"[1.1613473068426619, 2.1994746178021236]",-0.4860731978187447,0.0025438484154699376,0.04978176938297334,"[-0.8017331959791603, -0.17041319965832918]",1.8566628512961096
3254.0,24.0,0.0031653275184368875,0.010498598734450705,0.9633305515885974,0.00010132883673886699,0.0003359709440943866,"[0.4776333876567328, 1.449027715520462]",0.42053537690080844,0.1110726167726402,0.48866087449467754,"[-0.09674786015830883, 0.9378186139599257]",22.393673184509353
3255.0,24.0,7.4871548999813e-05,0.0009237711749710809,1.2892032968374099,3.951294654597596e-08,4.884171390108277e-07,"[0.8292023535415218, 1.749204240133298]",-0.1608775274915928,0.3941998371560732,0.8163177410562709,"[-0.530953413528128, 0.20919835854494234]",0.6145068895845427
3256.0,24.0,6.121026070866647e-05,0.0008173507895384916,1.005544976991943,2.4022375392062483e-08,3.2158467726991274e-07,"[0.6523627921393107, 1.358727161844575]",0.1356438879293922,0.465772242142389,0.8568289958469261,"[-0.22885598799206752, 0.5001437638508519]",23.48187851366002
3257.0,24.0,0.014444773621743621,0.035578260152077885,0.8323683188376252,0.0013031360358181253,0.003211276579147672,"[0.32497619471209416, 1.3397604429631562]",0.09603129635933616,0.7662199749827342,0.9575323787835143,"[-0.5370106303359927, 0.729073223054665]",23.633187467829334
3258.0,24.0,0.00023456937087189023,0.0017837974971246404,1.2503771469885603,5.654922846331792e-07,4.30032155614585e-06,"[0.7604973881960386, 1.740256905781082]",0.20782620190507917,0.315513968802567,0.7593728018978254,"[-0.19799632442090215, 0.6136487282310605]",23.206162383907017
3259.0,24.0,0.00015623620180567395,0.0014050018147992263,0.9985326002483742,2.2552274522100037e-07,2.0280822411960466e-06,"[0.6204950080289067, 1.3765701924678417]",0.10008775211676202,0.6177972799724019,0.9174210890671123,"[-0.293055286693562, 0.49323079092708605]",23.617692948183866
3260.0,24.0,0.03864507663484215,0.08504638343935332,0.7877061652606931,0.00593163460823542,0.013053773345588512,"[0.22661038520916998, 1.3488019453122164]",0.07116259196247565,0.8504939011611174,0.9708072590103425,"[-0.6688097630247368, 0.8111349469496881]",23.728178921422572
3261.0,24.0,0.0685470082563801,0.14310440137031338,0.5592888058361748,0.01375148219018718,0.028714725809536813,"[0.11435225871329163, 1.004225352959058]",0.07423952619162755,0.8602363556642313,0.9721283259851184,"[-0.7521594591086597, 0.9006385114919148]",23.716425898411252
3262.0,24.0,4.003654299441006e-05,0.000646264206456689,1.3071067375713998,8.260958590294024e-09,1.3302670837832567e-07,"[0.862570563779218, 1.7516429113635816]",0.3497920456634871,0.05030121396105129,0.32327258329724484,"[-0.0004593408195185944, 0.7000434321464928]",22.66389280508232
3263.0,24.0,0.004421014315730903,0.013544774251626542,1.1271963499610893,0.00018149682069983818,0.000556397365726052,"[0.5370314253833258, 1.717361274538853]",0.007969543358586684,0.977097738584572,0.9957551385113054,"[-0.5361365298375399, 0.5520756165547133]",23.969558586727096
3264.0,24.0,0.0455416376994147,0.09868177182971766,0.6701115157147618,0.007571992511466738,0.016403796601964338,"[0.17831064720653733, 1.1619123842229864]",0.15753479719268704,0.6850393060203536,0.9370333060910837,"[-0.603721133867421, 0.9187907282527951]",23.398261399627312
3265.0,24.0,0.03784620346082922,0.08345359087283179,0.7110509112912959,0.005754546720580475,0.01268690747175942,"[0.20637598379382704, 1.2157258387887648]",-0.20452977623102697,0.5856108922166297,0.9069222328018148,"[-0.9397931006987081, 0.5307335482366542]",0.7812461975195325
3266.0,24.0,0.0012996390417081105,0.0055269686734689145,1.185276416139958,1.9386207941301548e-05,8.242435349192835e-05,"[0.6414601161741021, 1.7290927161058138]",0.21565898015704654,0.3736716104302896,0.8058196345601851,"[-0.25947117760237215, 0.6907891379164652]",23.176243374860377
3267.0,24.0,0.00023406815221408027,0.0017837974971246404,1.205666193811583,5.610751303067924e-07,4.2797492777024595e-06,"[0.7334461730556721, 1.6778862145674938]",0.021948146244455735,0.9158285150548213,0.986565242976216,"[-0.3850693475221207, 0.42896564001103216]",23.916164256803786
3268.0,24.0,0.00025935196041268537,0.001889871304371142,1.0468705540736878,7.085656705851989e-07,5.160711366243255e-06,"[0.6331121091430565, 1.460628999004319]",-0.3248211372355323,0.11824377394086766,0.5018408404982798,"[-0.7323507346639527, 0.08270846019288813]",1.2407253506823808
3269.0,24.0,2.2758513871573135e-06,0.00018965428226310946,1.509475354569994,1.8097947271012855e-12,1.5081622725844046e-10,"[1.0897325784710752, 1.9292181306689127]",0.08054805388613762,0.5846699771601067,0.9064650808683825,"[-0.20828872143920563, 0.36938482921148086]",23.69232909762213
3270.0,24.0,9.975871137750352e-05,0.0010723749873180883,1.2603332296127674,7.995031519514857e-08,8.57835999947946e-07,"[0.8000953043625252, 1.7205711548630096]",-0.45671396164383093,0.016650019855810893,0.16517876841082235,"[-0.8305708734071018, -0.08285704988056003]",1.7445188297927516
3271.0,24.0,7.078513016626726e-07,0.00012239946415804818,1.5475465249481335,3.0408071683853346e-14,5.330385558178043e-12,"[1.1482696024035857, 1.9468234474926813]",-0.0976700812454867,0.47493517092962967,0.8615157119619586,"[-0.3656018656400807, 0.17026170314910727]",0.37307222933774953
3272.0,24.0,0.01117692024486549,0.02852634560585789,0.7712875214425053,0.0008642837003675503,0.0022061894264948866,"[0.31750769443463606, 1.2250673484503747]",0.24644862627331765,0.42740386706923594,0.836119601169068,"[-0.3621764514075786, 0.8550737039542139]",23.058635589849466
3273.0,24.0,0.001034912884662383,0.004740782797354023,1.0346645781083228,1.2452825954452016e-05,5.707069639987175e-05,"[0.5705604925404368, 1.4987686636762088]",0.16579537561104907,0.48482675035680944,0.8677556500702994,"[-0.2993797602123683, 0.6309705114344664]",23.366708314313378
3274.0,24.0,0.00036103084267990543,0.002338282659843947,1.1074642371912637,1.4439633695208385e-06,9.352094362181597e-06,"[0.6570258182486359, 1.5579026561338916]",-0.15583888937393287,0.4690926653256443,0.8578574563604952,"[-0.5777409850153914, 0.26606320626752566]",0.595260709675499
3275.0,24.0,1.3178985351131223e-05,0.0003591004182869543,1.4586683424560798,4.0342412254569237e-10,1.0992482903152379e-08,"[1.001435667841327, 1.9159010170708326]",-0.1878467674109734,0.2571091279310945,0.706034507547217,"[-0.512728990408789, 0.13703545558684233]",0.7175217978549593
3276.0,24.0,0.01370673111839753,0.03398643966872683,0.9110612949424369,0.0012075168143745251,0.0029933485730652583,"[0.3594416054450795, 1.4626809844397943]",0.6479883824784993,0.03791043761249101,0.27175940940853766,"[0.03616616007705575, 1.259810604879943]",21.524866700698205
3277.0,24.0,0.0007915579054873633,0.003934184420911349,1.083680941169643,7.3282029046294284e-06,3.6440591271155785e-05,"[0.6099943686146148, 1.5573675137246714]",0.18215899166645322,0.43072981827770074,0.8389751037742516,"[-0.27095104987927543, 0.6352690332121819]",23.304203905143567
3278.0,24.0,0.018569648076951214,0.044371918941341015,0.9174116319281088,0.001937450860702322,0.004630618691927156,"[0.33731713982675504, 1.4975061240294627]",-0.10758017294043487,0.7480901464650345,0.955099432803589,"[-0.764119386146768, 0.5489590402658983]",0.4109259912516281
3279.0,24.0,0.003836457765758471,0.012159929526968212,1.0664878581388475,0.00014176823042705086,0.0004494870971054244,"[0.5171466476012845, 1.6158290686764105]",0.16989381053345554,0.5330056041583928,0.8862746992989571,"[-0.3642298106514793, 0.7040174317183904]",23.351053446069184
3280.0,24.0,0.001490247859672097,0.0060925914132138066,0.9442208293808969,2.5278799918612842e-05,0.00010330527142874066,"[0.5048787638136312, 1.3835628949481626]",-0.3755417298035706,0.12404167983965378,0.5106697399738731,"[-0.854107848938596, 0.1030243893314548]",1.4344637432524612
3281.0,24.0,0.0009534768843746172,0.004461754255379585,0.9553532680092937,1.061247458299079e-05,4.966062041642859e-05,"[0.530210359680322, 1.3804961763382653]",0.2157590328133896,0.35881270771727714,0.7955885940263016,"[-0.2450803282274331, 0.6765983938542123]",23.175861201864542
3282.0,24.0,4.528568495197041e-05,0.000695632641351312,0.936743516757405,1.1269325147120179e-08,1.7310791316620858e-07,"[0.6152292684103833, 1.2582577651044267]",0.22271284759211518,0.2193030536057805,0.657423017751728,"[-0.13263967392785536, 0.5780653691120857]",23.14929958597543
3283.0,24.0,0.005935411004975415,0.017109861645936624,0.8771747221259785,0.00030175936995431986,0.0008698742287527238,"[0.4014322845793535, 1.3529171596726035]",0.18472184956126458,0.5195644626693616,0.8824124705661712,"[-0.3774499839689691, 0.7468936830914983]",23.294414509085936
3284.0,24.0,0.004038858085415071,0.012615670238638098,0.9148689693735843,0.0001560364167982129,0.0004871570927199904,"[0.44065929110844204, 1.3890786476387267]",0.44636149535109126,0.09944148246933214,0.4578337130263911,"[-0.0846349755546214, 0.9773579662568039]",22.29502467861561
3285.0,24.0,0.012207303549602868,0.03075662269993164,0.7867408046271653,0.0009954845031377117,0.0025087815099236687,"[0.318309023557479, 1.2551725856968516]",-0.14260970000496442,0.6509629938123505,0.9299133911664488,"[-0.7604137727045093, 0.4751943726945804]",0.5447289285274172
3286.0,24.0,0.005085266080785187,0.01510325536318737,0.5820181950021572,0.00023330658942515166,0.0006918938001932137,"[0.27202925073851103, 0.8920071392658034]",0.5637838805015827,0.041277012016310954,0.28744437337263895,"[0.022314646926455906, 1.1052531140767095]",21.846504205983425
3287.0,24.0,0.3693040092042267,0.6255149207388663,0.6049174602951882,0.14885117002981718,0.2521555714317874,"[-0.21637334060014357, 1.42620826119052]",0.3496399838897908,0.6240658855466789,0.9195245607783346,"[-1.0486199736296642, 1.7478999414092458]",22.66447363827286
3288.0,24.0,0.8415844610646184,0.9590396422312353,0.18157255087975868,0.5555389103077059,0.6330927752794369,"[-0.42213798597007945, 0.7852830877295968]",0.3047774718864229,0.8618014524116298,0.9726270526004133,"[-3.1266787388752686, 3.7362336826481144]",22.83583581134939
3289.0,24.0,0.010924696559917789,0.027983341598150073,0.8783818973429904,0.0008320669805997804,0.002131779652555537,"[0.3632269525960389, 1.3935368420899419]",0.17634223072165156,0.5697513621740895,0.90036561658358,"[-0.43170429928527254, 0.7843887607285757]",23.326422295315144
3290.0,24.0,0.0002408057524928449,0.0018064947673881837,1.3629976596161721,5.980793983573031e-07,4.490085573253026e-06,"[0.8278386179305498, 1.8981567013017946]",0.11770975013544671,0.5713885800416804,0.9008246509973031,"[-0.28989405317919165, 0.525313553450085]",23.550381873979962
3291.0,24.0,0.00014050764408580002,0.0013288561892403018,1.0174296584752187,1.765388862100049e-07,1.6727155707061991e-06,"[0.6355949767676197, 1.3992643401828178]",-0.08823059730579264,0.6572928909637031,0.9301211184160023,"[-0.47801377256549316, 0.3015525779539079]",0.3370160566360167
3292.0,24.0,0.0007487318523500693,0.0037891288074396222,0.9665694049927913,6.601334545284972e-06,3.334007346103521e-05,"[0.5461573556206558, 1.3869814543649268]",-0.43247180303431865,0.057334097744865635,0.346929377190324,"[-0.8784151854671592, 0.013471579398521949]",1.6519206048186326
3293.0,24.0,0.000413041964789206,0.0025591199801066047,1.011741621102922,1.9193763995556645e-06,1.1893658107028692e-05,"[0.595301389948256, 1.428181852257588]",-0.05377018845862125,0.8053503650503643,0.964880279922775,"[-0.4814298647941753, 0.3738894878769328]",0.20538699082013645
3294.0,24.0,0.0015582890665395018,0.006288495022354729,1.0600901591514744,2.7336134989576524e-05,0.00011031531472791172,"[0.5647528823636746, 1.5554274359392743]",-0.01809947177568194,0.9417616923675745,0.9896612992513393,"[-0.5036776127183245, 0.4674786691669606]",0.06913488961084861
3295.0,24.0,0.011293056197895928,0.028757464216694496,0.9139750569397174,0.0008771677290569717,0.0022336840566767806,"[0.37558034651570493, 1.45236976736373]",0.020855241093462595,0.9467625837744396,0.9904370601691201,"[-0.5913030964086631, 0.6330135785955883]",23.920338846974452
3296.0,24.0,0.0008533275947183437,0.004138725576219207,0.9896208407738828,8.529879313668125e-06,4.138654529077592e-05,"[0.5538913088627637, 1.4253503726850019]",0.26387461938447476,0.25586579309686086,0.7048644437930052,"[-0.19130673171804558, 0.7190559704869951]",22.99207319924324
3297.0,24.0,2.7669958566446856e-05,0.0005210914984264944,1.3847570777577998,3.1225779168683348e-09,5.8805610487162614e-08,"[0.9266871276228619, 1.8428270278927377]",-0.2703388840348575,0.1211925085563679,0.5060230002353566,"[-0.6122273353968171, 0.07154956732710205]",1.0326184728982617
3298.0,24.0,0.00010134387775743311,0.0010796615289939825,1.2106101916986836,8.187462642266243e-08,8.728638211371261e-07,"[0.7681758405860322, 1.653044542811335]",0.004521727654351437,0.9813835256414207,0.9969357229189564,"[-0.3752789249630634, 0.3843223802717663]",23.982728272619873
3299.0,24.0,0.010191010029732784,0.026456412330562784,0.9970054070096975,0.0007451327557492203,0.0019349071818987804,"[0.41756982557655753, 1.5764409884428376]",-0.36293739050541074,0.2343385218215267,0.675980281718279,"[-0.9610790623602431, 0.23520428134942162]",1.3863187135634314
3300.0,24.0,0.004938719505685232,0.014742446285627557,0.9490087827234737,0.00022023560817595214,0.000657091116876914,"[0.44556472135698477, 1.4524528440899624]",-0.19024416596845573,0.49763992465083384,0.8728067218963704,"[-0.740033911223417, 0.35954557928650555]",0.7266791857985919
3301.0,24.0,2.316700034947457e-05,0.0004766872499891887,1.1518683443446482,1.9632690379985983e-09,4.039648226334565e-08,"[0.7756495077471666, 1.52808718094213]",-0.5196958302127088,0.002225234120595574,0.04557402862192011,"[-0.8527410806659486, -0.18665057975946903]",1.9850918467823755
3302.0,24.0,0.00020167459350509568,0.0016369691031257766,1.2173467158224989,4.036697668071544e-07,3.276540314993136e-06,"[0.7464857328625224, 1.6882076987824752]",-0.20923918320646884,0.30600879150988114,0.7518643526041306,"[-0.6098723997171955, 0.19139403330425792]",0.7992348070996851
3303.0,24.0,0.0004083619548867325,0.002540615952438092,0.9460974509219983,1.890145048584459e-06,1.1754633386719271e-05,"[0.5569298248736007, 1.335265076970396]",-0.3984117909347793,0.06460288219511633,0.3700050526638965,"[-0.8209628389176228, 0.02413925704806419]",1.5218209419207578
3304.0,24.0,4.077770194277709e-05,0.0006534888131855303,1.3192807384604208,8.576795412314745e-09,1.3744864442812093e-07,"[0.8701106832649643, 1.7684507936558773]",-0.08269686223863815,0.6467141129394929,0.9293251815215532,"[-0.43633343582717815, 0.27093971134990186]",0.3158787456832503
3305.0,24.0,0.0024554660993907533,0.008744537390992712,1.1726262234979214,6.387403026756273e-05,0.00022739063818997057,"[0.5977656558206109, 1.7474867911752319]",-0.28833624876912545,0.2643418182224202,0.7140513728320373,"[-0.7946388056941257, 0.2179663081558748]",1.1013633423403377
3306.0,24.0,0.03808382197689667,0.0838850704336931,0.734763556698066,0.005814700739469996,0.012807710879889859,"[0.21261593782835142, 1.2569111755677806]",0.30446566015665333,0.41584847234167754,0.8288815882747501,"[-0.4289523344163666, 1.0378836547296733]",22.837026844423956
3307.0,24.0,0.01439979748198368,0.03549370836081755,0.6320356166760231,0.0012993014339417984,0.0032026163025432545,"[0.24686290889958645, 1.01720832445246]",-0.2786983535967549,0.38564762165775746,0.8110539041812019,"[-0.9083412106876919, 0.35094450349418216]",1.0645492945559147
3308.0,24.0,1.85025027872721e-05,0.0004245903507350816,1.3235587027645015,1.0418125675374585e-09,2.3949714196263414e-08,"[0.8984918354530593, 1.7486255700759437]",0.11954021840824236,0.48220030857287066,0.8655838249888451,"[-0.2138479048958336, 0.4529283417123183]",23.543390000209044
3309.0,24.0,0.0016721117701103327,0.006657209606368848,1.1311839875454976,3.1226168489227496e-05,0.00012438774103430515,"[0.5987868567120684, 1.6635811183789269]",-0.011970690079890822,0.9617412063114725,0.9938808419181301,"[-0.5010840676152828, 0.4771426874555012]",0.045724667962457756
3310.0,24.0,0.03999892085410321,0.087678476225566,0.7153113357316128,0.006250413791596207,0.01370404251610657,"[0.20258033965076327, 1.2280423318124623]",-0.22558934951999898,0.551278094108296,0.8939184893512985,"[-0.9676384398040713, 0.5164597407640733]",0.8616878420398351
3311.0,24.0,1.2904282481662153e-06,0.00015181508801955472,1.7426391137244714,2.6193877401735537e-13,3.0816326354982985e-11,"[1.2755699541484007, 2.209708273300542]",-0.06994851812251746,0.6224475128962801,0.9181262719709394,"[-0.3483824653013587, 0.20848542905632378]",0.2671836581076402
3312.0,24.0,0.0008488789719402274,0.004131902326030156,1.111633907210556,8.409972936706071e-06,4.0964310456434834e-05,"[0.6225159589428708, 1.6007518554782414]",0.04722367428943386,0.8395645978554038,0.9708072590103425,"[-0.4099583402502966, 0.5044056888291644]",23.819618851340998
3313.0,24.0,0.001676183374428433,0.0066677901333460545,1.0957266121160218,3.141063202871445e-05,0.00012499256676766593,"[0.5798511491784383, 1.6116020750536055]",-0.15902458509456707,0.5233052997423047,0.8837210016087154,"[-0.6473570833156937, 0.3293079131265596]",0.6074291709825141
3314.0,24.0,0.03225541444532327,0.07230534509151147,0.5785172408526214,0.004523957931776801,0.01014112963859404,"[0.17914102273198912, 0.9778934589732535]",0.10440473201476053,0.7752874169681823,0.9595896677274527,"[-0.6124223686329181, 0.8212318326624392]",23.60120329962399
3315.0,24.0,0.0003367860947853757,0.0022348115115154326,1.3026253464625732,1.252179875365908e-06,8.303580075370743e-06,"[0.7759088348485974, 1.829341858076549]",-0.36998048841937425,0.08131030678954058,0.41620122333378334,"[-0.7859833091494297, 0.0460223323106812]",1.4132213659079316
3316.0,24.0,7.608068445912409e-06,0.00028494638374203777,1.4423555549728677,8.132610598314729e-11,3.0566543239037544e-09,"[1.0073125165752543, 1.877398593370481]",-0.1806010233243276,0.2576021760684838,0.7063445279938547,"[-0.4932755012693826, 0.1320734546207274]",0.6898450941485141
3317.0,24.0,0.006715999088786269,0.01886516597973671,1.1685656636093678,0.0003715814324870955,0.0010437680687839762,"[0.5251169588714348, 1.8120143683473007]",0.07307562098094422,0.802281625907187,0.9644549957475566,"[-0.49892216468577755, 0.645073406647666]",23.72087168883295
3318.0,24.0,0.02960214252856179,0.06705939944901795,0.7628973214262808,0.003972309139395844,0.00900138032947166,"[0.24377636931633706, 1.2820182735362244]",-0.05131940647209099,0.8868693098735949,0.978668406393285,"[-0.7583306313281475, 0.6556918183839655]",0.19602569319781168
3319.0,24.0,0.01954164252113554,0.04643926454642476,0.7272676562777104,0.002097455840484673,0.004984448290125174,"[0.26387884231086706, 1.1906564702445537]",-0.020144323055140134,0.952451813316683,0.9918273594883713,"[-0.6822839430984629, 0.6419952969881826]",0.076945646147174
3320.0,24.0,0.0004003048367192569,0.0025113226895812856,1.074404301821991,1.8074292106740438e-06,1.1331844581028487e-05,"[0.633293534641889, 1.515515069002093]",0.32398078975311684,0.13363773326116898,0.5272070276323853,"[-0.09937174854345654, 0.7473333280496902]",22.762484540255407
3321.0,24.0,1.6864342559368756e-05,0.00041028872094084595,1.2648203812802192,8.065069204698361e-10,1.9645880188910533e-08,"[0.8613133828756615, 1.668327379684777]",0.15502850864694828,0.3585297777360992,0.7953189390774161,"[-0.17590174818179694, 0.4859587654756935]",23.407834716688164
3322.0,24.0,4.759440855620187e-06,0.0002413319386198876,1.5226953459096977,1.9440060211386405e-11,9.91839806703388e-10,"[1.0779332948664584, 1.967457396952937]",-0.1456341292006984,0.34626113666742864,0.7858981065298632,"[-0.4486895335623074, 0.1574212751609106]",0.5562813970841973
3323.0,24.0,0.006377924440937519,0.01814487749911101,0.888670822861094,0.00034052892710773096,0.000968918520681127,"[0.4024628310155335, 1.3748788147066544]",-0.06773984542559397,0.8153040092249036,0.966095377463714,"[-0.6361211225296532, 0.5006414316784653]",0.2587471498503407
3324.0,24.0,0.007843218171540727,0.02131309285744763,0.8029066551093508,0.00048310120668333467,0.0013124183827311455,"[0.35199311700175706, 1.2538201932169444]",0.2756989606732425,0.3517735124104362,0.7903246740292883,"[-0.30461276940288695, 0.856010690749372]",22.94690754248533
3325.0,24.0,0.0037547415509075594,0.01196921119192719,1.207914629876711,0.00013656324715628296,0.0004354695381259023,"[0.5872339891332649, 1.828595270620157]",-0.20382846971475033,0.45296497122956203,0.8510636664122461,"[-0.7361489131355853, 0.32849197370608463]",0.7785674039510209
3326.0,24.0,8.819625520660402e-06,0.0003071388681463553,1.2429750663772061,1.2562166262761286e-10,4.387342637384377e-09,"[0.8642370914095439, 1.6217130413448684]",0.058778263962175004,0.715926470063825,0.9464918959066962,"[-0.25779399743013426, 0.37535052535448427]",23.775483569857432
3327.0,24.0,0.015317018331602207,0.037385936860146955,0.9810827867265034,0.0014325349632186041,0.00349739981254542,"[0.37792144517318416, 1.5842441282798227]",-0.24320065517163325,0.4536169341977272,0.8510636664122461,"[-0.8792633078906607, 0.39286199754739415]",0.9289580744100708
3328.0,24.0,8.77337271107716e-06,0.0003071388681463553,1.3952970637358715,1.2391806398353654e-10,4.34800224503637e-09,"[0.970283216763399, 1.820310910708344]",-0.13641671985727744,0.39764426179182377,0.8188720382862928,"[-0.4525203977080012, 0.1796869579934463]",0.5210734868560325
3329.0,24.0,0.02040804910092658,0.04822317840483596,0.7528715613842871,0.002251304144815264,0.005319716788315841,"[0.2698450057805569, 1.2358981169880172]",-0.35825709031998443,0.28771561086989805,0.738579081276868,"[-1.0187221596862037, 0.302207979046235]",1.3684412837314832
3330.0,24.0,8.756903439478205e-05,0.0009945720984416964,0.8582936038797436,5.8292826073523554e-08,6.615436452330179e-07,"[0.5481466907218604, 1.1684405170376269]",-0.37820235581318773,0.04606995265887382,0.3048042435848638,"[-0.749808980005362, -0.0065957316210134564]",1.4446265860000476
3331.0,24.0,0.03200963722622698,0.0718510375448417,0.8477086134127398,0.00447237998825123,0.010041266251125348,"[0.2632503910560081, 1.4321668357694715]",0.11721061347559214,0.7482390882340229,0.9551071322423482,"[-0.5985391844192892, 0.8329604113704735]",23.552288435580625
3332.0,24.0,6.857838075190347e-05,0.0008747242442844831,1.4066929673860746,3.18152378794699e-08,4.058066056054834e-07,"[0.9082303564318687, 1.9051555783402807]",-0.11291907443008142,0.54745223846855,0.8926336841163378,"[-0.4808111029938932, 0.25497295413373033]",0.4313190927578185
3333.0,24.0,8.917917212091356e-05,0.0009999427103542717,1.293965557558696,6.029251246727597e-08,6.766836416080356e-07,"[0.8258670038063862, 1.7620641113110056]",-0.06630650455870235,0.7294932329991709,0.9506036395610776,"[-0.44212624084048924, 0.30951323172308454]",0.2532721910319065
3334.0,24.0,0.052724782399457805,0.11265979145183291,0.7702903455180925,0.009401936274850283,0.020089607424893765,"[0.18896827168163965, 1.3516124193545453]",-0.2825954306326546,0.47741864324137107,0.8630489258696656,"[-1.0621980951032766, 0.4970072338379674]",1.079435032328875
3335.0,24.0,0.00028511720599466646,0.002015479406079114,1.0730623074226329,8.687461166693506e-07,6.148238617617484e-06,"[0.6455252430343443, 1.5005993718109214]",-0.21804675480774804,0.30026593893603415,0.7495405365352824,"[-0.6306145154233649, 0.19452100580786885]",0.8328772524671904
3336.0,24.0,0.05208969120621651,0.11149334590371685,0.6688454227603965,0.00927218589667527,0.019846288306239874,"[0.1650070247180686, 1.1726838208027244]",-0.7027999015044184,0.06920912693061225,0.383582200383129,"[-1.4608752750362226, 0.05527547202738581]",2.6844978798942085
3337.0,24.0,0.0010667281334014735,0.004837184889481497,1.0736603458603513,1.3221961954033136e-05,5.996354627679426e-05,"[0.5906156163790776, 1.556705075341625]",-0.20328692390117808,0.3926354739771004,0.8161202951093336,"[-0.6693758599918541, 0.26280201218949795]",0.776498851315643
3338.0,24.0,0.00029580959337693034,0.002061390894612755,1.2692453657586025,9.457535957001512e-07,6.5860278252099665e-06,"[0.7618260241330169, 1.776664707384188]",0.3611560227305368,0.08539126445417604,0.4251236536262876,"[-0.05033209649541892, 0.7726441419564926]",22.620485610120628
3339.0,24.0,0.0024946573758919464,0.008848229758005682,0.9050322993894947,6.553975052935137e-05,0.00023265797135020008,"[0.46067731946987084, 1.3493872793091186]",-0.1099205780333623,0.672571253268027,0.9338966192307091,"[-0.6196917215842683, 0.3998505655175437]",0.4198656801966725
3340.0,24.0,0.0001198845150163742,0.001192880746431584,0.8449218516476475,1.222635993935243e-07,1.2165532277962616e-06,"[0.5318799429597455, 1.1579637603355497]",-0.2095224645591962,0.28457020064347116,0.7346339657375438,"[-0.5932744409251234, 0.17422951180673096]",0.8003168621614207
3341.0,24.0,0.00021336328950395734,0.0016922349269757413,1.2549991706347914,4.5711659966035716e-07,3.6250325111844345e-06,"[0.7672906273123463, 1.7427077139572364]",0.13278049080257492,0.5187537125566368,0.8816839468333598,"[-0.2705326997465372, 0.536093681351687]",23.492815885022456
3342.0,24.0,4.013300722096039e-05,0.000646264206456689,1.2417366584337781,8.229639201984462e-09,1.327361161610397e-07,"[0.8194792580145231, 1.663994058853033]",0.06901877388019528,0.701774665562612,0.9403385576344795,"[-0.2842461563495858, 0.42228370410997634]",23.736367703299802
3343.0,24.0,0.0006508349238801202,0.003449045701537468,1.071257491197768,4.956836155348238e-06,2.626834210571403e-05,"[0.611479279213984, 1.5310357031815518]",-0.3286505163861575,0.14544906753933237,0.5460804722256212,"[-0.7711185879432956, 0.11381755517098063]",1.255352501581462
3344.0,24.0,0.006609139524544081,0.01863829533148359,0.8571011075862549,0.00036367925819186616,0.0010254193587332888,"[0.3859013339480148, 1.328300881224495]",0.42943643646114893,0.13543761727804712,0.5289930087353322,"[-0.13431498751891802, 0.9931878604412159]",22.359673641442548
3345.0,24.0,0.04879155071176106,0.10506363202360264,0.8124059812975758,0.008417287281548917,0.018117277833725607,"[0.20808977109541438, 1.4167221914997372]",0.5747730170326717,0.13601109230519928,0.529210475430434,"[-0.18087899015628417, 1.3304250242216276]",21.804528796401797
3346.0,24.0,0.00015787206323988518,0.0014100567501548799,1.535372657599466,2.308912626554396e-07,2.0624595934911203e-06,"[0.9535974659451986, 2.1171478492537332]",-0.07314050879963396,0.7157139833193957,0.9464610198116753,"[-0.46675820670928453, 0.3204771891100166]",0.27937616437723234
3347.0,24.0,0.0014827491544720502,0.006071863859426905,1.0268316257062253,2.4879388643499788e-05,0.00010190044977454544,"[0.5494585171929771, 1.5042047342194735]",0.041186851473574926,0.8672864116506451,0.9734244302898619,"[-0.44188737810726714, 0.524261081054417]",23.84267781594213
3348.0,24.0,0.00016605781696947414,0.0014515543441387599,1.369438439483454,2.5939713671000784e-07,2.269441266054312e-06,"[0.8483432012036235, 1.8905336777632846]",-0.11992070651433018,0.5518273031055001,0.8939184893512985,"[-0.5149303056048913, 0.275088892576231]",0.45806335729987446
3349.0,24.0,0.004236416601511934,0.013111781496477666,0.815352841477004,0.00017019143137568751,0.0005262567451319959,"[0.3902900498644778, 1.2404156330895302]",-0.6288535592104809,0.019470972550063696,0.18078897446670097,"[-1.156389977698561, -0.10131714072240094]",2.4020436583027185
3350.0,24.0,0.00013253949876152637,0.0012752151116587516,1.0254028241246704,1.540946359522693e-07,1.484534065050764e-06,"[0.6424176183688559, 1.408388029880485]",-0.05616875892678763,0.7766454721870761,0.9595896677274527,"[-0.4442243318438587, 0.3318868139902834]",0.21454885513284658
3351.0,24.0,0.021512599888210956,0.050534648551118055,0.893964201272667,0.0024373447361565916,0.005726843834954398,"[0.31589428292073074, 1.4720341196246032]",-0.1732948520249522,0.6124428047467108,0.9164189806175531,"[-0.8437619648160467, 0.4971722607661423]",0.6619375754915926
3352.0,24.0,0.0025044299622668065,0.008868378053352714,1.2711238624858383,6.598171707732234e-05,0.00023372907218321767,"[0.6467750893636923, 1.8954726356079843]",0.06214413852839051,0.8113494626887823,0.9656985281831257,"[-0.4481519388477109, 0.5724402159044919]",23.76262687605646
3353.0,24.0,0.0019229636630306078,0.007364855086291106,1.232982085156787,4.0708335355269274e-05,0.00015585120733257763,"[0.6440589006056794, 1.8219052697078946]",-0.27603727180069093,0.27299464713551225,0.7235479648436581,"[-0.7695849203575233, 0.21751037675614143]",1.0543847108323443
3354.0,24.0,3.074786648883371e-06,0.00020261254300178104,1.1831600918658967,4.8473990268576885e-12,3.2066989609600324e-10,"[0.8475653545984136, 1.5187548291333797]",0.01062113672431142,0.9436986854266818,0.9899283388510246,"[-0.2841464548018826, 0.30538872825050545]",23.959430246137703
3355.0,24.0,0.015643708482340802,0.03808108199206622,0.8619960874823622,0.0014805790973162055,0.003605013628722195,"[0.33045581972799765, 1.3935363552367268]",-0.20781603223031908,0.5236766079893823,0.8837210016087154,"[-0.8465480636294601, 0.43091599916882195]",0.7937987707967982
3356.0,24.0,0.08835823346609294,0.1813220469240569,0.6063212701268023,0.019857941064239538,0.040750956421587395,"[0.09607780931457277, 1.1165647309390319]",0.46686485491290775,0.28790001117341435,0.738579081276868,"[-0.3941534170075506, 1.327883126833366]",22.216707614033524
3357.0,24.0,8.602348902000219e-05,0.0009842504464531142,1.2092043541786486,5.525690291045895e-08,6.322300104171505e-07,"[0.773022586934071, 1.6453861214232262]",0.03455157879078108,0.8566298128355302,0.9711734295148989,"[-0.3402830949767553, 0.40938625255831745]",23.868022690651635
3358.0,24.0,0.012927455361299911,0.03232389179291793,1.2104031281962788,0.001092431887063628,0.002730397118379475,"[0.4839311772655225, 1.9368750791270353]",0.2085201619504531,0.5109243972163768,0.8781787508016102,"[-0.4131601420138591, 0.8302004659147653]",23.203511651790308
3359.0,24.0,0.0010373317105814705,0.004747741983878559,1.2397975852315897,1.2508072538895519e-05,5.7245183244373083e-05,"[0.6835569631963704, 1.7960382072668089]",0.1578420120838997,0.5061955770697538,0.8752594956712603,"[-0.3075267281230859, 0.6232107522908853]",23.39708792518264
3360.0,24.0,0.08266242499376535,0.1704379896778667,0.8817487499933626,0.01800960479324607,0.03713320575927025,"[0.15114050371430365, 1.6123569962724216]",0.175588656536398,0.6887126913629981,0.9373183645404775,"[-0.6834856393428874, 1.0346629524156834]",23.329300736672813
3361.0,24.0,0.0338644572598054,0.07542195380802984,0.7251485291586729,0.004873106258600897,0.010855661079529733,"[0.220313230705804, 1.2299838276115418]",-0.23346330108222002,0.5253819095089273,0.8839273529919359,"[-0.9539802834567888, 0.4870536812923487]",0.8917641215468821
3362.0,24.0,0.0034021035393558535,0.011092610170707055,0.9042669674580475,0.00011473910217598618,0.00037423060070445593,"[0.4447690066492367, 1.3637649282668582]",0.22931536244967443,0.3928292761813491,0.8161958479905788,"[-0.2966659769887322, 0.7552967018880811]",23.124079836941394
3363.0,24.0,0.002915600897568475,0.0098900980243164,1.0935522613846849,8.691456978502102e-05,0.0002950256951290598,"[0.5474113845804581, 1.6396931381889117]",-0.10604530774130527,0.6885608296685397,0.9373183645404775,"[-0.6246091086844103, 0.4125184932017998]",0.40506323804951927
3364.0,24.0,0.0001440038348339467,0.0013435704982936766,1.3408222254214037,1.868096016068551e-07,1.7458841271668702e-06,"[0.8366088151802196, 1.8450356356625879]",0.0612634815037012,0.7585840431540015,0.9563591063464467,"[-0.3294241457611131, 0.4519511087685155]",23.76599073810401
3365.0,24.0,0.00035039368514989445,0.0022931523897244403,1.2675003083608765,1.355681741703817e-06,8.872262707485713e-06,"[0.7533121201843594, 1.7816884965373934]",0.19542289749568376,0.36220622376012124,0.797284225754174,"[-0.22494012190062174, 0.6157859168919892]",23.253539516885308
3366.0,24.0,0.013315279039925172,0.033130826175479404,0.7856907077257862,0.0011448824112818279,0.0028493838010996216,"[0.31219782404584534, 1.259183591405727]",-0.16509125409163072,0.6046477850428205,0.9125381603423189,"[-0.7900770890403005, 0.45989458085703905]",0.6306021395981549
3367.0,24.0,7.479178531548798e-05,0.0009237711749710809,1.1683369146831686,3.934702957727977e-08,4.869681878376209e-07,"[0.7515186987891433, 1.5851551305771938]",-0.08783330902680575,0.6422216863737741,0.9267530297802351,"[-0.45837154498374727, 0.28270492693013577]",0.33549852719361906
3368.0,24.0,2.8706350363880692e-05,0.0005325853499792336,1.3106196447832805,3.419451199284606e-09,6.344065304795188e-08,"[0.8759778069279818, 1.7452614826385793]",0.0037485574505851105,0.9829920031259122,0.9971100704756963,"[-0.3408919037228979, 0.3483890186240681]",23.98568156525461
3369.0,24.0,0.000761182330542549,0.0038231156732423353,1.0993449011736665,6.7770939403317e-06,3.403864359784882e-05,"[0.6205887438052746, 1.5781010585420583]",0.1939103475043753,0.3996936521851856,0.8206211468997754,"[-0.25737381320869385, 0.6451945082174444]",23.259317032272275
3370.0,24.0,0.010470894381213534,0.0270007591057595,0.7993842418810703,0.0007757491309607984,0.002000900518340981,"[0.33326647072346316, 1.2655020130386774]",-0.03555147159548255,0.9084455113243475,0.9846240597956871,"[-0.641463658589751, 0.5703607153987859]",0.13579661852669184
3371.0,24.0,0.007163045602454844,0.019787418791311722,0.8593829634566911,0.0004178693555781936,0.0011533793971244648,"[0.38202891571625597, 1.3367370111971262]",0.9129214725377892,0.0011432034002210052,0.02894185823344317,"[0.36282410219613337, 1.463018842879445]",20.512896839781092
3372.0,24.0,0.0030114277540958614,0.010119044872633943,0.9876143684187734,9.210205848015237e-05,0.00030969084895814515,"[0.4926177089926864, 1.4826110278448603]",-0.09090821705474994,0.7321291001661769,0.9512605204558294,"[-0.6114445122960563, 0.42962807818655646]",0.3472438106864255
3373.0,24.0,1.2703482720633626e-05,0.00035670343012895637,1.694617626702277,3.6203754463620767e-10,1.0169593950455272e-08,"[1.1648544255265758, 2.224380827877978]",0.0634245112918661,0.7019035177621396,0.9403852060050102,"[-0.26135419124642467, 0.3882032138301569]",23.757736212353084
3374.0,24.0,0.0014206893958969445,0.005894976746460351,1.0550920251434368,2.2932731142252258e-05,9.520111236136732e-05,"[0.5667061448731104, 1.5434779054137633]",0.018328745513920275,0.9404688934263389,0.9892015094756179,"[-0.46270262355577796, 0.4993601145836185]",23.929989349218868
3375.0,24.0,5.530016852176578e-05,0.0007821806014394028,1.3344603476117247,1.8613807887765877e-08,2.6327875371663195e-07,"[0.8694352040444457, 1.7994854911790037]",0.06830331600940553,0.711533941825003,0.9453650348600355,"[-0.2937118768090572, 0.43031850882786826]",23.739100551060847
3376.0,24.0,0.0027914164473658316,0.009572758735822466,1.0482639093527335,8.036480783405028e-05,0.00027569402344442635,"[0.5272397618868728, 1.569288056818594]",-0.11598289682970542,0.6595419136254802,0.9305049571465579,"[-0.6319845182584226, 0.4000187245990118]",0.44302203226955844
3377.0,24.0,0.03745733928030049,0.08274207925845038,0.7359212446667281,0.005664024055089481,0.012511650221094501,"[0.21457113089488267, 1.2572713584385737]",-0.1521092892437732,0.6849926250168192,0.9370333060910837,"[-0.8870324197218467, 0.5828138412343002]",0.581014686560193
3378.0,24.0,0.03148122963409515,0.07082391368750315,0.6672050547529813,0.004377380084070722,0.00984344520816443,"[0.2082998033125129, 1.1261103061934497]",0.44589422456094585,0.21486739148509448,0.6540864276562998,"[-0.25872741707046976, 1.1505158661923613]",22.29680952155995
3379.0,24.0,0.0004025519322272971,0.002520186913765097,1.3603031891064588,1.818969565476047e-06,1.1389915876493719e-05,"[0.8016629497095185, 1.918943428503399]",-0.11445508497766799,0.5987826551238664,0.91161020243821,"[-0.5408107338692052, 0.3119005639138693]",0.43718622086877107
3380.0,24.0,0.0017633997110611138,0.006896361795311357,1.1862700262564616,3.4656853812789955e-05,0.0001355371678247554,"[0.6247307043031337, 1.7478093482097896]",0.3064972630533447,0.21879672968591013,0.657423017751728,"[-0.1820015472805005, 0.7949960733871899]",22.82926669298216
3381.0,24.0,2.6783738757322403e-05,0.0005143391584132497,1.1944549412650574,2.8598325997901303e-09,5.4996780765194816e-08,"[0.8002956453729897, 1.588614237157125]",0.2486323073761323,0.15339675588914906,0.5649972592602175,"[-0.09270854292668251, 0.5899731576789471]",23.05029454244988
3382.0,24.0,0.028822076768666955,0.06559416651949694,0.8587586009175238,0.003823018695692524,0.0087005432309798,"[0.27684336508791196, 1.4406738367471355]",-0.3098084647396986,0.3851425271860235,0.8109971092567351,"[-1.0089925262999062, 0.38937559682050904]",1.1833811658008206
3383.0,24.0,0.004108214937774244,0.012798177376243752,1.0565978261601323,0.0001596736787420211,0.0004974257904735859,"[0.5080923939961056, 1.6051032583241591]",-0.026191270369461783,0.9241894694893459,0.9879295512207908,"[-0.5656523937673371, 0.5132698530284135]",0.10004328348374723
3384.0,24.0,0.0003031961999281888,0.002092451345260102,0.9940248559328676,9.89945611681051e-07,6.836640964648141e-06,"[0.5959043903163573, 1.392145321549378]",-0.04981171978418519,0.8145169341155858,0.966095377463714,"[-0.465958168596036, 0.3663347290276656]",0.19026675426147435
3385.0,24.0,0.027088077165529027,0.06205745055104015,1.0471397477887237,0.0034727678054475696,0.007955939989570606,"[0.3448699877239384, 1.749409507853509]",-0.15748492995738683,0.6572525918723007,0.9301211184160023,"[-0.8531309727756435, 0.5381611128608699]",0.6015481215647766
3386.0,24.0,0.0002537013336503897,0.001873717382942317,1.077280009070949,6.734118174831358e-07,4.9734993905696885e-06,"[0.6523491238732404, 1.5022108942686574]",-0.25457951364033615,0.22126051497309496,0.660857272862046,"[-0.6625042495994795, 0.15334522231880726]",0.9724221121389622
3387.0,24.0,0.012173604120078006,0.030687179531328476,0.9468048691289368,0.000997112170332586,0.002512250366169277,"[0.38299095737887323, 1.5106187808790004]",0.5424718833622757,0.07948614214876536,0.41014521232593065,"[-0.06381212494660271, 1.1487558916711542]",21.92791003858857
3388.0,24.0,0.020997472419244583,0.04946401041047016,0.6464285038675265,0.00234815780440263,0.005531584933810672,"[0.2299683011691216, 1.0628887065659314]",0.2017787478205486,0.5535031153144525,0.8947674027068421,"[-0.46567510989275296, 0.8692326055338502]",23.2292619569632
3389.0,24.0,0.0034290138594361727,0.011147639334968052,0.9762476970313777,0.00011609197560098139,0.00037765769551392775,"[0.47980410969400605, 1.4726912843687494]",-0.016232564202625532,0.9519934991684891,0.9915566078205282,"[-0.5446935683029808, 0.5122284398977297]",0.0620038279657057
3390.0,24.0,0.00021597190293855183,0.0017045927619459497,0.9436498305849446,4.712308407480122e-07,3.7163315516404747e-06,"[0.5765119744228406, 1.3107876867470485]",-0.2537620303505319,0.21642227046741136,0.654832890975526,"[-0.656128657673362, 0.14860459697229816]",0.9692995559837454
3391.0,24.0,0.0012913911122999224,0.005502014500104184,0.9385260853445683,1.9109936677819878e-05,8.145753059599266e-05,"[0.5082434417867907, 1.3688087289023458]",-0.08008284858718806,0.7417050056579968,0.9537050326581288,"[-0.5563002417862679, 0.3961345446118918]",0.3058939490287389
3392.0,24.0,0.0032346780988781955,0.010682556469214647,1.1181239353112329,0.000105332680869653,0.0003472887598735674,"[0.5530128278920935, 1.6832350427303724]",-0.42363568972801957,0.10925880903051359,0.4832444933309398,"[-0.9420829783627813, 0.09481159890674218]",1.618169138168611
3393.0,24.0,2.2006029134538168e-05,0.00045941605708847954,1.0435078024975362,1.6731625466882034e-09,3.493032456551573e-08,"[0.7041463725936776, 1.3828692324013947]",-0.003152280780285288,0.9854148623504201,0.9971100704756963,"[-0.341122416140493, 0.3348178545799224]",0.012040825636703532
3394.0,24.0,0.00013793150486494577,0.001311135977803667,1.2765006052524237,1.697562959784395e-07,1.6136530035973338e-06,"[0.7981022104512445, 1.7548990000536029]",0.2371838592671356,0.23065645088049214,0.6711758648269693,"[-0.15063929861300107, 0.6250070171472722]",23.09402439302455
3395.0,24.0,0.00864748149021413,0.023041517426629708,0.7826140447416675,0.0005704644259709873,0.001519617543875832,"[0.3373978184357283, 1.2278302710476068]",0.5092850919119254,0.08550904629927993,0.4251236536262876,"[-0.07119454764145494, 1.0897647314653058]",22.054674244300962
3396.0,24.0,0.005075598641712177,0.015079021514296426,0.7142061491693219,0.00023061842379638024,0.0006851408906606662,"[0.33411765870039967, 1.0942946396382442]",-0.09867776713571708,0.7263682945595877,0.9490709376786874,"[-0.6513253797766587, 0.45396984550522457]",0.37692130591008843
3397.0,24.0,0.007944038455623153,0.02152360159307722,1.1337297693790618,0.0004935427197118625,0.0013369258855197702,"[0.4959804775005877, 1.7714790612575357]",-0.28277771937018414,0.34019841393407035,0.7811674257957988,"[-0.8638740376959007, 0.29831859895553237]",1.0801313240164225
3398.0,24.0,0.0037652930481684686,0.011992954310799915,1.0634198650590534,0.0001369973059421848,0.0004367143957353676,"[0.5168747915562311, 1.6099649385618757]",0.022370417886917515,0.9345728033547988,0.9892015094756179,"[-0.5117219263298042, 0.5564627621036392]",23.914551297942378
3399.0,24.0,0.00014335431212809659,0.0013411611928311055,1.1864782419486941,1.8628198919377378e-07,1.744213381964174e-06,"[0.7403504639966514, 1.6326060199007368]",-0.33270686107020886,0.09246353948949557,0.44083409194150613,"[-0.7202710160326826, 0.0548572938922649]",1.2708465969578933
3400.0,24.0,0.00017268765879932925,0.001474702466262419,1.308308896886189,2.84207268797506e-07,2.4270475559138004e-06,"[0.808810773218137, 1.807807020554241]",0.20567898965417264,0.308065143358743,0.7545027271957081,"[-0.1898152006112872, 0.6011731799196325]",23.2143641305534
3401.0,24.0,1.0117182745415165e-05,0.0003248576044199919,1.3416394466150974,1.892464537160354e-10,6.122660547285901e-09,"[0.9288234249317582, 1.7544554682984366]",0.26933504489318505,0.09693854482520642,0.45150696239034194,"[-0.04869210611051206, 0.5873621958968822]",22.97121591017693
3402.0,24.0,0.04611810618064217,0.09971482417436144,0.57905354009965,0.007712501868001401,0.016675679714597623,"[0.15309548405968898, 1.005011596139611]",0.12868599445112316,0.7411377935804495,0.9533545067924486,"[-0.6348139757635564, 0.8921859646658027]",23.508455709033782
3403.0,24.0,0.000554954306824291,0.0031161257348043636,1.1215994383908323,3.5574848234744676e-06,1.998875151581105e-05,"[0.6473886042027431, 1.5958102725789214]",-0.10435988195547274,0.6412821374481731,0.9264405337303858,"[-0.5433780791081179, 0.3346583151971724]",0.3986253857688043
3404.0,24.0,0.001336548481017472,0.005641421891283284,1.1838752500475203,2.0412394455343355e-05,8.620099009857835e-05,"[0.6392338611198841, 1.7285166389751563]",0.07594384534186016,0.7554430949467368,0.9553874318273853,"[-0.40194180629103926, 0.5538294969747596]",23.709915878794476
3405.0,24.0,0.0011636055604979626,0.005132799119973368,1.3395192497365238,1.5625233558280182e-05,6.898557862375356e-05,"[0.7317412032280263, 1.9472972962450212]",-0.05611130504141215,0.8155363749021896,0.966095377463714,"[-0.5275255494577793, 0.41530293937495494]",0.21432939745627036
3406.0,24.0,0.00010138021757253496,0.0010796615289939825,1.1199711693171461,8.209576185282307e-08,8.742892636083394e-07,"[0.710624935594143, 1.5293174030401493]",-0.14690298425151305,0.44768747877860116,0.849141708329871,"[-0.5261123405085097, 0.2323063720054837]",0.5611280663658997
3407.0,24.0,0.00011619822369764442,0.0011689962142620164,1.1326744015769161,1.1323783286982214e-07,1.1403278600796268e-06,"[0.7141290953637892, 1.5512197077900431]",-0.05967751916726627,0.7606180873079027,0.9565482608929913,"[-0.4435882554455293, 0.3242332171109968]",0.22795133200636217
3408.0,24.0,2.5584500111049992e-05,0.0005066237645752473,1.2860541804509031,2.51838771180303e-09,4.9869063600059996e-08,"[0.863149746084126, 1.7089586148176803]",-0.12696657282002466,0.46594874909739126,0.8568384499768137,"[-0.46828397251818626, 0.21435082687813695]",0.48497658412185624
3409.0,24.0,6.614997997123761e-05,0.0008590906489771119,1.0399081693699441,2.933434890046118e-08,3.8094158819774414e-07,"[0.6723610421701249, 1.4074552965697633]",0.3332443027570644,0.07298647206837784,0.3948785159677203,"[-0.031048890329730683, 0.6975374958438595]",22.727100527016027
3410.0,24.0,6.306902654945983e-05,0.0008328513518072152,1.2886521016951353,2.623278771802567e-08,3.456230265879535e-07,"[0.8347860343257228, 1.7425181690645477]",0.4691064413120687,0.010716182041276579,0.12399750058524074,"[0.10880215794548992, 0.8294107246786475]",22.20814538469447
3411.0,24.0,0.041091664897049886,0.08991611574846801,0.7753085953834213,0.006522377948424487,0.014269039484630248,"[0.2167011100547248, 1.3339160807121178]",0.44474983128295786,0.2376461364773127,0.6797658366055854,"[-0.29341639629544447, 1.1829160588613603]",22.30118078188874
3412.0,24.0,2.0695087155009596e-06,0.00018314236420362477,1.6230742241090574,1.3531150805516556e-12,1.19491785538299e-10,"[1.1743125785465116, 2.0718358696716033]",-0.5045270786005744,0.0004584295729699886,0.01580791630930995,"[-0.7867394045029337, -0.22231475269821516]",1.9271514835918713
3413.0,24.0,0.02128795104582686,0.050077513634031665,0.9221449810816104,0.0023965797774222167,0.005637684726940054,"[0.32685182932188117, 1.5174381328413395]",-0.09360680548879508,0.7843493445580637,0.9608848990282411,"[-0.7640334471531204, 0.5768198361755302]",0.3575516592139991
3414.0,24.0,0.00011852232331669827,0.0011840391939730098,1.2160555151812569,1.1888602814067021e-07,1.1876726087979042e-06,"[0.7659450604671222, 1.6661659698953915]",-0.1699013100016007,0.38560881709352446,0.8110539041812019,"[-0.5537155954452779, 0.21391297544207655]",0.6489751997890374
3415.0,24.0,1.4088552806422618e-05,0.00037469555336230365,1.4088236931257145,4.857772344015475e-10,1.2919607297913496e-08,"[0.9651528732057018, 1.8524945130457273]",0.059994967376562514,0.7193026705427428,0.9474481961838024,"[-0.26719186615691, 0.387181800910035]",23.770836105153194
3416.0,24.0,0.002123031755995104,0.007898698236736012,1.156778754418102,4.91861323587669e-05,0.00018291607422375196,"[0.5982699463446063, 1.7152875624915978]",0.5106454252358663,0.04218245957582088,0.29103681797897596,"[0.018033830820262164, 1.0032570196514705]",22.049478153754777
3417.0,24.0,0.015906122780204056,0.03862584453667813,0.7702872670150035,0.0015185720502770986,0.0036879052772822935,"[0.2941969022096022, 1.2463776318204047]",-0.10188528016005183,0.7556935250530686,0.9553874318273853,"[-0.7436893401112057, 0.539918779791102]",0.3891731031785967
3418.0,24.0,0.01512597127337592,0.037000908202974366,1.0031582049256849,0.001403910818276981,0.0034342241151589558,"[0.38755116829917624, 1.6187652415521936]",-0.22239364379038928,0.4926854869333137,0.87016158059575,"[-0.8577518096095249, 0.41296452202874634]",0.8494811453150076
3419.0,24.0,0.025333259455192887,0.058398477305654416,0.6885276908041664,0.003135669539100587,0.007228376069849209,"[0.23171087909784693, 1.1453445025104858]",-0.18700384251268698,0.5940376800426865,0.9090257716643009,"[-0.8746677617948398, 0.5006600767694659]",0.7143020619137389
3420.0,24.0,0.02357477804013576,0.054812318158883426,0.7976470754199341,0.002825112531474823,0.0065669747361107,"[0.2741107604176777, 1.3211833904221906]",-0.8427360029048456,0.011483259766538304,0.12810102875929902,"[-1.4962045927577403, -0.18926741305195083]",3.219014414011489
3421.0,24.0,0.0321313247077805,0.07205948577658779,0.9663410706028481,0.004510753435043903,0.010118334309205704,"[0.29945184442540296, 1.6332302967802934]",-0.3833992902331964,0.28954623857527917,0.7391577605577169,"[-1.0929039013870758, 0.326105320920683]",1.4644774132448986
3422.0,24.0,0.00303965479347763,0.010196762138469071,1.018492734551989,9.363347281756696e-05,0.00031410088164229107,"[0.5074990112430546, 1.5294864578609233]",-0.05504245627742854,0.8360443602351675,0.9708072590103425,"[-0.5763190782337397, 0.46623416567888265]",0.21024669591533465
3423.0,24.0,0.00011192056650366013,0.001145553393077381,1.3560941630844896,1.0371088140864611e-07,1.0615238629339418e-06,"[0.8564989882838366, 1.8556893378851425]",0.10215589213259602,0.6007081219145394,0.91161020243821,"[-0.28039774982165316, 0.4847095340868452]",23.609793235227237
3424.0,24.0,0.002558301011343061,0.008998208065171346,1.0972718621565751,6.879089427535637e-05,0.00024196586097557642,"[0.5569750458438294, 1.6375686784693209]",-0.26427163244624463,0.308897309569535,0.7550655330470177,"[-0.7733067826347626, 0.24476351774227334]",1.0094432789468244
3425.0,24.0,6.519773435046581e-06,0.0002716302425759447,1.176347844914819,5.1158521396999706e-11,2.131605058208321e-09,"[0.8252872082698435, 1.5274084815597946]",-0.19088222163337853,0.2264134782084607,0.6663139441096548,"[-0.5001638195765965, 0.11839937630983949]",0.729116378911558
3426.0,24.0,0.09150501189808444,0.18716508876679164,0.6207323838846094,0.020812893411110266,0.04257205799640427,"[0.09437028296922967, 1.147094484799989]",-0.023368111097576083,0.9585482910914829,0.9938808419181301,"[-0.9045667543070702, 0.8578305321119181]",0.08925960940559542
3427.0,24.0,0.0011084843830173076,0.004957443573422664,1.0193327620107768,1.4279852735386885e-05,6.387079813679754e-05,"[0.5589457797162628, 1.479719744305291]",0.29090508062134024,0.22153637217797628,0.660857272862046,"[-0.17550425139672765, 0.7573144126394081]",22.888824442765618
3428.0,24.0,0.0006486960378087015,0.00344278294317547,0.9923444529932426,4.902527069926242e-06,2.6035725278418707e-05,"[0.5666506346714201, 1.4180382713150652]",-0.16535097236168372,0.46632309398571425,0.8568927430895292,"[-0.6102284434209824, 0.279526498697615]",0.63159419031392
3429.0,24.0,0.0079164810119392,0.02146551250525813,0.8401271815483191,0.000489659125905262,0.001328429533112485,"[0.3678226745716419, 1.3124316885249963]",-0.13163965276053968,0.6583418697843101,0.9301211184160023,"[-0.7151015900067631, 0.45182228448568373]",0.5028264346497734
3430.0,24.0,0.00015295771721374248,0.0013854657588768008,1.0729971695138276,2.1492825718653728e-07,1.9468139237910986e-06,"[0.6674707081146085, 1.4785236309130467]",-0.13316138391936505,0.5057938814512284,0.8752594956712603,"[-0.5253931599146833, 0.2590703920759532]",0.5086390195133897
3431.0,24.0,0.049323447325598395,0.10611757169879173,0.6437916009229999,0.008543477579172041,0.018380975858803876,"[0.16398032025364223, 1.1236028815923575]",-0.4687142757020428,0.22825031260269946,0.6683757323651521,"[-1.2311673385327868, 0.29373878712870105]",1.7903566530172217
3432.0,24.0,0.0004572502912575791,0.0027363871409789293,1.1984626507768472,2.3827579839005227e-06,1.4268011879643848e-05,"[0.7005850085074974, 1.696340293046197]",0.1940090312302276,0.37707942065320377,0.8059627565530977,"[-0.23648442694102, 0.6245024894014752]",23.258940088205744
3433.0,24.0,0.05683984454012836,0.12045211135216626,0.5807215393661953,0.010522153432703567,0.02229269795064315,"[0.13579851284253064, 1.02564456588986]",0.5488402327974296,0.16769818716510643,0.5867051470096287,"[-0.23086229143080828, 1.3285427570256674]",21.90358473558198
3434.0,24.0,6.939863929860859e-07,0.00012239946415804818,1.4988323314670542,2.8602866119713846e-14,5.107654664234616e-12,"[1.11252671108066, 1.8851379518534483]",0.29369647813549626,0.030539772482060204,0.23915248615552234,"[0.02757088837484306, 0.5598220678961494]",22.87816208966532
3435.0,24.0,0.18333685114341014,0.3520292840695279,0.6689362789579245,0.05547146266986216,0.10651202509574147,"[-0.015647558435151088, 1.353520116351]",-0.1711915599653313,0.7518586180489663,0.9552799279805988,"[-1.2323564927875543, 0.8899733728568917]",0.6539035916182823
3436.0,24.0,0.047681780011170474,0.10287331178246056,0.7002462056162007,0.008100818285474029,0.01747749360404321,"[0.18191501773025687, 1.2185773935021444]",0.12161190912128017,0.7564054483639566,0.955539980247545,"[-0.6467681808581228, 0.8899919991006832]",23.535476724588143
3437.0,24.0,0.0007937693971667234,0.003940149034474277,0.8355946011063942,7.378103478149658e-06,3.661589815458887e-05,"[0.4702308234453779, 1.2009583787674103]",-0.23451098315450736,0.3097608041458796,0.7561154485798177,"[-0.6870286462035833, 0.2180066798945685]",0.8957659722811211
3438.0,24.0,0.0011998435317629027,0.005246364371503729,1.0489353540373625,1.6761604560136325e-05,7.329079387903946e-05,"[0.5712875183857767, 1.5265831896889481]",0.5319380726854348,0.024627906306589765,0.20920018316918432,"[0.06798993982901491, 0.9958862055418547]",21.96814623152009
3439.0,24.0,0.01797686849744539,0.04308933005140314,0.7917319139090568,0.0018462687786657231,0.004424320102242327,"[0.29339801951449485, 1.290065808303619]",-0.33204354748582254,0.31581391638525,0.7597855167595643,"[-0.9808274622091624, 0.3167403672375173]",1.2683129256992913
3440.0,24.0,0.0053376358312463255,0.015671273726501248,1.1625343937706785,0.0002528598806545354,0.0007419629682580005,"[0.5398751457005972, 1.7851936418407597]",0.4237802425266022,0.1305911837233115,0.5223251886007398,"[-0.12563628369249125, 0.9731967687456956]",22.381278710813017
3441.0,24.0,2.4217137917030206e-06,0.00019127600552403012,1.298597799976818,2.232625193080017e-12,1.771924756412712e-10,"[0.935987782204259, 1.6612078177493768]",0.19086705820784378,0.19610629795378798,0.6285458267749615,"[-0.09851595200045848, 0.48025006841614604]",23.270941541107515
3442.0,24.0,0.0005232242846458452,0.002989034282306499,1.186626380544163,3.15650826503814e-06,1.8026889006499943e-05,"[0.6875784477274666, 1.6856743133608596]",0.2110554025629332,0.34228014204487467,0.7830601640551778,"[-0.22452869043123452, 0.6466394955571009]",23.193827745980624
3443.0,24.0,0.005789899850543986,0.016753182437916625,0.8812081755341262,0.0002890590182564597,0.0008363976222698486,"[0.4047453186760027, 1.3576710323922496]",-0.12426776473053991,0.6643113604520803,0.9319266977215779,"[-0.6855075274601343, 0.4369719979990545]",0.47466789657230685
3444.0,24.0,0.0001361988234701193,0.0012976504078283978,1.148893360692613,1.6436274283288722e-07,1.5668516952610795e-06,"[0.7188094026908931, 1.578977318694333]",-0.1321780042756826,0.5048926476867772,0.8752594956712603,"[-0.520689884613458, 0.2563338760620928]",0.5048827859639176
3445.0,24.0,7.198929552357267e-05,0.0009072176673814897,1.1855461932204343,3.5807352024985345e-08,4.5154290069338394e-07,"[0.763863718566121, 1.6072286678747476]",0.008242685007766148,0.9651388321201847,0.9938808419181301,"[-0.3613953698682371, 0.3778807398837694]",23.96851526247995
3446.0,24.0,0.0008376087746605072,0.004088874037650341,1.0695109908497302,8.191086105986483e-06,3.999553762688713e-05,"[0.599523761963688, 1.5394982197357725]",0.07843274416422741,0.7362874767803653,0.9523631024368666,"[-0.37803205526401906, 0.5348975435924739]",23.70040898558403
3447.0,24.0,0.01813863909040631,0.043435438434881006,0.8488149428828609,0.0018713066360110618,0.004482171583260029,"[0.31386854398050157, 1.3837613417852201]",0.2936344256810477,0.37648113246658677,0.8059627565530977,"[-0.35710491751364193, 0.9443737688757373]",22.878399112581874
3448.0,24.0,0.01083500657904892,0.02778919358566022,0.9046751996316528,0.0008239562263351945,0.0021132501316624636,"[0.37453089393421213, 1.4348195053290933]",-0.40421571502605325,0.18800607617497667,0.6198917259762965,"[-1.0059991412200273, 0.1975677111679207]",1.5439902989237109
3449.0,24.0,6.104644387273654e-05,0.0008173507895384916,1.2748479276912472,2.3931530110448704e-08,3.212285920865598e-07,"[0.8271301000898509, 1.7225657552926434]",0.22743052439581835,0.22014646357931955,0.6589554814116155,"[-0.1361136786206209, 0.5909747274122576]",23.131279387978168
3450.0,24.0,0.07294555949289475,0.1516855052877828,0.6885207253888438,0.01504518029882489,0.03129197233532631,"[0.1334754608511307, 1.243565989926557]",-0.12535243129564666,0.7690509270164517,0.9585289470195746,"[-0.9621112917111934, 0.7114064291199]",0.47881101766294476
3451.0,24.0,9.479638788654697e-05,0.0010357381128266857,1.1746890647104398,7.085321611257055e-08,7.735067261197658e-07,"[0.7474575055935189, 1.6019206238273607]",0.4828271953091319,0.010908023733477197,0.1249487254693837,"[0.11108294474042657, 0.8545714458778372]",22.155735964976536
3452.0,24.0,0.004756174726417537,0.014304284891481315,0.9436198102276057,0.0002068365141850273,0.0006220647043158715,"[0.44518228538860866, 1.4420573350666026]",0.3176207067987331,0.25320528503646444,0.7013996815414528,"[-0.22721204844843246, 0.8624534620458987]",22.786778267631362
3453.0,24.0,0.007530478022334784,0.020636575258462225,1.0080406982654178,0.00045023442352271076,0.001233857011572241,"[0.44495442379091854, 1.571126972739917]",-0.048571068702726095,0.8697156796456681,0.9742530297363818,"[-0.6289743855838558, 0.5318322481784036]",0.18552781620707784
3454.0,24.0,1.4710647491062187e-05,0.0003820491859481499,1.448209382281588,5.490115812654564e-10,1.4260041071830037e-08,"[0.9907224501310958, 1.9056963144320802]",0.08305058587139769,0.6198298388394519,0.9175486145824342,"[-0.24506660466260943, 0.4111677764054048]",23.682770129565338
3455.0,24.0,0.013794426464732756,0.0341699937199226,0.8003251718631335,0.001210737055362714,0.002999844042028528,"[0.31563900538643036, 1.2850113383398365]",0.08725160082995664,0.785718016886511,0.9608848990282411,"[-0.541750326454881, 0.7162535281147943]",23.666723434445554
3456.0,24.0,0.0007328531941738761,0.003737140204864233,0.9127917072597237,6.268449446474643e-06,3.196557596366468e-05,"[0.5167348519691234, 1.308848562550324]",0.08988950673839557,0.6958290408478425,0.9388952763058601,"[-0.360748820052438, 0.5405278335292292]",23.65664737609181
3457.0,24.0,0.003420737232369828,0.011135212344953868,0.9899822126039018,0.00011638617635774375,0.000378491630431687,"[0.48647340934487937, 1.4934910158629244]",-0.43597018095040685,0.10121491087679158,0.4619576032715271,"[-0.9573185558117213, 0.08537819391090762]",1.6652834241342076
3458.0,24.0,0.001129464467048785,0.005025394418889722,1.2096128413945653,1.4819893210939648e-05,6.589547892814429e-05,"[0.6622549851590582, 1.7569706976300723]",0.3154149001669557,0.18537732833983123,0.6170340062801836,"[-0.15137143321491497, 0.7822012335488264]",22.795203828326216
3459.0,24.0,0.031111161887275706,0.07010176180098177,0.8612785958503703,0.004284566819418811,0.00965427404105185,"[0.270301481988828, 1.4522557097119124]",-0.13252012019579773,0.7153106852601823,0.9463672813293932,"[-0.8446427609946512, 0.5796025206030557]",0.5061895725190396
3460.0,24.0,0.0014291336929503201,0.0059200140101679675,0.9280276930342614,2.336794580323423e-05,9.67616803446552e-05,"[0.49802865088795367, 1.358026735180569]",0.41264429435485006,0.08903150824302014,0.43408828982457404,"[-0.06295362925666165, 0.8882422179663618]",22.423814899554205
3461.0,24.0,8.820437691937106e-05,0.00099469730824461,1.4172744480726405,5.8925166727536834e-08,6.644710172775235e-07,"[0.904956073626369, 1.929592822518912]",-0.21613002199688758,0.25779075029683796,0.7063445279938547,"[-0.5904641305390728, 0.15820408654529766]",0.8255558724327535
3462.0,24.0,2.6155187065668185e-05,0.0005133188353146951,1.5037024411265676,2.6683568398800287e-09,5.242351355363514e-08,"[1.0084408226658756, 1.9989640595872595]",0.059207204195037555,0.7345183088643545,0.9521126807754771,"[-0.2829829435464411, 0.4013973519365162]",23.773845138857006
3463.0,24.0,0.00016301453866287427,0.0014375179776267572,1.1847771187032914,2.511534189628866e-07,2.212805453417503e-06,"[0.7344779275673019, 1.6350763098392809]",-0.41560842474570237,0.036764434148033286,0.2661239750160832,"[-0.8056625734785029, -0.025554276012901833]",1.5875072445339486
3464.0,24.0,5.1512705456622615e-06,0.00024184368758977754,1.3809107075478122,2.4811391421620137e-11,1.164854057353058e-09,"[0.975405542123131, 1.7864158729724933]",-0.10426219590087626,0.5027399123181515,0.8734611984187444,"[-0.40917825887784043, 0.2006538670760879]",0.39825225252576013
3465.0,24.0,0.00011390938710796136,0.0011596576555544488,1.3372325885974814,1.0816932357731865e-07,1.1015206066936727e-06,"[0.8438755615376391, 1.8305896156573236]",0.12877625648432378,0.5098139478522682,0.87774087227094,"[-0.25414943633234743, 0.511701949300995]",23.508110933463602
3466.0,24.0,0.002934520434768153,0.009930695210721329,0.9978797025835782,8.7891860754594e-05,0.0002974343849563249,"[0.49917734279240683, 1.4965820623747494]",0.040998227097276185,0.8770286349878349,0.976152042827762,"[-0.4783024727589881, 0.5602989269535404]",23.843398307987147
3467.0,24.0,4.944410122295551e-06,0.0002413319386198876,1.6620305193798914,2.2147551557051336e-11,1.0910123919729722e-09,"[1.1751879475147742, 2.1488730912450085]",-0.3603624629905253,0.01915362490432567,0.1786718741075156,"[-0.661873315500372, -0.05885161048067866]",1.3764832149530952
3468.0,24.0,0.02322406336185595,0.05407232447463551,0.8581387528249229,0.002747440753774291,0.006396835282361563,"[0.29650010776163227, 1.4197773978882136]",0.30206572314971947,0.3808169105233956,0.809043786962812,"[-0.3734742971789048, 0.9776057434783437]",22.846193928530262
3469.0,24.0,0.07543041399283752,0.1564722105590284,0.7769822410160555,0.01581995731173195,0.032821488198614,"[0.14588811178461192, 1.4080763702474992]",-0.37831296660308755,0.3747013445516909,0.8058196345601851,"[-1.2135935178959691, 0.45696758468979415]",1.4450490880953721
3470.0,24.0,0.05357013069974682,0.11431529936184281,0.7801589283643079,0.009614504185226996,0.020521887268360718,"[0.189641049667857, 1.3706768070607587]",0.17773554668159797,0.6570992806821583,0.9301211184160023,"[-0.6069869915871038, 0.9624580849502997]",23.321100220379602
3471.0,24.0,1.64186661953027e-05,0.0004050210111886129,1.3891293785428704,7.478550589845559e-10,1.8465557011964343e-08,"[0.9468271180832741, 1.8314316390024667]",-0.12738006922812772,0.44998381212473404,0.8504702553860027,"[-0.45786254612270305, 0.2031024076664476]",0.48655602405706455
3472.0,24.0,0.050112347429686566,0.10755720563645095,0.48631833604571373,0.008714901310982022,0.018705519019064226,"[0.12293600668894389, 0.8497006654024836]",0.10945884204832268,0.7821405857019292,0.9605790545529682,"[-0.6663519145223606, 0.885269598619006]",23.581898021349467
3473.0,24.0,0.006055110391821974,0.01736481328311435,0.9193140358496679,0.00031176645916860466,0.0008940821886108536,"[0.4195465973711086, 1.4190814743282272]",-0.021543996169321566,0.9404187271575289,0.9892015094756179,"[-0.5864815141112406, 0.5433935217725975]",0.08229200362320925
3474.0,24.0,0.026615452043234334,0.0610446147780604,0.873611762802708,0.0033982932908381393,0.007794250667059952,"[0.28906847629547616, 1.4581550493099398]",-0.5786269231875671,0.0951332201931822,0.4473321981203976,"[-1.258160919917731, 0.10090707354259665]",2.210192040752538
3475.0,24.0,0.1797122285115148,0.3457999394102651,0.4846372002392231,0.05405793719909322,0.10401758167999464,"[-0.008451072880891308, 0.9777254733593375]",-0.5315987646381419,0.3148547148695925,0.7590518680559124,"[-1.5682392809845003, 0.5050417517082164]",2.0305577072089283
3476.0,24.0,0.014740591243790119,0.03617323004611073,0.7682987765545881,0.0013486297493716273,0.0033087089042483494,"[0.29852090999781306, 1.2380766431113632]",-0.28167188791008435,0.3821289056906231,0.809701846218668,"[-0.913341351236235, 0.34999757541606635]",1.0759073589819887
3477.0,24.0,0.00020688394374096807,0.0016547991217615034,1.2478985459964316,4.268413149337804e-07,3.417463014948303e-06,"[0.764204806587929, 1.7315922854049342]",0.15592013664494697,0.4472123413265775,0.8489224398758114,"[-0.24614491199694977, 0.5579851852868437]",23.40442894860943
3478.0,24.0,0.009960320786360695,0.025931380111360276,1.0492874589225967,0.0007172905396029391,0.001866485921423209,"[0.44135472011648125, 1.6572201977287122]",0.3256622031322163,0.28530431048026783,0.7351309211034986,"[-0.2717158834379566, 0.9230402897023892]",22.75606201423946
3479.0,24.0,0.01557441637998702,0.037940112984134036,0.7700667950760187,0.0014705837399282416,0.0035832937132754426,"[0.29550681919865746, 1.24462677095338]",0.22839190074692084,0.48284859579657224,0.8659408102521023,"[-0.4095186329832389, 0.8663024344770806]",23.127607200815376
3480.0,24.0,3.928526970628934e-06,0.00022070376239488392,1.425250939159333,1.071753773394363e-11,6.021088614575072e-10,"[1.0142406094680638, 1.8362612688506024]",0.27420110888059757,0.07132247181500737,0.38957819047970865,"[-0.023801943176546603, 0.5722041609377417]",22.952628914888972
3481.0,24.0,0.000811103991803441,0.004005451811375017,0.7490732553585376,7.752339176233306e-06,3.826426049473497e-05,"[0.42076700558602703, 1.0773795051310482]",0.44868638795679416,0.050122186822915527,0.3223291757100677,"[-0.00023918190401206463, 0.8976119578176004]",22.28614424300708
3482.0,24.0,1.6392446590203347e-05,0.0004050210111886129,1.4420969624737954,7.468216669138736e-10,1.8465557011964343e-08,"[0.9829460353347257, 1.901247889612865]",0.21281112727378826,0.2059012976903467,0.6405363603461066,"[-0.11693568043702557, 0.5425579349846021]",23.187121371586034
3483.0,24.0,0.006509548818482879,0.01845110209320544,0.8799275246213039,0.00035317256627997415,0.0010007723612354043,"[0.397218728791237, 1.3626363204513707]",-0.2364578998020912,0.41428806837387233,0.8280792891742401,"[-0.8041520700949096, 0.33123627049072724]",0.903202646079142
3484.0,24.0,0.00014059298482162395,0.0013288561892403018,1.040335383865857,1.767756227228257e-07,1.6727155707061991e-06,"[0.6498857863350448, 1.4307849813966693]",-0.08350267885529128,0.6746066243412702,0.9338966192307091,"[-0.47332863242038326, 0.3063232747098007]",0.3189567384296327
3485.0,24.0,0.001876675751287785,0.007226321722324933,0.9504677861964883,3.895557570431971e-05,0.00014994447923140768,"[0.4976070606799402, 1.4033285117130365]",0.3308392592748035,0.18675245681857877,0.6181710822584453,"[-0.16030586307571293, 0.82198438162532]",22.73628711642129
3486.0,24.0,0.008418109251846042,0.022532412344341654,0.6706737951089714,0.0005426158730576668,0.0014523979471564958,"[0.2906281695368263, 1.0507194206811166]",-0.18920137016138838,0.5277649261984763,0.8840013597459259,"[-0.7764918557484682, 0.3980891154256915]",0.7226959992226655
3487.0,24.0,1.4539618654158209e-05,0.00038061828937586934,1.0472258070310472,5.416904770910783e-10,1.4143354493239643e-08,"[0.7165214427555147, 1.3779301713065797]",0.4932856196188782,0.002723676108841047,0.05178091461674994,"[0.17072309119579515, 0.8158481480419613]",22.11578772675617
3488.0,24.0,0.009590767469912057,0.025158505596986746,0.7671981589157068,0.0006772279670462122,0.001775637039974337,"[0.3247616094263896, 1.2096347084050239]",0.5877870479670895,0.04903260511378695,0.3183935396999153,"[0.00249174887999537, 1.1730823470541836]",21.754818859935472
3489.0,24.0,0.0006395261807721397,0.0034155947163807257,1.2739800165568629,4.757186193134672e-06,2.5418870749340425e-05,"[0.7282238208598492, 1.8197362122538765]",0.09663544883011177,0.6702947257380436,0.9333950467214768,"[-0.3482379968214513, 0.5415088944816748]",23.630879775378812
3490.0,24.0,0.0008565644025319216,0.004142791727790361,1.0447415676168945,8.57455181462553e-06,4.14761659097398e-05,"[0.5846264745472636, 1.5048566606865255]",-0.16377637537045597,0.4821930578810655,0.8655838249888451,"[-0.6205280474101988, 0.29297529666928696]",0.6255796728451635
3491.0,24.0,0.0032927954438524555,0.01080668015704777,0.7432925709292533,0.00010803492043505938,0.0003547157489302501,"[0.36702650461285524, 1.1195586372456514]",0.06619967402695082,0.8051254320701664,0.964880279922775,"[-0.45969737499340535, 0.592096723047307]",23.747135871540927
3492.0,24.0,4.783902497717415e-05,0.000713656361672168,1.044771527893183,1.2900716212483429e-08,1.9283581782486442e-07,"[0.6847258723265139, 1.4048171834598522]",0.014199834465513206,0.938056876747538,0.9892015094756179,"[-0.3439307227020704, 0.37233039163309684]",23.945760627689445
3493.0,24.0,3.836556462693861e-06,0.0002186098267406235,1.432263093630438,9.886876640872006e-12,5.682113011995407e-10,"[1.0199354737436774, 1.8445907135171984]",-0.16947103279795783,0.2658531182128556,0.7158134577621315,"[-0.46799544623844996, 0.1290533806425343]",0.647331661936409
3494.0,24.0,0.00659310790382881,0.01860402058828083,1.162687445769483,0.00036199760990876815,0.0010211498163858058,"[0.5237064044639803, 1.8016684870749855]",-0.40255829140884725,0.162146039987082,0.5784732072318302,"[-0.966980124441939, 0.16186354162424454]",1.537659407048297
3495.0,24.0,0.010691852863863455,0.027478419079577113,0.8819288629369503,0.0008067776141392794,0.002072912677644603,"[0.3660148268824417, 1.3978428989914589]",0.43546735374855405,0.15464707397759847,0.5675121980829301,"[-0.1641925321235218, 1.03512723962063]",22.336637234298493
3496.0,24.0,0.20684543680926004,0.3921240508232418,0.5258577377582799,0.06584658616718359,0.12480399197722439,"[-0.034447204493198824, 1.0861626800097586]",-0.6925091164482104,0.2059324398512733,0.6405363603461066,"[-1.7656125544124472, 0.38059432151602635]",2.645189976454408
3497.0,24.0,0.00019761212845114746,0.0016161298767611255,1.2226831949890913,3.8455720027468697e-07,3.1469492657503024e-06,"[0.7506178233138969, 1.6947485666642856]",0.07979697849747058,0.6965482107579855,0.9389973183580284,"[-0.3212428413203505, 0.4808367983152917]",23.695197994279916
3498.0,24.0,0.0031296116975427575,0.010411216558691809,1.1909594144867846,9.887163579412383e-05,0.00032880490786206794,"[0.5914137977993198, 1.7905050311742494]",0.2294843710850092,0.38804544218718207,0.8128805960587455,"[-0.29159776124950154, 0.7505665034195199]",23.123434271507662
3499.0,24.0,0.0018003399636874091,0.006999766577322742,0.9760025940605218,3.5960800489546944e-05,0.0001399252937336457,"[0.5130485137020243, 1.4389566744190194]",0.22617961920249208,0.36663921052445936,0.7999525563514279,"[-0.2648599580606027, 0.7172191964655869]",23.13605749385474
3500.0,24.0,0.011501743855909694,0.02921448782298627,1.070228632337736,0.0009042602211904069,0.0022968255554747445,"[0.4381777970759658, 1.702279467599506]",0.14968751448066797,0.632052506811858,0.9223220313219056,"[-0.4630060352674702, 0.7623810642288061]",23.428235811630287
3501.0,24.0,0.0011649236001481413,0.005134467155641851,1.1253306293663359,1.566088529058267e-05,6.908198187288341e-05,"[0.614676600028699, 1.6359846587039728]",0.06797374253862376,0.7774770153145597,0.9596363723535175,"[-0.40344208164178735, 0.5393895667190349]",23.740359428988533
3502.0,24.0,0.011241061039501715,0.028661552879912584,0.9537939570248414,0.0008726066917373666,0.0022243351815890047,"[0.3921883007159387, 1.5153996133337442]",0.26651468637761866,0.3907687393388425,0.8142711801184466,"[-0.34213659252323403, 0.8751659652784713]",22.981988886153978
3503.0,24.0,0.052469188047609264,0.11218556349713334,0.7638813363753,0.009346734344319978,0.019984465136454944,"[0.18784448666093445, 1.3399181860896654]",-0.39561841938201336,0.3169146193896202,0.7602537785596664,"[-1.1703822177418628, 0.3791453789778362]",1.511151048548398
3504.0,24.0,0.0009082828470366075,0.004327216993980979,1.2444427744837767,9.628286433999322e-06,4.589269034318075e-05,"[0.6932865741238993, 1.7955989748436543]",0.14267827071326433,0.5428464916460292,0.890788466764078,"[-0.3168743124244539, 0.6022308538509826]",23.45500915066033
3505.0,24.0,0.0023006287270227253,0.008336853177379982,1.0870890260740418,5.648965815160622e-05,0.00020482109554607043,"[0.5579984114279344, 1.6161796407201492]",-0.0037098376079676143,0.988530308671752,0.997608546444396,"[-0.5095069707432759, 0.5020872955273407]",0.01417053584103021
3506.0,24.0,0.0012431653915408582,0.005363196891411236,0.9865333219058564,1.7764963452988838e-05,7.668927878305294e-05,"[0.5359517367489223, 1.4371149070627904]",0.10745190082356171,0.6569757169191096,0.9301211184160023,"[-0.36677781729313413, 0.5816816189402576]",23.58956397214344
3507.0,24.0,0.04266632756615199,0.09295496201776032,0.6651043179789912,0.00688284366088603,0.01499203585468532,"[0.18273623785135984, 1.1474723981066224]",0.2756363799082422,0.47098474913473787,0.8584731734461428,"[-0.4737797263887924, 1.0250524862052768]",22.947146583399544
3508.0,24.0,1.5576752685912066e-05,0.0003923615286123946,1.199972842108751,6.442775920198361e-10,1.6228654710827106e-08,"[0.8193565744141884, 1.5805891098033136]",-0.004415947028054035,0.9790523671710327,0.9965923932929893,"[-0.33404626882000893, 0.32521437476390086]",0.016867675150722343
3509.0,24.0,0.0076524916113924046,0.020891322990424253,0.9200525838865541,0.00046326215782397333,0.0012643200563084533,"[0.405001231491128, 1.4351039362819802]",-0.22051365593303807,0.4558796415711309,0.8520462075951002,"[-0.8001415824496325, 0.3591142705835564]",0.8423001206642031
3510.0,24.0,0.0004186765648516918,0.0025764711683181033,1.5093319727494623,2.0010665535494926e-06,1.229911833773505e-05,"[0.8869799233256592, 2.1316840221732654]",-0.5300142893213593,0.013421118740967448,0.14323499189933242,"[-0.9501773212409396, -0.10985125740177903]",2.024505457315975
3511.0,24.0,2.6117103742891703e-06,0.00019127600552403012,1.6270013764574216,2.906604023541963e-12,2.121608776308002e-10,"[1.1702858755954164, 2.083716877319427]",-0.41851026434090777,0.004402407840343704,0.06978156382045168,"[-0.7065459986738842, -0.13047453000793124]",1.59859145530923
3512.0,24.0,0.00016871204536874642,0.001459298747635282,1.0880712137624273,2.6908230349678214e-07,2.329716913392053e-06,"[0.6734874636257424, 1.5026549638991122]",0.14294372205033312,0.4785482952703336,0.863468373341443,"[-0.2524118805233885, 0.5382993246240547]",23.453995201241653
3513.0,24.0,0.0034551821336647774,0.011207207699204597,1.172048661926264,0.00011816081456738046,0.0003831414220732181,"[0.575366493949891, 1.768730829902637]",-0.3210417691011225,0.23073010736224986,0.6711758648269693,"[-0.8460652770921439, 0.2039817388898989]",1.2262892277938533
3514.0,24.0,0.02157222845706855,0.05061527089879997,0.8591543182627618,0.002459503140145157,0.005769418578806373,"[0.3030922378404699, 1.4152163986850537]",0.5277774567661435,0.11682287444818698,0.49852374971028296,"[-0.1318272098358304, 1.1873821233681174]",21.98403861367678
3515.0,24.0,0.00010223306039884514,0.0010830564783920543,1.3354686696265186,8.407427429962772e-08,8.906173124960564e-07,"[0.8469668288977599, 1.8239705103552772]",0.2674289405798902,0.1656643779792054,0.5837363565158753,"[-0.11067270862674822, 0.6455305897865287]",22.97849669234116
3516.0,24.0,0.01656629165447446,0.040005534060551705,0.7889285719139166,0.0016189185316496406,0.003910431235868697,"[0.298434324508572, 1.2794228193192612]",-0.051341961877374054,0.8762095873027556,0.9758431755237281,"[-0.6973233382073835, 0.5946394144526354]",0.19611184849967347
3517.0,24.0,0.0034336229047275952,0.011155370060843389,0.7181919959285157,0.00011719499806033211,0.00038050324045562375,"[0.35275600414409464, 1.0836279877129367]",-0.44699586972032357,0.09280086055849245,0.4414883946645692,"[-0.9682318108222869, 0.0742400713816398]",1.7073984529836086
3518.0,24.0,2.4655457046015655e-05,0.0004983137371687385,1.4147981685897104,2.2783592042151306e-09,4.606498342203668e-08,"[0.9508301599512996, 1.8787661772281212]",-0.09705734101945929,0.5764485301435253,0.9025590111168773,"[-0.437615473146425, 0.24350079110750644]",0.3707317340784653
3519.0,24.0,0.0020215329641998293,0.0076341879312682385,1.2028049236131828,4.4546874470179994e-05,0.0001684828837752647,"[0.6253564387456285, 1.780253408480737]",0.13301188653764395,0.6008105265672159,0.91161020243821,"[-0.36523147062537153, 0.6312552437006594]",23.491932018421334
3520.0,24.0,2.7569969433822758e-05,0.0005210914984264944,1.4260566509232515,3.0788610731173805e-09,5.831176274843524e-08,"[0.9545093905146678, 1.8976039113318353]",-0.15958536850817762,0.3617789020983443,0.7972072879355888,"[-0.502554897112112, 0.18338416009575675]",0.6095712058372358
3521.0,24.0,0.011674487628740736,0.029593434749726755,1.001148558954372,0.0009280063538162412,0.002351764708099952,"[0.4086010170991351, 1.593696100809609]",-0.2855834082838875,0.3598840105908112,0.7960482154681727,"[-0.8969220672699947, 0.32575525070221967]",1.090848266241879
3522.0,24.0,0.02149355438789125,0.05050177252793996,0.7494054669141291,0.0024319386031569205,0.005715484378747169,"[0.2649196657579108, 1.2338912680703475]",0.017938227413823782,0.9582646384959691,0.9938808419181301,"[-0.6539009258352574, 0.689777380662905]",23.931481018482803
3523.0,24.0,0.0045740484454994,0.013894436347203524,1.059834474337572,0.000192586322746726,0.0005851908925758919,"[0.5027174766902662, 1.6169514719848779]",-0.056171270344909985,0.8402450447189536,0.9708072590103425,"[-0.602324861175457, 0.48998232048563706]",0.21455844804344681
3524.0,24.0,0.00029386661737894717,0.0020507091233701825,1.3929594543682338,9.248972114407537e-07,6.456286406494881e-06,"[0.8365784072696953, 1.9493405014667722]",0.03950346310245312,0.8520153384070975,0.9708072590103425,"[-0.3755399704338418, 0.45454689663874803]",23.84910788587191
3525.0,24.0,0.2681517461420292,0.48754862934914395,0.4835089479779165,0.09450104110751237,0.17182007474093156,"[-0.0832334002641209, 1.050251296219954]",0.15582090600050602,0.8016742946681058,0.9644549957475566,"[-1.060049539029904, 1.371691351030916]",23.404807981751084
3526.0,24.0,0.15405307920589548,0.30112017045718426,0.5146757397863717,0.0434558715073022,0.08494110927932408,"[0.015123882505253539, 1.0142275970674899]",-0.09451582061898467,0.854188179412713,0.9710102122541093,"[-1.1025163907123572, 0.9134847494743878]",0.36102384124555903
3527.0,24.0,0.0026188043091621613,0.009163066162218899,0.8692520545742697,7.178529500071749e-05,0.0002510853270399353,"[0.44013910544827445, 1.298365003700265]",0.27170109117903785,0.296585086636875,0.7463117737752201,"[-0.23848499958989733, 0.781887181947973]",22.962178279089464
3528.0,24.0,0.00035236871203049087,0.00230306347732347,1.0724500863837392,1.3792584923037385e-06,9.014761387606135e-06,"[0.6370787477886164, 1.507821424978862]",-0.3600332254612084,0.09128083823038922,0.4386392995213322,"[-0.7779053521958038, 0.05783890127338698]",1.3752256202272837
3529.0,24.0,0.0011109685391191236,0.004966332316133766,0.9038115429155879,1.4281510463387928e-05,6.387079813679754e-05,"[0.4955979246347636, 1.312025161196412]",-0.05500697979068203,0.8182901433707196,0.966095377463714,"[-0.5242743461873243, 0.4142603866059602]",0.21011118571783285
3530.0,24.0,0.0034734613946052068,0.011255545672732362,0.8108094452741464,0.00011940959827748396,0.0003868143773161126,"[0.39775540333833787, 1.223863487209955]",0.3715819142674679,0.16462891683717418,0.5820654015865844,"[-0.15248987137414882, 0.8956536999090846]",22.580661637938807
3531.0,24.0,3.570897797722782e-05,0.0006052369148682682,1.1703422037927778,6.076395175461034e-09,1.029897487366277e-07,"[0.7758503762943124, 1.5648340312912432]",-0.04523883103490611,0.8001464759154003,0.9643261963868218,"[-0.3954811324811697, 0.30500347041135745]",0.17279960589370444
3532.0,24.0,0.0005480073029187288,0.0030891054279522483,1.1731049160290223,3.473114901663635e-06,1.9577874304755553e-05,"[0.677647951195459, 1.6685618808625857]",-0.20721347693228775,0.3532378865111201,0.7918103308023713,"[-0.6447003530652211, 0.23027339920064566]",0.7914971790967686
3533.0,24.0,0.004990385734036178,0.014861184437272718,0.969362784569322,0.00022424791499430676,0.0006676032003403,"[0.454481331659775, 1.484244237478869]",0.19694326886246838,0.4830821068067902,0.8660904095852501,"[-0.35342316645562466, 0.7473097041805614]",23.24773212604469
3534.0,24.0,0.016290171377991623,0.03944351423242524,0.8748064609703532,0.0015855811968221855,0.003836392927225225,"[0.33196523184296955, 1.4176476900977368]",0.5083221907425841,0.11562945877477579,0.49805647231617267,"[-0.12489379354208374, 1.141538175027252]",22.058352255840393
3535.0,24.0,0.00020956548574275054,0.0016725098622725502,1.0855604560794252,4.386931841272078e-07,3.5011427304645476e-06,"[0.6643545515955448, 1.5067663605633057]",-0.07050538757524105,0.7317232082072583,0.9512605204558294,"[-0.47358077250902475, 0.33256999735854265]",0.26931074273302835
3536.0,24.0,0.0017332922389015403,0.006823985192525749,1.0890855271315099,3.3631455150761655e-05,0.00013230312805177677,"[0.5744056721170118, 1.6037653821460078]",0.391837772674962,0.11378414253133347,0.49449866376068435,"[-0.09379690765304977, 0.8774724530029738]",22.503289958127873
3537.0,24.0,0.004399066513913382,0.013494069061083995,0.8834755543099195,0.00018026578163341374,0.0005529625203478949,"[0.42112632057549904, 1.34582478804434]",0.21161432346242748,0.4441456369615555,0.8474209762881348,"[-0.33040115140202553, 0.7536297983268805]",23.191692825405777
3538.0,24.0,0.0002427877574487382,0.0018145572305585814,1.0533013931166353,6.085429715772254e-07,4.54815374870871e-06,"[0.6394618505062447, 1.4671409357270258]",0.05796674709160232,0.7807649079637382,0.9597210295801402,"[-0.35023880937276936, 0.466172303555974]",23.77858333596993
3539.0,24.0,3.4327218715442754e-06,0.00020932207166557925,1.1336880467326453,6.90929746655299e-12,4.264998436143821e-10,"[0.809760397368608, 1.4576156960966826]",-0.012697403428218124,0.9332065407912475,0.9892015094756179,"[-0.30963209206659303, 0.2842372852101568]",0.04850050848078941
3540.0,24.0,0.0004761559331136646,0.0028158245601044626,0.8883371253725978,2.5999770361559475e-06,1.5384479503881344e-05,"[0.5178985866327541, 1.2587756641124415]",0.28433522275573253,0.19574115327110808,0.628212415479628,"[-0.14640760835119804, 0.7150780538626631]",22.91391945127896
3541.0,24.0,0.008747265088965115,0.023288778192132896,0.8301145576907919,0.0005807835767475066,0.0015450480892458276,"[0.3572105668044412, 1.3030185485771426]",0.4514638276800724,0.1293515628536326,0.5199017799583304,"[-0.13195669281187028, 1.0348843481720151]",22.27553520474069
3542.0,24.0,0.10088813282400685,0.20439248951379024,0.6125574865093311,0.02392248581370778,0.048465327823557086,"[0.08093971567491265, 1.1441752573437496]",0.14180368087960638,0.7576023690448797,0.9559877159165165,"[-0.7587223972561549, 1.0423297590153675]",23.45834983774524
3543.0,24.0,0.0166818384583486,0.04026511817124934,0.8199421735571518,0.001636660248083786,0.003950422998029896,"[0.30965077094950566, 1.3302335761647979]",-0.026735795690000508,0.935422193888027,0.9892015094756179,"[-0.6734657777415767, 0.6199941863615757]",0.10212321699740572
3544.0,24.0,7.277932071777099e-05,0.000910880109108523,0.9850649552728934,3.6882618563282115e-08,4.6160974422130307e-07,"[0.6343593135953929, 1.335770596950394]",-0.17830114369960803,0.3437334533797859,0.783884728346148,"[-0.547395536142899, 0.19079324874368292]",0.6810602010895432
3545.0,24.0,6.115073896863891e-05,0.0008173507895384916,1.1123768392606865,2.420858102587561e-08,3.223512786401546e-07,"[0.7215775433914147, 1.5031761351299584]",0.39212066543684365,0.0332694746154065,0.2522325596315883,"[0.031101991477540725, 0.7531393393961465]",22.50220938737383
3546.0,24.0,8.675589047360554e-05,0.0009892347830513745,0.9608518462044784,5.639561786298407e-08,6.432365371633398e-07,"[0.6140229971154192, 1.3076806952935376]",-0.01667368232264721,0.9305760668953318,0.9892015094756179,"[-0.3917860324838917, 0.3584386678385973]",0.0636887750686382
3547.0,24.0,0.00011111492150413814,0.0011408102823833484,1.3479481088344791,1.019779427401456e-07,1.0480775204537062e-06,"[0.8516399099645424, 1.8442563077044158]",-0.11432031112963514,0.5577675553475043,0.895724354179387,"[-0.4965767600354076, 0.26793613777613734]",0.43667142269003645
3548.0,24.0,0.0001270638691586304,0.0012348286604337258,1.169195837725128,1.3961509139630023e-07,1.360770871308969e-06,"[0.7340099731496594, 1.6043817023005964]",0.0059765641862776775,0.975841210915956,0.9955285224381598,"[-0.3808338895018351, 0.39278701787439046]",23.97717120640915
3549.0,24.0,0.0003019300807750582,0.0020880365198828366,1.0987374943591393,9.812949453255292e-07,6.793228466398173e-06,"[0.6588333686197267, 1.5386416200985518]",0.08154879799438497,0.7007290232762845,0.9400237903147177,"[-0.3343177338606061, 0.49741532984937603]",23.688506536703787
3550.0,24.0,0.0007438734983434087,0.003778781615055034,0.9670520452753328,6.4737033617096766e-06,3.291155750742083e-05,"[0.5468164534802222, 1.3872876370704434]",-0.2124602853229467,0.3548366168149062,0.7924334095395654,"[-0.6625171829877923, 0.23759661234189894]",0.8115385108766743
3551.0,24.0,0.0006567767029417931,0.0034750090102740375,1.089409546070203,5.0224824504916716e-06,2.6573981219532652e-05,"[0.6215578098331083, 1.5572612823072975]",-0.1046478882985502,0.6455490433289628,0.9289812107194745,"[-0.5505750260443505, 0.3412792494472501]",0.39972548896422666
3552.0,24.0,0.020464418719224074,0.048333535000529226,0.8061585605194236,0.0022547108853025718,0.005325250083378771,"[0.2888673888527591, 1.323449732186088]",0.12732418929835898,0.7078911159797814,0.9436463178572346,"[-0.5386954594414435, 0.7933438380381614]",23.51365742155195
3553.0,24.0,0.002182944183795407,0.008064071606189166,1.2030934747124251,5.1310096623451815e-05,0.00018954597939952646,"[0.6208056561076, 1.7853812933172502]",-0.08051595542417633,0.7535942803579125,0.9552799279805988,"[-0.5832447832530641, 0.4222128724047114]",0.30754829528458477
3554.0,24.0,0.004386899511935113,0.013460876072215749,0.8900656316207145,0.00017912086491930494,0.0005502945158811211,"[0.4244664324582626, 1.3556648307831665]",0.08508766907808862,0.7588886153941449,0.9564591353912479,"[-0.45823826554265545, 0.6284136036988327]",23.674989044881315
3555.0,24.0,8.507777065583427e-05,0.0009779338427282139,1.153017997781683,5.380249704645476e-08,6.19844436019064e-07,"[0.7374673480487753, 1.5685686475145908]",0.04238715375945645,0.8244373234045734,0.9666963285808975,"[-0.33210237831821, 0.4168766858371229]",23.83809299893407
3556.0,24.0,4.923053744058846e-06,0.0002413319386198876,1.085114298063692,2.1560068684691467e-11,1.0726402330692273e-09,"[0.7674489269056215, 1.4027796692217627]",0.09837438701625079,0.5259309138247378,0.8839273529919359,"[-0.20563258261086265, 0.4023813566433642]",23.624237520785485
3557.0,24.0,0.0010339565234650488,0.004738572518171626,1.223216315274112,1.2467334723807182e-05,5.711101568395411e-05,"[0.6745044495275877, 1.7719281810206362]",0.29346428809855674,0.2143128495385156,0.653392833958889,"[-0.1697202476696057, 0.7566488238667192]",22.879048990276097
3558.0,24.0,0.027514048756464304,0.0629324079516567,0.893216176013357,0.0035540997699001955,0.008129230946706761,"[0.29269312169175243, 1.4937392303349615]",-0.03211731006818663,0.9282057740120893,0.9892015094756179,"[-0.7307525427853641, 0.6665179226489908]",0.12267908774800802
3559.0,24.0,0.007393593163727516,0.02031206913111955,0.9226633721429968,0.00043869060881402766,0.001204862973946794,"[0.40828036116061517, 1.4370463831253784]",0.38718497698759613,0.18541044094178016,0.6170340062801836,"[-0.1858579218688643, 0.9602278758440566]",22.521062328516056
3560.0,24.0,0.047470127773559065,0.1024387737884313,0.7440837411977719,0.008049098639593239,0.017369656106157184,"[0.19375335547286798, 1.2944141269226757]",-0.1466804995670996,0.7079234676564974,0.9436463178572346,"[-0.9140400798994074, 0.6206790807652082]",0.5602782374710205
3561.0,24.0,0.000996618094770374,0.004605444060861248,1.0193049367773028,1.1548151649520919e-05,5.341420744459259e-05,"[0.5638045980414531, 1.4748052755131527]",-0.03480072182962779,0.8832220058858523,0.9769289073763932,"[-0.499161950603041, 0.42956050694378545]",0.13292896565643098
3562.0,24.0,0.03281061768850695,0.07336900198682235,0.6937867847248013,0.004644006482131082,0.010386952543348427,"[0.21341917070347172, 1.174154398746131]",0.1720393528419235,0.6385877759083421,0.9254619894969263,"[-0.5458857702910065, 0.8899644759748535]",23.34285807813305
3563.0,24.0,5.2012553793544005e-05,0.000755457329366165,1.3688528976401326,1.6085302138029166e-08,2.3345866673482097e-07,"[0.8939664767581287, 1.8437393185221365]",-0.3213952900802646,0.07829261723720274,0.4075986144065418,"[-0.6791680100886572, 0.03637742992812809]",1.2276395784654648
3564.0,24.0,7.499354284994972e-06,0.0002840664501892035,1.5351220540725947,7.76863732643975e-11,2.942665653954451e-09,"[1.0725889769124288, 1.9976551312327606]",-0.0977312536522934,0.5404100981092592,0.8900034553841556,"[-0.41062236723000317, 0.21515985992541636]",0.3733058907199283
3565.0,24.0,0.02439813103306562,0.05650331411085136,0.6652816105501549,0.0029576423182577057,0.006854327504652852,"[0.22655975792291883, 1.104003463177391]",0.08261701304654157,0.8131213162612162,0.9659171815673817,"[-0.6023470520881182, 0.7675810781812014]",23.68442625576373
3566.0,24.0,9.101900070709454e-05,0.0010076592585816402,1.2964181997239823,6.334951458733063e-08,7.015450120413136e-07,"[0.8266648910897997, 1.7661715083581648]",0.08879849514807159,0.6437468774052536,0.927112558312669,"[-0.2875355361097669, 0.4651325264059101]",23.660814733393504
3567.0,24.0,0.04230738653781363,0.0922936006496807,0.6809750154859144,0.006799156132241005,0.014831574229295959,"[0.18783833954195744, 1.1741116914298715]",0.3020180729369377,0.4283955566053722,0.8368735233548978,"[-0.44544311146212834, 1.049479257336004]",22.846375938935946
3568.0,24.0,0.0008755956147568929,0.004207571430835622,1.0601255777533953,8.973148817102406e-06,4.311940805911776e-05,"[0.5922082117519321, 1.5280429437548586]",0.2444176655103698,0.2941332499269339,0.7436997469707557,"[-0.2122127476428966, 0.7010480786636362]",23.066393288521038
3569.0,24.0,0.0011968143947390564,0.005237699758157795,0.9817783862916433,1.6497711801896896e-05,7.220005164943937e-05,"[0.5350759731548855, 1.428480799428401]",0.02076396104398892,0.931410108910898,0.9892015094756179,"[-0.4520630592263915, 0.49359098131436935]",23.92068751108036
3570.0,24.0,0.03265992728205276,0.07309742005830967,0.6590273360932158,0.004611196872233295,0.010327428605225744,"[0.20309180338758653, 1.114962868798845]",-0.15259480575589457,0.6768800120032857,0.9341755514903409,"[-0.8702881550463701, 0.565098543534581]",0.5828692230287573
3571.0,24.0,5.5283809811057675e-05,0.0007821806014394028,1.389651452761138,1.8594314180448423e-08,2.6327875371663195e-07,"[0.9054092013053869, 1.8738937042168893]",-0.03846920750211691,0.8350498170726863,0.9707873627483405,"[-0.4005614201559056, 0.3236230051516718]",0.14694154873895351
3572.0,24.0,2.6295157989290156e-05,0.0005133188353146951,1.1689583551474603,2.7074949499372865e-09,5.294895070784116e-08,"[0.7837942692402285, 1.5541224410546919]",0.07728597948337157,0.6580711470530433,0.9301211184160023,"[-0.264976414092041, 0.4195483730587841]",23.704789304004542
3573.0,24.0,0.00018293328037847546,0.0015362424062430801,1.2912130308302663,3.2332567820818144e-07,2.7170225059511047e-06,"[0.7958961238405646, 1.786529937819968]",-0.12966187498377213,0.5232805895507824,0.8837210016087154,"[-0.5278037161788162, 0.2684799662112719]",0.4952718800215368
3574.0,24.0,0.05634994934407159,0.11958817772510948,0.6538630661619732,0.010350289963167903,0.02196581061792849,"[0.15402013628294625, 1.153705996041]",-0.15036905427810066,0.710176045829279,0.9447599385782611,"[-0.9434323899126917, 0.6426942813564904]",0.5743674786339176
3575.0,24.0,0.0007137090644679458,0.0036824185886469214,1.2234352632766838,5.9925955569667776e-06,3.08737535134816e-05,"[0.6937082369942215, 1.753162289559146]",-0.4227647723878958,0.06211256676111355,0.3621724009394376,"[-0.8669392993961909, 0.02140975462039929]",1.6148424789756874
3576.0,24.0,3.66327877538648e-05,0.0006115657387957395,1.4595119991528358,6.493254786061757e-09,1.0876473678495405e-07,"[0.9666067820309027, 1.9524172162747688]",-0.015531287573566033,0.9308818986856189,0.9892015094756179,"[-0.3664928485708546, 0.33543027342372256]",0.059325148557954316
3577.0,24.0,0.0008859507899279341,0.004241953311541355,0.9799672951006614,9.171521531033226e-06,4.393259251842474e-05,"[0.5469710891855117, 1.412963501015811]",-0.18099559971904622,0.43864117232576194,0.8451378487968474,"[-0.6390324093738574, 0.277041209935765]",0.6913522649560385
3578.0,24.0,0.010155689739402524,0.026392125102397416,0.7839958573376448,0.0007405578719466378,0.0019240266873126468,"[0.32858528441457857, 1.2394064302607108]",-0.33554224165757063,0.27196356782212816,0.7219632806533798,"[-0.9341946210215156, 0.26311013770637437]",1.2816769530225036
3579.0,24.0,8.022122146935676e-05,0.0009550145413018661,1.241953288485441,4.6647953528257534e-08,5.559946785251196e-07,"[0.7964287863746458, 1.6874777905962361]",0.01205858171048746,0.9494501122881326,0.9908684119057948,"[-0.3607392217701385, 0.3848563851911134]",23.953939610738363
3580.0,24.0,0.004448212029956567,0.013615586256371494,0.8695997071564652,0.00018380889717690968,0.0005624507257555376,"[0.41391722578003837, 1.325282188532892]",0.21914217832102878,0.42859991306733813,0.8371092052096448,"[-0.3234504531165654, 0.761734809758623]",23.162938537926784
3581.0,24.0,0.0030752626121427857,0.01028515923793574,0.8384518787886202,9.569263574984302e-05,0.0003200422600329198,"[0.41722007859461496, 1.2596836789826253]",-0.14835946908452158,0.5769275127469764,0.9028967769797148,"[-0.6695828850727527, 0.3728639469037095]",0.5666914286229802
3582.0,24.0,0.009158414421147922,0.02423502096096301,1.0206191078393088,0.0006274069299708866,0.00166024591153979,"[0.4356248820168853, 1.6056133336617322]",-0.5409061155561528,0.0692939283433724,0.383582200383129,"[-1.1245325096278473, 0.04272027851554183]",2.0661091689455438
3583.0,24.0,0.022340445160240793,0.05223662885670467,0.6736255121645738,0.002586847023361316,0.006049689016279973,"[0.23542945618198657, 1.111821568147161]",-0.27214643110009007,0.42753035320742105,0.836119601169068,"[-0.944418318998049, 0.4001254567978688]",1.039522794105534
3584.0,24.0,0.0023772135948360077,0.008526591086212367,1.0461959184166976,6.0147785563864845e-05,0.00021573811177856832,"[0.5351319509171567, 1.5572598859162383]",-0.24420416911325038,0.3436025441490087,0.783884728346148,"[-0.7495847794215442, 0.26117644119504346]",0.9327912153125508
3585.0,24.0,0.09562488183543782,0.19471570318761522,0.622153694606914,0.022256498192581204,0.045319686810387304,"[0.0887244493896524, 1.1555829398241757]",0.7043359185606786,0.10957198034588209,0.48440309613564136,"[-0.15839505990681257, 1.5670668970281696]",21.309634967133537
3586.0,24.0,0.001347708953529953,0.00567217573034492,1.1449788968108028,2.0752894851853885e-05,8.734383355157358e-05,"[0.6177740383780075, 1.672183755243598]",0.13012859664640342,0.5935549297144983,0.9090257716643009,"[-0.34776419440594214, 0.608021387698749]",23.502945374546723
3587.0,24.0,0.010584960531712746,0.027231696762831867,0.8906094603807152,0.0007911938272842052,0.0020360108782403632,"[0.37045549888277274, 1.4107634218786576]",0.25232556412224394,0.4129436040510158,0.8276810186583298,"[-0.35172256971257676, 0.8563736979570646]",23.036187340835852
3588.0,24.0,0.007626797639718621,0.0208293386171112,0.896673875322686,0.0004609452762496169,0.0012590693150768013,"[0.39490153139102524, 1.398446219254347]",-0.2581756133301374,0.3818460759558142,0.8095104429845542,"[-0.8368090759574568, 0.320457849297182]",0.9861582011345567
3589.0,24.0,8.313695969004257e-05,0.0009689622341496803,1.0053604199201125,5.092691559300977e-08,5.935537947903237e-07,"[0.6436764083641164, 1.3670444314761085]",0.11154175336718364,0.5583440717891646,0.8959434689226791,"[-0.26197053062034453, 0.4850540373547118]",23.573941886171415
3590.0,24.0,0.005196806991487805,0.015338863611239095,1.0076964583374852,0.00024116148410012074,0.0007116007202718228,"[0.4697511776760819, 1.5456417389988886]",-0.35396702868479846,0.20689682325630887,0.6425367181872946,"[-0.9036367938162339, 0.19570273644663694]",1.3520544553616731
3591.0,24.0,0.0014152919010869951,0.005882343728541127,0.958027804337698,2.2795340653233867e-05,9.482254847435053e-05,"[0.5147128370234964, 1.4013427716518996]",-0.1531954163930216,0.5316435107993577,0.8853843137902733,"[-0.6332240497756403, 0.32683321698959716]",0.5851633866712935
3592.0,24.0,3.320688046622348e-05,0.0005775109646299736,1.4033044876988316,5.026901303084719e-09,8.742437048842988e-08,"[0.9328469242375732, 1.87376205116009]",0.07991022663409897,0.6528817171901633,0.9301211184160023,"[-0.2683206162761583, 0.4281410695443562]",23.694765418262147
3593.0,24.0,2.651639972643849e-05,0.0005143391584132497,1.1369011246319611,2.7723964393343334e-09,5.3838924843626716e-08,"[0.7620552242023211, 1.5117470250616012]",0.13429089642764147,0.44176076384822405,0.846978439121565,"[-0.20787934496642457, 0.4764611378217075]",23.48704656051118
3594.0,24.0,0.00010187671502729833,0.0010826430927449344,1.2783732816822315,8.290717541584514e-08,8.810539364064308e-07,"[0.810976709026732, 1.745769854337731]",0.021883812062012176,0.9101194341081418,0.9847157609726442,"[-0.35806377965230585, 0.4018314037763302]",23.91640999527928
3595.0,24.0,0.0071742451825378695,0.019812883685550592,0.9475078512295032,0.00041532027127414155,0.001147610586554688,"[0.4214452273416204, 1.473570475117386]",0.11423993165136892,0.6976836337867408,0.93921592772905,"[-0.4621704361452754, 0.6906502994480133]",23.563635604300906
3596.0,24.0,0.0004844842679927924,0.002849364994622778,1.1390512137131434,2.6851617019865113e-06,1.579506883521477e-05,"[0.6633976794426111, 1.6147047479836758]",0.12219048253164644,0.5806138006775928,0.9038197395354808,"[-0.31128279625602795, 0.5556637613193208]",23.533266736951308
3597.0,24.0,1.3782480208313641e-05,0.00037234643229316146,1.174603336016166,4.5631008644753367e-10,1.2332705039122532e-08,"[0.8052757676870812, 1.543930904345251]",-0.016727866509773648,0.9200759549197542,0.9876219255870755,"[-0.34348344697029554, 0.31002771395074824]",0.06389574341788433
3598.0,24.0,0.04173901021432178,0.09125275516904631,0.8411937485656655,0.006663710686151329,0.014562304821134898,"[0.23353115376840217, 1.448856343362929]",0.2968136201499654,0.4353694949351685,0.8422274456758182,"[-0.448977297380333, 1.0426045376802637]",22.86625548422719
3599.0,24.0,0.00020561749890844793,0.0016515461759714692,1.102172710704014,4.235589471266247e-07,3.3966234733490353e-06,"[0.6750876525267488, 1.5292577688812792]",0.34333582207160607,0.09185325397665797,0.4396672112521484,"[-0.055860437947861497, 0.7425320820910737]",22.688553762642826
3600.0,24.0,0.026504857138897338,0.06084677947405266,0.7875226570941272,0.003359917638146864,0.0077150806846081835,"[0.2612164478902347, 1.3138288662980195]",-0.17870459524082527,0.6131812432646188,0.9169450813260098,"[-0.8715403368733948, 0.5141311463917443]",0.6826012724595297
3601.0,24.0,0.0007683670273868337,0.003850552994973165,1.135443928731817,6.903455716089364e-06,3.460378805057325e-05,"[0.6405349701546972, 1.6303528873089368]",-0.1759001002690006,0.4455235396515722,0.8480769362464472,"[-0.6278049932429166, 0.27600479270491546]",0.6718888907561155
3602.0,24.0,0.05465683607576247,0.11621695954871884,0.7040549621393762,0.009894461856645921,0.021038617598651756,"[0.1690968170940833, 1.239013107184669]",0.009790906076783124,0.9806114032598203,0.9969040046072112,"[-0.7798359508085007, 0.7994177629620669]",23.962601493612755
3603.0,24.0,0.0030018253587717086,0.010100354504615439,1.0362812765361509,9.209547579497158e-05,0.00030969084895814515,"[0.5168948418034175, 1.5556677112688844]",-0.3950674021144609,0.13267014423382084,0.5258428229640144,"[-0.9100244400800731, 0.11988963585115131]",1.509046317623759
3604.0,24.0,1.1303174785566434e-05,0.00033697493027143397,1.3059455898271504,2.6089968608822847e-10,7.811367846952948e-09,"[0.9009697436955382, 1.7109214359587626]",-0.26898031237600595,0.10000958297825606,0.4588777997519013,"[-0.5894991757614105, 0.05153855100939858]",1.027429111417043
3605.0,24.0,0.00020196875793285476,0.0016380272338431042,1.4338587310561326,4.0404008121532794e-07,3.2768863034495372e-06,"[0.8792333411963194, 1.9884841209159458]",-0.10756799228210134,0.5996233493014302,0.91161020243821,"[-0.5091919759305801, 0.2940559913663774]",0.41087946456401464
3606.0,24.0,3.657112318326053e-05,0.0006115572438672329,1.5461354669750613,6.510013481546823e-09,1.0886310169810741e-07,"[1.0239369706396975, 2.068333963310425]",-0.2745582219330158,0.12311068360494144,0.5089321356136479,"[-0.6235708616279589, 0.07445441776192724]",1.0487351564918665
3607.0,24.0,0.0037808306148486457,0.01202171896613242,0.9351083172889213,0.0001383916584685651,0.0004401770307524335,"[0.4541934640388652, 1.4160231705389774]",0.26352497496491,0.3313231653380613,0.7728555291300706,"[-0.2681527354749851, 0.7952026854048051]",22.993408742548
3608.0,24.0,3.2271143805790623e-06,0.00020820092777929436,1.366112931432613,5.6671134083794576e-12,3.656202198954489e-10,"[0.977376141404209, 1.754849721461017]",0.037716302463491225,0.8025856379556285,0.9644549957475566,"[-0.2579714590344283, 0.33340406396141076]",23.855934336666873
3609.0,24.0,0.05014980454885191,0.10759451737578182,0.6288691634248806,0.008750460048370805,0.018777811262598292,"[0.15872260285117523, 1.099015723998586]",-0.4274499989807863,0.27453141722237406,0.7255058594671618,"[-1.1941717555220162, 0.3392717575604436]",1.6327387262980264
3610.0,24.0,0.00030122200056207477,0.0020869260301016337,0.997990708132406,9.922706440888288e-07,6.84652299694427e-06,"[0.5982441680769474, 1.3977372481878647]",0.6302128505813966,0.0023058280183549237,0.04667668053350048,"[0.22492840759295957, 1.0354972935698337]",21.59276423111848
3611.0,24.0,0.012448452581360826,0.03128537969681032,0.7879907261246201,0.0010336092320760732,0.002596355770098149,"[0.31730122734334815, 1.258680224905892]",0.5435529839533491,0.07979210275550296,0.41129949873970595,"[-0.06455715664121697, 1.1516631245479152]",21.923780538515395
3612.0,24.0,0.0032552786595680585,0.010715202961053516,1.1495365525625267,0.00010587333164503493,0.00034872638881763813,"[0.5683624561644054, 1.730710648960648]",0.0953500166785135,0.7218855149566125,0.9478538799325268,"[-0.42968962382022036, 0.6203896571772474]",23.635789764521277
3613.0,24.0,0.017809687599920253,0.042739831053324344,0.7163756828352854,0.0018171255128710763,0.004360752370700927,"[0.2661510310659555, 1.1666003346046154]",0.24349156903096514,0.46296931743441383,0.8552647739381687,"[-0.40672186522528353, 0.8937050032872138]",23.06993071650049
3614.0,24.0,3.7004500848439e-05,0.0006127549407572603,1.1406858209022317,6.6722216647682e-09,1.1065044220179437e-07,"[0.7551515078322696, 1.5262201339721937]",-0.09710430020600658,0.5876526636878512,0.9077706636973603,"[-0.4480940216049262, 0.253885421192913]",0.37091110495836715
3615.0,24.0,0.00014598285596820792,0.0013491946022939733,1.1175015315450245,1.927972587463229e-07,1.781860062350489e-06,"[0.6967948436971658, 1.5382082193928832]",0.06251071514110862,0.7540913500577153,0.9552799279805988,"[-0.32861160731684746, 0.4536330375990647]",23.761226656537996
3616.0,24.0,0.00037026438522657577,0.0023765364905428484,1.095588951479364,1.5274051721472945e-06,9.809924034343574e-06,"[0.6489403994652523, 1.5422375034934757]",-0.24452823071452912,0.25581509565492,0.7048644437930052,"[-0.6662922549899234, 0.17723579356086516]",0.9340290394495857
3617.0,24.0,0.0004722637922794248,0.0028027524764357554,1.0989902225376251,2.58096411088652e-06,1.530820943586311e-05,"[0.6408549500056202, 1.55712549506963]",-0.5971036076398706,0.00564140140229043,0.08271849563475704,"[-1.0199114994927965, -0.17429571578694458]",2.2807677766533363
3618.0,24.0,0.0008072082061518578,0.003993400823367574,1.0499449407466195,7.651475598245528e-06,3.78224201593946e-05,"[0.5900595318418074, 1.5098303496514316]",-0.33527223641224424,0.1454758378009055,0.5460804722256212,"[-0.7866852649625646, 0.11614079213807621]",1.280645608955597
3619.0,24.0,0.05900174228550017,0.12463401412230708,0.6966974891329034,0.011086547426923724,0.023418984847747622,"[0.1590895973131663, 1.2343053809526405]",-0.3436732292119187,0.3968055160872146,0.8177212773481959,"[-1.138616202383676, 0.45126974395983854]",1.3127350376983398
3620.0,24.0,0.06437359293951371,0.13495512146648578,0.6884201297311487,0.012562379119078197,0.026341746947113016,"[0.14783078330932198, 1.2290094761529755]",0.16807028711249394,0.685823959001769,0.9371740352579515,"[-0.6462395235072104, 0.9823800977321983]",23.35801879246014
3621.0,24.0,0.0007510528067006918,0.0037903298631495196,1.3079418635371378,6.614564524177253e-06,3.339002788580138e-05,"[0.7389952440970299, 1.8768884829772459]",0.2956864086018616,0.19691145642726537,0.6295158459912049,"[-0.15342568937859302, 0.7447985065823162]",22.87056111518217
3622.0,24.0,0.0011053274201377138,0.004949628844340854,0.9655240841799879,1.4217199493633794e-05,6.366860498716433e-05,"[0.5295371526817972, 1.4015110156781785]",0.3325145643212908,0.16144354791945548,0.5777019684301932,"[-0.1329198001901576, 0.7979489288327392]",22.729887922517246
3623.0,24.0,1.107561206109735e-06,0.0001419577750896952,1.1831568759905007,1.5696747812680488e-13,2.0124035657282678e-11,"[0.868984238504745, 1.4973295134762563]",0.4610134798971499,0.0008854053508661522,0.02418308878087101,"[0.18923173442008695, 0.7327952253742129]",22.23905822021694
3624.0,24.0,1.0400570374148147e-05,0.0003248576044199919,1.2842651910875214,2.0343454830182058e-10,6.427016887564573e-09,"[0.8884133000409056, 1.6801170821341371]",0.018438214866333347,0.9101727778670151,0.9847157609726442,"[-0.30187770013620296, 0.33875412986886966]",23.92957120709358
3625.0,24.0,2.554160541160514e-05,0.0005066237645752473,1.456314635268288,2.5032492789654474e-09,4.966764442391761e-08,"[0.9775011091604576, 1.9351281613761184]",0.040995593646545814,0.8140614599272668,0.966095377463714,"[-0.30064296205417573, 0.38263414934726736]",23.843408367027973
3626.0,24.0,0.13686721817061362,0.27016821589145995,0.6025554813482344,0.036801072550946154,0.07265759634935076,"[0.03693893739579368, 1.168172025300675]",-0.07205833990205868,0.8848423857433211,0.9778344410910831,"[-1.0471905950881575, 0.9030739152840401]",0.2752425836738064
3627.0,24.0,0.006343314728735778,0.01807212173428997,0.9608044764696262,0.00033800622059860087,0.0009629806854660994,"[0.43541558151348414, 1.4861933714257682]",0.22725281044650458,0.43136362876535606,0.8395555250396186,"[-0.338803583032379, 0.7933092039253882]",23.13195820526192
3628.0,24.0,3.5523401133190375e-06,0.0002119682796890759,1.50309125202036,7.710993086834152e-12,4.6451765583338267e-10,"[1.0726290798375144, 1.9335534242032058]",-0.042757730109036274,0.7782354777666488,0.9596363723535175,"[-0.3403354382011706, 0.2548199779830981]",0.1633224984538149
3629.0,24.0,0.007278123650980321,0.020022348420853705,0.8274573355121471,0.00042566598853204315,0.0011713428413099702,"[0.36719815063181854, 1.2877165203924756]",-0.16326156604529896,0.5791095255148253,0.9033376518630002,"[-0.7401408274894943, 0.41361769539889637]",0.6236132460727984
3630.0,24.0,0.009937501184382485,0.025902074610834203,1.0763391528370838,0.0007126887978422205,0.0018578957190881662,"[0.45305889452293124, 1.6996194111512364]",0.1372439004073156,0.6544187202258773,0.9301211184160023,"[-0.46368059012629514, 0.7381683909409263]",23.475766916183133
3631.0,24.0,0.009034800810063873,0.023957711238091647,0.8060190767640558,0.0006091555601251169,0.0016157972417111853,"[0.3451099143341926, 1.266928239193919]",0.057394187279913744,0.8498257256914237,0.9708072590103425,"[-0.536722582215951, 0.6515109567757785]",23.780770353351834
3632.0,24.0,0.001812681398240869,0.007031347549421525,1.1193744207176748,3.672319342015135e-05,0.0001423379589928347,"[0.5877932399413937, 1.650955601493956]",-0.5590797982171143,0.02327234564239078,0.20149217006398942,"[-1.0420274360960637, -0.07613216033816472]",2.1355275232577555
3633.0,24.0,0.0004464329776899366,0.0026925993829308597,1.0484790835212834,2.2685482232732394e-06,1.3682438017329549e-05,"[0.6138291081508415, 1.4831290588917252]",-0.2359416750016985,0.2810668563581312,0.7309347944023468,"[-0.6649481722463766, 0.1930648222429796]",0.901230812589643
3634.0,24.0,0.0009327327817949827,0.004397608589320993,0.8732522004378338,1.013831107884173e-05,4.7799675053473496e-05,"[0.4855167191444527, 1.260987681731215]",-0.07241165059575483,0.75831254572909,0.9562405337785495,"[-0.5336576518926633, 0.3888343507011537]",0.2765921311141817
3635.0,24.0,0.10203723053910978,0.20646950736363776,0.6248590893097046,0.024327732158996546,0.04923645448086733,"[0.08100993482644059, 1.1687082437929686]",-0.25822722688342026,0.5738629646185495,0.9015914605161814,"[-1.158194786996618, 0.6417403332297774]",0.9863553503858088
3636.0,24.0,0.0792161552533259,0.1638051183898385,0.766614796485651,0.01698119683214002,0.035106877883274795,"[0.13717815801292543, 1.3960514349583766]",0.4343580939768801,0.31181533746892476,0.757560761484743,"[-0.40735555387447997, 1.2760717418282401]",22.34087429451853
3637.0,24.0,0.0008534052138164005,0.004138725576219207,1.1131851408902083,8.504389861951614e-06,4.130349617266447e-05,"[0.6231210464387764, 1.60324923534164]",-0.10919769436616011,0.6396183411949821,0.9259147211178932,"[-0.5662859001856917, 0.3478905114533714]",0.41710446798269746
3638.0,24.0,0.00020372034408619908,0.0016415821441273092,1.315831364408087,4.152955843970173e-07,3.3491579386856233e-06,"[0.806333325313986, 1.825329403502188]",0.37112425801650595,0.06784308829629664,0.3796003320540912,"[-0.027217038922856207, 0.7694655549558681]",22.582409756048666
3639.0,24.0,0.0027086734481645445,0.009354450511990464,0.8502492159362259,7.611232385511821e-05,0.00026296987359193154,"[0.42903538706532574, 1.2714630448071262]",0.11850108628478928,0.6515453069227741,0.9299133911664488,"[-0.395780122600358, 0.6327822951699366]",23.5473591925444
3640.0,24.0,0.00750163043825755,0.02057496006104649,0.8993997068378496,0.00044784842758348895,0.001228328106372707,"[0.39720197178051797, 1.4015974418951813]",0.17842767238704305,0.5457573959827602,0.8916147622655779,"[-0.4004410625575432, 0.7572964073316293]",23.3184564949253
3641.0,24.0,0.00010655197719781541,0.0011126134539436927,1.1246543864783598,9.251430517906583e-08,9.677672769186146e-07,"[0.7119327909321587, 1.537375982024561]",0.19074418260839643,0.32560929112063264,0.7674497923758702,"[-0.18957439282105049, 0.5710627580378433]",23.271410891324415
3642.0,24.0,0.00926321560086465,0.0244687975825557,0.8627245859912638,0.0006350223962706722,0.0016777342041497283,"[0.36775634751135616, 1.3576928244711715]",-0.12754980980002717,0.6746246631715931,0.9338966192307091,"[-0.7230414913677817, 0.4679418717677274]",0.4872043852825296
3643.0,24.0,0.00062112356573958,0.003342968599244241,1.2911445793901624,4.479897711286093e-06,2.4119830591444368e-05,"[0.7395491966692345, 1.8427399621110903]",0.03969221706801562,0.8608862160252325,0.9723255868115467,"[-0.4042280175411981, 0.4836124516772293]",23.84838689883237
3644.0,24.0,0.0918129654607391,0.18775657558433353,0.6591367331635267,0.020980061227937077,0.04289523865863234,"[0.09947804989775799, 1.2187954164292956]",-0.5015367138270088,0.25678689850914893,0.7058463400471383,"[-1.3683604248311552, 0.36528699717713764]",1.915729131543211
3645.0,24.0,0.000825075134504292,0.00405243189835114,1.1958759647351425,7.998204462488109e-06,3.924536046363155e-05,"[0.6709594910988361, 1.7207924383714488]",0.35619049756766064,0.12238683007450393,0.5079198313533696,"[-0.09571651054403851, 0.8080975056793598]",22.63945251911388
3646.0,24.0,0.013722490085600177,0.03401708003371388,1.0807292746012906,0.0012005376262140242,0.0029775238745387506,"[0.4267149438210621, 1.734743605381519]",0.06699913243682953,0.8345463699383009,0.9707873627483405,"[-0.5616846679219512, 0.6956829327956102]",23.74408216535544
3647.0,24.0,2.082910334694717e-05,0.00044070996318830403,1.301846647329409,1.4674206912836938e-09,3.102369326181171e-08,"[0.8799529774348854, 1.7237403172239327]",0.48045990973355135,0.004476787903215363,0.07038974690590193,"[0.1491671032766136, 0.8117527161904892]",22.16477832980207
3648.0,24.0,0.0002642023385492166,0.0019131233783433498,0.8488699754041632,7.33592818518157e-07,5.315889989262007e-06,"[0.5129108260932838, 1.1848291247150426]",-0.11152412474385631,0.5947578187967064,0.9093024904449286,"[-0.5224304176703484, 0.29938216818263574]",0.4259907774475653
3649.0,24.0,0.002159324797482902,0.007999472948860354,0.8103415340601691,5.0304780340578374e-05,0.0001864521139383928,"[0.41859033694687975, 1.2020927311734584]",-0.10766921616927227,0.6741867862387221,0.9338966192307091,"[-0.6096276637332062, 0.39428923139466165]",0.41126611133206814
3650.0,24.0,0.0682986018571839,0.1426453672873515,0.6600833798620299,0.013695571141375608,0.028603949752246467,"[0.13527175093927812, 1.1848950087847818]",0.26278815691248525,0.530917423608374,0.8847149201939244,"[-0.5591879880434194, 1.08476430186839]",22.996223180192864
3651.0,24.0,0.01264262933007574,0.031725544115622936,0.8193462329758896,0.0010532539355695056,0.002643046262407793,"[0.3291333109458511, 1.3095591550059282]",-0.14228679037065817,0.6532750724032785,0.9301211184160023,"[-0.7630935255245315, 0.47851994478321513]",0.543495504580093
3652.0,24.0,0.000229914387229679,0.0017631471413318944,1.4027806138203989,5.428906628599503e-07,4.163271954447472e-06,"[0.8540529414537855, 1.9515082861870123]",0.31875103210740185,0.1215068444519233,0.5066249294290442,"[-0.08470310500492079, 0.7222051692197244]",22.782460742987126
3653.0,24.0,0.006269472257008657,0.017912777877167593,0.9734738845576976,0.00033088964334331277,0.0009457293153495526,"[0.4419801760626346, 1.5049675930527604]",-0.1133209094205343,0.6951821306246937,0.9388952763058601,"[-0.6801575471260256, 0.453515728284957]",0.4328539893587271
3654.0,24.0,0.0017567153355671666,0.006876809233601954,1.2871967952283216,3.4301328438254365e-05,0.00013435694648748282,"[0.6782299901485208, 1.8961636003081224]",-0.15410901082013062,0.5382472320993348,0.8892239089696594,"[-0.6448725481374953, 0.336654526497234]",0.5886530603286282
3655.0,24.0,0.0019899547632778757,0.007575008615446806,0.9265301082994957,4.3571594903711484e-05,0.00016573448042492004,"[0.4822763054725444, 1.370783911126447]",0.4481198351193685,0.0737302865899691,0.3959736121910263,"[-0.04302083470822854, 0.9392605049469656]",22.288308315437458
3656.0,24.0,0.04167259188994367,0.09112746969154531,0.6685908650929884,0.006647638737136414,0.01453671274248068,"[0.1857557331400369, 1.1514259970459397]",0.29223129126966185,0.44244578358040465,0.846978439121565,"[-0.4534859453746314, 1.037948527913955]",22.88375869123934
3657.0,24.0,0.000950428843095399,0.00445175616091254,1.2413397070491554,1.0518425685398785e-05,4.931282552929576e-05,"[0.6891715361351399, 1.793507877963171]",-0.026413514278908146,0.9108260661582805,0.9849962865343145,"[-0.4886553640594766, 0.43582833550166034]",0.10089219268599818
3658.0,24.0,0.0003330622097392226,0.002215982766062692,1.328209132635503,1.2171769731330898e-06,8.092932002214692e-06,"[0.7917701835444704, 1.8646480817265356]",0.2375635454863687,0.2652466001384659,0.7149504046858919,"[-0.1803756338611927, 0.6555027248339301]",23.092574098497796
3659.0,24.0,0.00020264093917857662,0.0016394897991794226,1.0140802954041463,4.067130123564419e-07,3.2932227721169385e-06,"[0.6217305545262319, 1.4064300362820608]",0.019712097929083683,0.9234485942859204,0.9879295512207908,"[-0.3823562684416437, 0.4217804642998111]",23.924705332220995
3660.0,24.0,0.008305551495141703,0.022305273090842407,0.971356035565932,0.0005329973756540603,0.0014308654379974772,"[0.4216902108971232, 1.5210218602347407]",-0.44354337573617464,0.13377609191828393,0.5275082488891323,"[-1.0233372285271773, 0.13625047705482796]",1.6942108973778727
3661.0,24.0,0.007273058514099251,0.020020743864218406,0.7997226637351135,0.000425002228572262,0.0011698382289354857,"[0.3549426192843405, 1.2445027081858864]",0.12670667432908722,0.6670547370163211,0.9332201550489372,"[-0.45056935834457834, 0.7039827070027528]",23.51601615498698
3662.0,24.0,0.12636717828382332,0.2511770588030676,0.5701876865771095,0.032996095479309415,0.06558556048362038,"[0.04604192050614242, 1.0943334526480766]",0.5856309980403775,0.21866023286414138,0.657423017751728,"[-0.3474777669818595, 1.5187397630626145]",21.763054364016813
3663.0,24.0,0.0020097119586882884,0.0076240969601224905,1.121535731076977,4.4029826396364874e-05,0.00016722303986465962,"[0.583460730883276, 1.6596107312706778]",0.04291521940173659,0.8660129556273899,0.9734244302898619,"[-0.45560180971504655, 0.5414322485185197]",23.83607593676017
3664.0,24.0,0.01505200825055354,0.03685604370850524,0.7931186421879842,0.0013920456678230592,0.003408534935903671,"[0.3067793546720009, 1.2794579297039674]",-0.16006079248096672,0.6218338084597625,0.9177195404295999,"[-0.7960698310755755, 0.47594824611364206]",0.6113871916452462
3665.0,24.0,0.020005615503103022,0.04738421483444581,0.7722918470124127,0.0021755709497411485,0.00515416003255425,"[0.278462293885925, 1.2661214001389003]",-0.025258144933498983,0.9406115714044032,0.9892015094756179,"[-0.6897446484499655, 0.6392283585829676]",0.09647900686794901
3666.0,24.0,0.06256206383145996,0.13143290720894948,0.8594163839708748,0.012048159981617608,0.02531126046558321,"[0.1885259452829562, 1.5303068226587935]",0.09094446031396508,0.8259824704664919,0.9673342432964434,"[-0.7197998374460433, 0.9016887580739734]",23.652617750260987
3667.0,24.0,0.00015792635601734654,0.0014100567501548799,1.4663451675313006,2.3099547447100547e-07,2.0624595934911203e-06,"[0.9107164489023017, 2.0219738861602994]",-0.03465310313993353,0.8630504148525311,0.9728896571441,"[-0.42840276194895965, 0.3590965556690926]",0.13236510379664881
3668.0,24.0,0.0015113550461745987,0.006143719699896743,1.052732454030362,2.5835693020489525e-05,0.00010510859650321207,"[0.5623271880459473, 1.5431377200147767]",-0.169416477455556,0.49183442392936727,0.8697731756428894,"[-0.6524729968036465, 0.31364004189253447]",0.6471232758784412
3669.0,24.0,0.00015912362304073595,0.0014156905964478287,1.295855784810111,2.364765323144943e-07,2.103365300062907e-06,"[0.8044126864512726, 1.7872988831689496]",0.2921637105907351,0.1436734896644819,0.5427785782564485,"[-0.09944610878346588, 0.6837735299649361]",22.88401683041795
3670.0,24.0,0.027923605753431266,0.063723427095918,0.747045243196177,0.0036360472511097267,0.00829768884324447,"[0.2435653266560569, 1.2505251597362972]",-0.10847394662396681,0.7612638745046457,0.9565635162989086,"[-0.8082434433838223, 0.5912955501358886]",0.41433995524537753
3671.0,24.0,0.0007304096709141308,0.0037266914143096073,1.2523195774980944,6.242190815530645e-06,3.1847912324135944e-05,"[0.7090498045164952, 1.7955893504796936]",-0.22686812428830283,0.3220999890471773,0.7650688291349119,"[-0.6759441237765077, 0.22220787519990204]",0.866572401851277
3672.0,24.0,0.0005495246930333282,0.0030941705688813524,1.3513277237633377,3.483677948769042e-06,1.962635464095235e-05,"[0.7805217629442334, 1.922133684582442]",0.02042211387775783,0.927345653100493,0.9892015094756179,"[-0.4185386864782566, 0.45938291423377225]",23.921993271071262
3673.0,24.0,0.0054825475999177595,0.016030840935432045,1.038173543587641,0.0002632444879653767,0.0007699458554120406,"[0.4805488179516805, 1.5957982692236015]",0.08171178174269578,0.7740668693048769,0.9594284448498722,"[-0.47619425353333944, 0.639617817018731]",23.687883984643292
3674.0,24.0,0.02783568117628452,0.0635517835074989,0.7052213088919428,0.003618809254271396,0.008264008344990628,"[0.23017182123919117, 1.1802707965446944]",-0.1166641063853664,0.7436874889470046,0.9543661614745291,"[-0.8159777829323742, 0.5826495701616414]",0.4456240611031155
3675.0,24.0,0.0016722910531198544,0.006657209606368848,1.0431765133943693,3.125983141681514e-05,0.000124442004047831,"[0.5521715307038838, 1.5341814960848548]",0.12925959420824462,0.6040444949644187,0.9122797909689765,"[-0.3592623906012235, 0.6177815790177128]",23.506264719352927
3676.0,24.0,0.040901668087712034,0.08953955360707538,0.7941040744636468,0.006491151341516325,0.014207422176171743,"[0.22228797016768054, 1.3659201787596131]",-0.6671358503604088,0.07192825036649,0.39133977348471166,"[-1.3937320973715497, 0.059460396650732106]",2.5482712391681774
3677.0,24.0,4.555592747044982e-05,0.0006965738145328718,1.205874037618822,1.1641276666435056e-08,1.7718838152869188e-07,"[0.7915862315389819, 1.620161843698662]",0.6103712488264446,0.000589337628966586,0.01850295992398528,"[0.2622512109560102, 0.9584912866968789]",21.668553567074355
3678.0,24.0,6.59336316458671e-06,0.0002716302425759447,1.5259987169509126,5.293192060164802e-11,2.1861579657220048e-09,"[1.0702384483821592, 1.981758985519666]",-0.19373146604507152,0.2198762679613171,0.6585093380093354,"[-0.5032268959129673, 0.11576396382282428]",0.7399996908843075
3679.0,24.0,0.044421516154967235,0.09640085971130043,0.677108095052204,0.0072987890909675295,0.01583938604810662,"[0.1824530844832179, 1.1717631056211901]",0.16541840896654048,0.6686949059239733,0.9332201550489372,"[-0.592197681997252, 0.9230344999303329]",23.36814822082988
3680.0,24.0,0.0030769032966503638,0.010286143024848452,1.100583077336424,9.585177618272954e-05,0.00032046732257682897,"[0.5476015611412907, 1.6535645935315575]",0.19507536435981,0.46273057974783005,0.8552647739381687,"[-0.32557081977538727, 0.7157215484950072]",23.25486699568041
3681.0,24.0,0.00019835352612327108,0.0016192124581491517,1.2292585457715548,3.8907455584793465e-07,3.1761188232484464e-06,"[0.7544468118400225, 1.704070279703087]",-0.22544557271930366,0.2691496125546665,0.7198945067672696,"[-0.6253152525634111, 0.17442410712480388]",0.8611386551150526
3682.0,24.0,0.0006832159124798327,0.003575174842908596,1.0526150687873155,5.437708998620051e-06,2.8456164517429644e-05,"[0.5989050847854409, 1.50632505278919]",-0.020889820956093708,0.9271696480047482,0.9891919854953037,"[-0.468815574629664, 0.4270359327174766]",0.07979323837120744
3683.0,24.0,0.029159434152609916,0.06615882223028952,0.7753486107093889,0.0038930680947504713,0.008833828215907582,"[0.24891495876181846, 1.3017822626569593]",-0.34735780992077725,0.330297614585389,0.7724312767886506,"[-1.0466886747407629, 0.3519730548992085]",1.326809099291201
3684.0,24.0,0.032600743494078356,0.0730303393684551,0.8456892586797417,0.00462116573218023,0.010347437823959313,"[0.2604726101213336, 1.4309059072381496]",0.5769733669936619,0.10763383193996436,0.47986550129275235,"[-0.12588756296943437, 1.279834296956758]",21.796124078654028
3685.0,24.0,0.00032288173554642874,0.00218022705039195,1.2679256641237355,1.1383156201509797e-06,7.682601587584095e-06,"[0.7572297944821874, 1.7786215337652838]",0.23424533915540113,0.270727307146989,0.7202045575339596,"[-0.18260315678564892, 0.6510938350964512]",23.10524871305233
3686.0,24.0,0.012814119615012673,0.03208146290678578,0.8887539164296753,0.001078568533981796,0.0027004720430190187,"[0.3559225211241759, 1.4215853117351747]",0.302698869730877,0.33767840879320554,0.7776550125512129,"[-0.31609763926699685, 0.9214953787287509]",22.84377548673603
3687.0,24.0,0.01560909694509082,0.03800607972995086,1.007972860948392,0.0014821049635056602,0.003607850446703165,"[0.38635924235171226, 1.6295864795450719]",-0.5076955187848924,0.11384554349023043,0.4945505798880558,"[-1.1370285259803758, 0.12163748841059108]",1.939254033605276
3688.0,24.0,0.032628060944280474,0.07306889969249604,0.7076779262951151,0.0046020017827174235,0.010309143778488851,"[0.21819464028560426, 1.1971612123046258]",-0.05093208826054507,0.8895266570140665,0.9795465253756226,"[-0.769598555812559, 0.6677343792914688]",0.1945462466078026
3689.0,24.0,5.0416970237433316e-05,0.0007414260329034311,1.4213557569660602,1.4794688263327483e-08,2.1756894504893356e-07,"[0.92950517053527, 1.9132063433968503]",-0.20427482176816714,0.2640558042292298,0.7134715056180216,"[-0.5627554254219664, 0.15420578188563222]",0.7802723432068729
3690.0,24.0,2.6672034890147877e-05,0.0005143391584132497,1.319931872301134,2.815024263529981e-09,5.444921206054121e-08,"[0.8845560784871412, 1.7553076661151268]",-0.1189741258069219,0.49587130613137564,0.8714795364593348,"[-0.4613895471573381, 0.2234412955434943]",0.45444768533300767
3691.0,24.0,0.0018650404809720084,0.007187053876578067,0.8213564479496703,3.835523517583071e-05,0.0001478169416947973,"[0.43035270814319515, 1.2123601877561456]",-0.14299510867913678,0.570444008587577,0.9008246509973031,"[-0.6369436396111262, 0.35095342225285264]",0.5462010812219377
3692.0,24.0,0.9091157963522754,0.982934151099876,0.1322275718489701,0.6618998911043131,0.7156448168497276,"[-0.4604233786840313, 0.7248785223819716]",0.44200970861406663,0.8503831025035458,0.9708072590103425,"[-4.150710298985079, 5.034729716213212]",22.311647279507113
3693.0,24.0,0.0022806922523036306,0.008299432079388344,1.1953295857152753,5.5594880538040855e-05,0.00020231033674687358,"[0.614099682699532, 1.7765594887310185]",0.004706218452754207,0.9854365355357222,0.9971100704756963,"[-0.5006195179266474, 0.5100319548321558]",23.982023569679374
3694.0,24.0,0.0014143933325734572,0.005881053357893793,1.034277287272456,2.2818684274223666e-05,9.484074926942505e-05,"[0.5556528710098848, 1.512901703535027]",-0.26241725759441525,0.2823599050483202,0.7324511155598449,"[-0.7408475210483012, 0.21601300585947064]",1.0023600887704895
3695.0,24.0,0.0010433524132061611,0.004757648943028551,0.9399821637078332,1.2636820434874219e-05,5.772873656863508e-05,"[0.5180389422885283, 1.361925385127138]",0.07660501437538514,0.747453207501383,0.9550093072477082,"[-0.38967878982340076, 0.542888818574171]",23.70739039911676
3696.0,24.0,9.548620855404527e-07,0.00013123505145810953,1.450314183062276,9.01371516149089e-14,1.265247106231348e-11,"[1.0689977499309453, 1.831630616193607]",0.018270180148723725,0.8957286508888994,0.9799823477491091,"[-0.2549571503643234, 0.2914975106617709]",23.93021305243563
3697.0,24.0,0.0007304315172046831,0.0037266914143096073,1.1355205739131407,6.2265981482929475e-06,3.180080770323262e-05,"[0.6429772155483362, 1.628063932277945]",0.08708688248669727,0.704782865309274,0.9423077547908834,"[-0.36342706806546, 0.5376008330388545]",23.6673526121707
3698.0,24.0,0.17249121528057365,0.33325196151579145,0.5112332001893365,0.05105030732549637,0.09862887814044895,"[-0.0023339791467290594, 1.0248003795254021]",-0.5563648507307306,0.28588548206293407,0.7362489880580326,"[-1.5781639591058338, 0.46543425764437263]",2.1251571877531266
3699.0,24.0,0.0017263564386473705,0.006805393492647469,1.0820303100856492,3.32049751764295e-05,0.00013086702963522774,"[0.571044611055504, 1.5930160091157943]",0.16718217250627898,0.503439368125014,0.8737233046251544,"[-0.32254571867482296, 0.6569100636873809]",23.36141114037081
3700.0,24.0,0.002057772994895126,0.007724160102951465,1.1566025050113524,4.609062851979061e-05,0.0001730128698190338,"[0.6002555809225731, 1.7129494291001317]",-0.2051578827271925,0.4196903576214517,0.8307712672074292,"[-0.7034512034025862, 0.29313543794820124]",0.7836453876072014
3701.0,24.0,0.0009988207505399413,0.004613490764618667,0.7606230718473922,1.1622639093098765e-05,5.369230441882522e-05,"[0.42061230407900324, 1.100633839615781]",0.1955019274778529,0.4081064852013172,0.8249322780995372,"[-0.26770244417294814, 0.6587062991286539]",23.253237644589756
3702.0,24.0,0.00784886672940692,0.021322648001648792,1.1413184717387954,0.00048281212651815614,0.00131198947423412,"[0.5003817448853027, 1.782255198592288]",0.15109812354536345,0.6112225705106717,0.9156892442107443,"[-0.431490763047505, 0.7336870101382319]",23.422847681900294
3703.0,24.0,0.00027276190716798976,0.0019580897858434295,1.1338593922647568,7.86875161001151e-07,5.6487807681346085e-06,"[0.6838683210527561, 1.5838504634767576]",-0.12468629449144952,0.553023070481434,0.8941780007536285,"[-0.5366312077405797, 0.28725861875768066]",0.4762665624990229
3704.0,24.0,2.633325625164386e-05,0.0005133188353146951,1.1498585257299312,2.7162811713122514e-09,5.294895070784116e-08,"[0.7709539194782256, 1.5287631319816368]",0.001240457752246904,0.9943354008842731,0.999042938587908,"[-0.3412096455095514, 0.3436905610140452]",23.995261800408798
3705.0,24.0,2.949558898163175e-05,0.0005412034675528762,1.3305311241481266,3.6761916819034587e-09,6.757705297616652e-08,"[0.8883930058278114, 1.7726692424684418]",-0.06098443521657959,0.729180727835882,0.9504441186599087,"[-0.4062239715555927, 0.2842551011224335]",0.23294338359326647
3706.0,24.0,0.0004679401751747276,0.00278204622577127,1.2363388628704817,2.5087781515262087e-06,1.491544679861004e-05,"[0.721580840599312, 1.7510968851416513]",0.3050669968133626,0.16407371459930697,0.5811866098930424,"[-0.12462766430801803, 0.7347616579347431]",22.834729907590894
3707.0,24.0,3.865451887241803e-05,0.000632638715266228,1.1268104397953351,7.505241100021431e-09,1.226422161765219e-07,"[0.7446633884828533, 1.508957491107817]",0.23937077685834307,0.18124608623399807,0.6112323308967923,"[-0.11155166901162888, 0.5902932227283151]",23.085670983149942
3708.0,24.0,0.001410400071995521,0.005874219375241653,1.126311152232166,2.2621897525630076e-05,9.421864858654759e-05,"[0.6053362839293399, 1.6472860205349922]",-0.06556261811873387,0.7891534663550375,0.9619333365324607,"[-0.546099429505448, 0.41497419326798024]",0.25043075413542615
3709.0,24.0,0.0002591541783884721,0.001889871304371142,1.1642496130451434,7.065240984514622e-07,5.14959255431095e-06,"[0.7041510289605066, 1.6243481971297802]",0.2908775068107783,0.16241710784861652,0.5790263475755033,"[-0.117221445886658, 0.6989764595082146]",22.888929766963635
3710.0,24.0,0.00020701537013236406,0.0016547991217615034,1.0532618135209608,4.271828768685379e-07,3.417463014948303e-06,"[0.6449982383260902, 1.4615253887158315]",-0.1262137322863559,0.5386542864056652,0.8894555587940309,"[-0.5285471058471405, 0.2761196412744287]",0.4821009451068165
3711.0,24.0,0.0007128685258244912,0.0036824185886469214,1.3767242272845335,5.927209464014883e-06,3.071092986536209e-05,"[0.7809308597087464, 1.9725175948603204]",0.06769024664402679,0.7679188118030678,0.9583740532091365,"[-0.38189031461027906, 0.5172708078983326]",23.741442303539845
3712.0,24.0,0.0016411811725214845,0.006554237909430848,1.1383419562037018,3.0171437345065083e-05,0.00012054110006018809,"[0.6035818583845327, 1.673102054022871]",-0.1235616853228434,0.6194427193381142,0.9174210890671123,"[-0.6111911558394545, 0.3640677851937677]",0.47197087190149967
3713.0,24.0,0.004897001064520805,0.014648079743670757,0.9443537366115446,0.0002167934329118001,0.0006484996497511221,"[0.44392108940874175, 1.4447863838143475]",-0.09444133968108748,0.7366107442318423,0.9523631024368666,"[-0.6447740116141881, 0.45589133225201317]",0.36073934501918004
3714.0,24.0,0.002058126264448051,0.007724160102951465,1.0353582552314373,4.601871498780702e-05,0.0001729804077989704,"[0.5373764413871596, 1.533340069075715]",0.05976422355337174,0.8146675825873602,0.966095377463714,"[-0.4399426850438387, 0.5594711321505822]",23.771717481634365
3715.0,24.0,0.0001275237050797211,0.0012363057120824666,1.1952671179077892,1.415178519942035e-07,1.3712970154477083e-06,"[0.7501670462628944, 1.640367189552684]",-0.25619858118581895,0.19224314900546158,0.6244437368203832,"[-0.6412835479071946, 0.12888638553555665]",0.9786064946124803
3716.0,24.0,0.004251909134840191,0.013139397820890578,0.9725836374054216,0.00017046615377384888,0.0005267804504754292,"[0.4654982694942953, 1.479669005316548]",-0.38134087090318936,0.16325465885158874,0.5803578345239557,"[-0.9174259579955008, 0.15474421618912204]",1.4566148305730617
3717.0,24.0,0.00021914323476118097,0.0017107200215548866,1.0454254807889336,4.867509891570659e-07,3.796809587808626e-06,"[0.6381888023248375, 1.4526621592530296]",-0.2501933352817911,0.22358485760720692,0.662664232788248,"[-0.6531098723480839, 0.15272320178450177]",0.955668144929879
3718.0,24.0,0.005151762761099477,0.015250925876552626,1.0307687981000253,0.00023675818198303438,0.0007012979324142013,"[0.4812110819542571, 1.5803265142457934]",0.15920056919065662,0.5725857989569769,0.9009085678948678,"[-0.3937969328567079, 0.7121980712380211]",23.39189861928633
3719.0,24.0,9.680960165275598e-05,0.0010511357399864928,1.3307801373698964,7.36399574866253e-08,7.9956522786781e-07,"[0.8461546945174191, 1.8154055802223739]",-0.19755527773229087,0.30481775533960687,0.7514276816848787,"[-0.5748867822790832, 0.17977622681450145]",0.754605575639672
3720.0,24.0,0.014658173129420204,0.03598864014097767,0.8135800068684919,0.0013366439780561799,0.003281718581036533,"[0.3165131075942816, 1.3106469061427022]",0.28090566640489456,0.3830589758012234,0.809701846218668,"[-0.3502779479289826, 0.9120892807387717]",22.927019391579314
3721.0,24.0,0.19561947003309352,0.3733178548044323,0.45916620739799746,0.06077902717162568,0.11599050986951465,"[-0.020781228688338038, 0.939113643484333]",-0.2935135643139173,0.5940223244543736,0.9090257716643009,"[-1.3727977397588904, 0.7857706111310558]",1.1211392310019408
3722.0,24.0,1.8172722411342574e-05,0.0004224627709132656,1.0539876669911816,9.94544346537035e-10,2.3128938291558953e-08,"[0.7159054921272494, 1.3920698418551138]",0.2135140428386597,0.20776631371224874,0.6441496727530771,"[-0.1186836547725269, 0.5457117404498464]",23.184436431904622
3723.0,24.0,0.06272114201329249,0.13168411088241128,0.6251592407675739,0.012115139757282352,0.02543594322335157,"[0.13675725331144495, 1.1135612282237028]",-0.3352064389874432,0.4145096287508895,0.8283565722439838,"[-1.1403607424264997, 0.4699478644516133]",1.2803942813060019
3724.0,24.0,0.0025233244499989075,0.008910043961860549,1.0729770569676385,6.709531959122032e-05,0.00023691850138142767,"[0.5454287249229346, 1.6005253890123423]",-0.26790311133375244,0.3015084751488265,0.7501149821647681,"[-0.776109125089964, 0.2403029024224591]",1.0233145065231617
3725.0,24.0,0.02216028909574562,0.05184928213589731,0.8402174106257966,0.002553026215326917,0.005974786368656487,"[0.29437579108083745, 1.3860590301707556]",0.21891097753319944,0.5235829194855751,0.8837210016087154,"[-0.453770074061719, 0.8915920291281179]",23.1638216598843
3726.0,24.0,0.002336523201958377,0.008425976206124692,0.9390402552589184,5.813361763830209e-05,0.00020979291821834027,"[0.48123790662579125, 1.3968426038920456]",-0.07902488225721793,0.7597154912412682,0.9564591353912479,"[-0.5854289518264034, 0.42737918731196756]",0.30185281532379
3727.0,24.0,0.3209644610486326,0.5640851688025178,0.35160497915389266,0.12184538137399642,0.21413951032336806,"[-0.09383787403046284, 0.7970478323382482]",-0.27470057969425277,0.6808793824632811,0.9356843168376249,"[-1.5838450464603488, 1.0344438870718433]",1.049278923085187
3728.0,24.0,0.0016366643187991452,0.006541424135887871,1.0150716079769846,3.0369197134941428e-05,0.00012128273616190666,"[0.5380501727218541, 1.4920930432321151]",0.6466462320200215,0.007614871008044675,0.10072580698471792,"[0.17172953130214047, 1.1215629327379024]",21.529993337814357
3729.0,24.0,0.0005232107020564342,0.002989034282306499,1.1998672173790084,3.147809011962967e-06,1.8002757715673755e-05,"[0.6953122072229015, 1.7044222275351153]",0.040376847723496034,0.8562794772376835,0.9711734295148989,"[-0.3965741131136585, 0.47732780856065055]",23.845771802360083
3730.0,24.0,0.002930526202466248,0.009920535553372538,0.9010411829601408,8.776548024773772e-05,0.00029710724525300515,"[0.4507748325081253, 1.3513075334121563]",-0.152793757966581,0.5634760433948212,0.897274934025387,"[-0.6711899005524752, 0.36560238461931316]",0.5836291644952327
3731.0,24.0,0.000676088011957095,0.003549018435470315,1.19597693268926,5.323206527882644e-06,2.795801747837523e-05,"[0.68098075083427, 1.71097311454425]",-0.009461694819050237,0.9669445777140385,0.994148983552796,"[-0.45695865401842184, 0.43803526438032137]",0.03614101201149172
3732.0,24.0,0.007825075179548563,0.02127535394113258,0.8547026366219767,0.0004824976180177675,0.0013114912150523717,"[0.3747463459777867, 1.3346589272661666]",-0.4147311793924118,0.15841796957744092,0.5720443207310499,"[-0.9910578061185933, 0.16159544733376974]",1.5841564141112143
3733.0,24.0,0.0214404008463646,0.050412416756088874,0.9951400764324642,0.0024248207770236094,0.005701436108684715,"[0.3519761292585968, 1.6383040236063315]",-0.17906965439590206,0.6004037716603299,0.91161020243821,"[-0.8490900860276323, 0.49095077723582814]",0.6839956957167638
3734.0,24.0,0.0118486198261107,0.029966160409991657,0.9227337406139532,0.000952759491855726,0.0024096092358516087,"[0.3753788136186158, 1.4700886676092906]",-0.4264129046676661,0.16953194442540376,0.5890616554044605,"[-1.0348050351099727, 0.18197922577464032]",1.6287773178247726
3735.0,24.0,0.00099641292593414,0.004605444060861248,1.048279462816308,1.162438390667566e-05,5.369230441882522e-05,"[0.5796781611203002, 1.5168807645123157]",0.3791835025666872,0.10593312566929744,0.47610393559234804,"[-0.08049663307126859, 0.838863638204643]",22.55162570946272
3736.0,24.0,0.00043763553618747595,0.0026525057733772527,0.9417366800072463,2.1721681448206587e-06,1.3172638840634681e-05,"[0.5520631722152486, 1.3314101877992441]",0.1723793335853694,0.43100650593096723,0.839079401530592,"[-0.256661876928806, 0.6014205440995448]",23.34155944735204
3737.0,24.0,0.013370080550808188,0.03324236835108948,0.9366543933645456,0.0011516413282696343,0.0028633548688951622,"[0.3718933690457752, 1.501415417683316]",-0.07677612229510355,0.8101319640016953,0.9654338727701918,"[-0.7031020607045712, 0.549549816114364]",0.2932631849926465
3738.0,24.0,0.008374972403159287,0.022446991163653944,0.8978411317506515,0.0005379050923296081,0.0014421048051732122,"[0.3894134582446144, 1.4062688052566887]",-0.17287184606539707,0.5638992233042521,0.897274934025387,"[-0.7600254385557682, 0.41428174642497406]",0.6603218117454999
3739.0,24.0,0.002300394174153641,0.008336853177379982,1.1289775713265413,5.6550299161053554e-05,0.00020496665154423182,"[0.5794651943498702, 1.6784899483032123]",-0.16038671676693284,0.5334941216226055,0.8867920904631075,"[-0.6652233035186156, 0.3444498699847499]",0.6126321307136912
3740.0,24.0,1.0860497357154843e-05,0.0003311127243035013,1.2991510320004702,2.3271127482021003e-10,7.1007787213667295e-09,"[0.8974037214226287, 1.7008983425783117]",-0.2879030064917627,0.07726277335995473,0.40478983322809736,"[-0.6072835335604148, 0.03147752057688935]",1.0997084787403697
3741.0,24.0,0.00827140441669412,0.02222898257644214,0.7472182209567073,0.000527821805467827,0.0014184945054228086,"[0.3247064409878375, 1.169730000925577]",0.28658793314393716,0.3361602543533132,0.7765781593921399,"[-0.2974356231201597, 0.870611489408034]",22.905314731431666
3742.0,24.0,1.6454955961011021e-06,0.00016648684428322347,1.509744066737596,6.166744972851156e-13,6.257448676458388e-11,"[1.0985797882420876, 1.9209083452331046]",-0.3619026541330843,0.011389607235642989,0.12760458780301032,"[-0.6422080102957821, -0.08159729797038656]",1.382366311760566
3743.0,24.0,0.0006439895691420158,0.0034276239974082062,1.1138268897509251,4.829169626725056e-06,2.5722548961329785e-05,"[0.6363499517780447, 1.5913038277238056]",-0.1520240623494331,0.5028516119296711,0.8734611984187444,"[-0.5967365652125317, 0.2926884405136655]",0.5806891438037466
3744.0,24.0,0.001488472440988494,0.006087821844533718,0.8864880201289302,2.5183410864379126e-05,0.00010299963543713343,"[0.47409236739451927, 1.2988836728633413]",-0.3195925951248544,0.1917058534256415,0.6241727479450343,"[-0.7993829414963631, 0.16019775124665436]",1.2207537909524964
3745.0,24.0,0.0002400255463552964,0.0018033474557122193,1.2284989044912689,6.021577216761275e-07,4.517312240631114e-06,"[0.7460217754960567, 1.710976033486481]",-0.5441697269668193,0.007638228802760886,0.10090130518838686,"[-0.9439787106692895, -0.1443607432643491]",2.0785752462656726
3746.0,24.0,0.40630679794324426,0.6692584383845236,0.5235587593872844,0.17070435684666718,0.2812262880505225,"[-0.22549101845811625, 1.272608537232685]",-0.17955481032289367,0.8124421717604637,0.9656985281831257,"[-1.662722051192874, 1.3036124305470866]",0.6858488548515889
3747.0,24.0,0.008544503993156401,0.022808391197335236,0.8458973235301588,0.0005574255646377249,0.0014880554314941935,"[0.36555089805866287, 1.3262437490016548]",0.3289903333067228,0.2706908678409604,0.7202045575339596,"[-0.25641596310154413, 0.9143966297149897]",22.743349493394838
3748.0,24.0,0.0039791333310509845,0.012512997896386744,0.9139904810369476,0.00015168606845052191,0.0004768502623405279,"[0.44111561198832844, 1.3868653500855668]",0.3500535411541632,0.19786576573239356,0.6309495080752346,"[-0.18276918343300597, 0.8828762657413324]",22.662893965883825
3749.0,24.0,0.0001479606987393876,0.001360011384254292,1.3027378691662037,1.9881569609088497e-07,1.8307154336177253e-06,"[0.8117566115750597, 1.7937191267573476]",-0.006955641621896547,0.9722336030270755,0.9946639642340541,"[-0.3986236821386666, 0.3847123988948735]",0.026568593916013523
3750.0,24.0,0.008323789550623014,0.02233974651267583,0.8098373639028049,0.0005321037035983504,0.001429233692179292,"[0.3516305929756079, 1.268044134830002]",-0.10504669036572434,0.726003035376118,0.9490709376786874,"[-0.6925465254367297, 0.482453144705281]",0.40124880065157137
3751.0,24.0,0.0006436334418379796,0.0034276239974082062,0.8823952784261908,4.822082400841828e-06,2.5704063970372222e-05,"[0.5041542332501046, 1.260636323602277]",-0.13235679734623051,0.5598109765915747,0.896271176099223,"[-0.5772284108696826, 0.3125148161772215]",0.5055657251871563
3752.0,24.0,5.3527668883659457e-05,0.0007660220649258886,1.1599021710373099,1.7270691940617333e-08,2.470771379201335e-07,"[0.7566321008338082, 1.5631722412408116]",-0.2941352072777539,0.10829470650123849,0.4815238172576189,"[-0.6531192598678545, 0.06484884531234669]",1.1235137322147302
3753.0,24.0,0.0016854018437745938,0.006684910227380343,1.220470716198838,3.170362620102571e-05,0.00012580804048026076,"[0.6455721673400613, 1.7953692650576145]",-0.0733522178529471,0.7689037493695298,0.9585289470195746,"[-0.5626756761584695, 0.41597124045257533]",0.28018483339320255
3754.0,24.0,6.947679702562067e-05,0.0008797980368220109,1.359275222168779,3.295820970724972e-08,4.1772128906526895e-07,"[0.8770751735360984, 1.8414752708014595]",-0.22496026210579956,0.22991887083093032,0.6703174076703508,"[-0.5922148112318142, 0.14229428702021502]",0.8592849051212733
3755.0,24.0,0.03367004361729542,0.0750558261642787,0.7982283220238078,0.004835231249854413,0.010780894648504822,"[0.24301047860105318, 1.3534461654465624]",-0.3081263171125972,0.40012104946435867,0.8206211468997754,"[-1.0258739395277972, 0.40962130530260277]",1.176955835164097
3756.0,24.0,0.0846908373246923,0.1742968456980702,0.677452622447497,0.018649655773091914,0.03838167477483415,"[0.1130297229686017, 1.2418755219263924]",0.2108065368601908,0.6320768631211293,0.9223220313219056,"[-0.6521180736299191, 1.0737311473503008]",23.194778342942804
3757.0,24.0,0.0023538345064837624,0.008470077389290257,1.0214955985461927,5.911260837299617e-05,0.0002127117969521273,"[0.5230064680716393, 1.519984729020746]",-0.27720389141971236,0.2812522533551157,0.7309347944023468,"[-0.7814306560648893, 0.22702287322546455]",1.05884086953015
3758.0,24.0,2.45812782271836e-06,0.00019127600552403012,1.5866231836885303,2.378801099659242e-12,1.8584383591087829e-10,"[1.1430268750563903, 2.0302194923206702]",0.40290765372015347,0.00595533633225554,0.08575805670442617,"[0.11577372043372991, 0.690041587006577]",22.46100612722112
3759.0,24.0,0.3858248841420231,0.6458401140643172,0.4139653137084331,0.158441063718878,0.2653544402975462,"[-0.1613289548484103, 0.9892595822652765]",0.23172063607819293,0.7521946317314951,0.9552799279805988,"[-1.2066596407314054, 1.6701009128877913]",23.114892368442177
3760.0,24.0,5.480062496452337e-06,0.0002462312518383059,1.2827799263497428,3.0542016483195615e-11,1.3695971517128078e-09,"[0.9043591595109561, 1.6612006931885295]",0.42060109623005015,0.006455526250881833,0.09003523362457229,"[0.11793809099425917, 0.7232641014658412]",22.39342215516282
3761.0,24.0,0.009702064709657524,0.025391428185442353,0.77542693223963,0.0006864199098329711,0.0017964404863464304,"[0.3277589582235029, 1.223094906255757]",-0.26793950693162216,0.3788377206370721,0.8068961035933379,"[-0.8646758729486539, 0.32879685908540957]",1.0234535274665477
3762.0,24.0,0.05262544599673101,0.11249560922772768,0.7382302739568167,0.009371422228935836,0.020028686105868426,"[0.1813426514159624, 1.295117896497671]",0.2315140411766663,0.5611296612383079,0.8964672159515222,"[-0.5492619077541101, 1.0122899901074427]",23.115681502837273
3763.0,24.0,0.0017481081656860289,0.006855326139945211,1.118007685629389,3.4233145370592946e-05,0.00013414241916376548,"[0.5891416888469563, 1.6468736824118217]",-0.4590579327949422,0.06315518935975989,0.3649352826587283,"[-0.9432828358452438, 0.0251669702553593]",1.7534721400766915
3764.0,24.0,0.0882399666617908,0.18111651613668062,0.6641368573534115,0.019825029800986688,0.040691768885440655,"[0.10538843720783264, 1.2228852774989905]",-0.496125296883978,0.2577447873108054,0.7063445279938547,"[-1.3553242416041966, 0.36307364783624074]",1.8950590414084607
3765.0,24.0,0.00022417660000815634,0.0017310934363564195,1.2040826932000819,5.115867710450521e-07,3.953529915340434e-06,"[0.734150714364191, 1.6740146720359728]",-0.22417909185500218,0.2768418176447711,0.7264680123859192,"[-0.6282311885317541, 0.17987300482174973]",0.8563010545578156
3766.0,24.0,8.037451235577479e-05,0.0009557016926964899,1.1355109388079112,4.6867913530156395e-08,5.579513515494809e-07,"[0.7281081382642981, 1.5429137393515244]",0.02898356859886153,0.87889954110636,0.9766268042296392,"[-0.3438512537596505, 0.40181839095737354]",23.889290922937157
3767.0,24.0,2.0550205582181983e-05,0.00044070996318830403,1.2213547328641796,1.4138940939492748e-09,3.047185547304472e-08,"[0.8259376715614126, 1.6167717941669466]",-0.47428065300243283,0.004991489387255153,0.07620594484359013,"[-0.8053743968722, -0.14318690913266563]",1.8116186481165397
3768.0,24.0,0.0013709506302385446,0.005745908791446356,1.0779151473638462,2.1513239415373586e-05,9.020226169967961e-05,"[0.5806487196634423, 1.5751815750642502]",0.2888458228799591,0.23473073781100195,0.6762625693200862,"[-0.18758787259040144, 0.7652795183503196]",22.896690227933004
3769.0,24.0,0.0001540660551271016,0.0013904878621579567,1.3118802095932258,2.1821418043345568e-07,1.9694420616737878e-06,"[0.8158002333820418, 1.8079601858044099]",-0.0016809482679756016,0.993310893463862,0.999042938587908,"[-0.39465990934915773, 0.39129801281320653]",0.006420749422321846
3770.0,24.0,0.010492401617911354,0.027035304349166078,1.0297676297339988,0.0007785301467147166,0.0020070382745932367,"[0.4291375967468266, 1.6303976627211711]",0.088415911714681,0.7748308771375543,0.9595896677274527,"[-0.5173695255240961, 0.6942013489534581]",23.662276094463166
3771.0,24.0,0.010284506672638367,0.026627782522867557,0.863053448810666,0.0007533356365053523,0.0019506360344519738,"[0.361018513492248, 1.3650883841290842]",0.029028064619681437,0.9250130908176197,0.9882618491641236,"[-0.5754491588071831, 0.6335052880465459]",23.88912096065728
3772.0,24.0,0.020881482662017135,0.04921395866607856,0.6580283582435823,0.002325421753126353,0.0054806074784971796,"[0.23450249868949258, 1.081554217797672]",0.026634630138718585,0.9377885112304072,0.9892015094756179,"[-0.6422072689444724, 0.6954765292219096]",23.898263206943966
3773.0,24.0,0.005366757100873632,0.015742907306757502,0.8221088252370227,0.0002561870492307866,0.0007510614166836312,"[0.38137955769193416, 1.2628380927821112]",0.639361813485035,0.02079101407508028,0.18837780724356415,"[0.09729554253649642, 1.1814280844335734]",21.5578177670318
3774.0,24.0,0.0017862104556097462,0.006966499436855484,0.8012441739391083,3.534488990658596e-05,0.0001378505846590716,"[0.42154911140393925, 1.1809392364742775]",0.015601590178131453,0.950488712931944,0.9911248310030699,"[-0.47686162907047464, 0.5080648094267375]",23.940406315273353
3775.0,24.0,6.707246300721076e-08,6.0974966370191594e-05,1.3047403910293496,1.937232531909162e-18,1.7611204835537835e-15,"[1.0128470312661708, 1.5966337507925283]",0.046174019095508,0.6970405382445859,0.9391521354987097,"[-0.18628195180299445, 0.27862998999401045]",23.823628238844726
3776.0,24.0,0.03056166146483542,0.06895681738455646,0.8144578806005325,0.004184633962098844,0.009439733729074766,"[0.25706778136492825, 1.3718479798361367]",0.42749567808260736,0.23256271494888292,0.6742147546764915,"[-0.27437046221349726, 1.129361818378712]",22.367086792385553
3777.0,24.0,0.012335913807054975,0.0310493677499496,0.893027680838549,0.0010136551716770107,0.0025513596065366495,"[0.3604882673673092, 1.425567094309789]",-0.24291785699969903,0.4402966314172414,0.8462360780650421,"[-0.8598868062752919, 0.37405109227589384]",0.9278778649630145
3778.0,24.0,2.4626124222143793e-06,0.00019127600552403012,1.1472304445927697,2.363547952828976e-12,1.8584383591087829e-10,"[0.8265229988763929, 1.4679378903091465]",0.2223460891840281,0.13214812020225122,0.5253648477921953,"[-0.0670839036721877, 0.5117760820402439]",23.150700499901053
3779.0,24.0,0.0005763629408412676,0.0031966885238007077,1.1214974664992567,3.855797324879736e-06,2.1385453826288052e-05,"[0.6456171838691982, 1.5973777491293153]",0.23259587041001062,0.2992491274727026,0.7483333106609458,"[-0.20657540811885072, 0.6717671489388719]",23.111549219555638
3780.0,24.0,0.1435857356865015,0.2820937832740697,0.5633093877073139,0.03936363336222314,0.0773352325387488,"[0.027449983542657264, 1.0991687918719704]",-0.03832842509562795,0.9394206500230493,0.9892015094756179,"[-1.0268055414503876, 0.9501486912591317]",0.14640379955751934
3781.0,24.0,9.622992492011951e-06,0.00031654580565828786,1.4617377700265546,1.6260183443938691e-10,5.36639717621739e-09,"[1.013602632500294, 1.9098729075528151]",0.14416384417109285,0.37439714118581546,0.8058196345601851,"[-0.17393413699846533, 0.462261825340651]",23.44933467804098
3782.0,24.0,0.48469105173238186,0.747403318014467,0.3634593912413259,0.2211379555655849,0.3411043584229291,"[-0.21877417516951364, 0.9456929576521655]",-0.17621497666774566,0.8352654469086722,0.9707873627483405,"[-1.8370447921917836, 1.4846148388562923]",0.6730916300038734
3783.0,24.0,1.6889085354665908e-06,0.0001672186668778803,1.3842330415508202,6.625738149595414e-13,6.560136781777638e-11,"[1.0067364642609467, 1.7617296188406937]",-0.010917811006329714,0.939813437531774,0.9892015094756179,"[-0.29432554430286684, 0.2724899222902074]",0.041702966145611385
3784.0,24.0,0.0007157002705443459,0.003685377294255128,1.2285839022072482,5.973854544751938e-06,3.0793064663669786e-05,"[0.6967054064956619, 1.7604623979188345]",0.04441699148551859,0.8465455164790152,0.9708072590103425,"[-0.4054183023240014, 0.49425228529503856]",23.830339589947418
3785.0,24.0,2.834322762989237e-06,0.0001973797818783904,1.3234060378174604,3.772967473153791e-12,2.6201163008012436e-10,"[0.9499480345201627, 1.696864041114758]",-0.33080225288926535,0.025822619964644238,0.21342448526867314,"[-0.6216944011338839, -0.03991010464464684]",1.2635715295982832
3786.0,24.0,0.0016136752374960634,0.006465329321293913,0.8928518156877705,2.93474328646666e-05,0.00011757785602831171,"[0.4740486094783518, 1.3116550218971892]",0.3256381890651854,0.18694649760797977,0.6182093174867056,"[-0.15799860787172842, 0.8092749860020991]",22.75615374121878
3787.0,24.0,0.0009296187079071855,0.004388607440689958,0.9674117256281421,1.0104857110603326e-05,4.7664420333034556e-05,"[0.5379377461280845, 1.3968857051281998]",-0.25541872573634716,0.2755227975900192,0.7256062224343292,"[-0.7145132907953154, 0.20367583932262112]",0.9756276662201462
3788.0,24.0,0.0015072964542170832,0.00613819759316316,1.0584008163041,2.5800237557610695e-05,0.0001050070718665474,"[0.5653913738158453, 1.5514102587923548]",0.3326048425759929,0.17453751350781066,0.5992939230271134,"[-0.1475168111441833, 0.8127264962961691]",22.729543084985497
3789.0,24.0,0.00017374719699012785,0.0014799590885019407,1.0886761531987141,2.8769358202132117e-07,2.450541584508698e-06,"[0.6728456059813236, 1.5045067004161048]",0.1382223706323371,0.4942974500858581,0.8710087226182522,"[-0.2581418529659729, 0.5345865942306471]",23.472029435231605
3790.0,24.0,2.8045784616262153e-05,0.0005261873286353124,1.1874523996684916,3.2402932319376858e-09,6.079349403260198e-08,"[0.794245985745758, 1.5806588135912252]",-0.2924911178021734,0.09362377409483995,0.44222554965848243,"[-0.634419652641296, 0.049437417036949094]",1.1172337730085544
3791.0,24.0,0.0036048998183620014,0.011598776764356503,0.9771668125879551,0.0001268816624437683,0.0004082421571549816,"[0.47742910647707565, 1.4769045186988345]",-0.06692476128119473,0.8049952216831064,0.964880279922775,"[-0.5982196812282041, 0.46437015866581466]",0.2556337577555335
3792.0,24.0,0.003987232135450478,0.012526648242068734,0.9590948138886787,0.0001515910938404827,0.0004767015529574928,"[0.46290452303173407, 1.4552851047456232]",-0.1051445719556483,0.7012577475747794,0.9400237903147177,"[-0.642337260239015, 0.43204811632771845]",0.4016226807845496
3793.0,24.0,0.2901845026370954,0.5207905646753327,0.39522215712435366,0.10563498241270948,0.18961583631791326,"[-0.0834922094688072, 0.8739365237175145]",-0.2135011601964374,0.7386947170602786,0.9523631024368666,"[-1.4679276866887112, 1.0409253662958364]",0.815514360026823
3794.0,24.0,0.12249391104413367,0.24403856076862815,0.7571018944762625,0.031543130812895157,0.06283492193803816,"[0.06696840698721485, 1.44723538196531]",-0.41937439997116055,0.3794942301105694,0.8071632041216925,"[-1.3546634234506065, 0.5159146235082854]",1.6018922102785875
3795.0,24.0,0.0011927697914539807,0.005224572016881212,1.089236893080697,1.6391379126847117e-05,7.182900581440455e-05,"[0.5938061144299198, 1.5846676717314743]",0.04316394411559887,0.857935773458375,0.9715794382448307,"[-0.4294540183599895, 0.5157819065911873]",23.83512587833584
3796.0,24.0,7.71361575409703e-06,0.000285444934164819,1.280982171556688,8.583348598771597e-11,3.1672873058197774e-09,"[0.8941290190173582, 1.6678353240960178]",-0.40631752425217904,0.010223886575486174,0.12015848605294227,"[-0.7164097966751585, -0.09622525182919961]",1.5520186187902887
3797.0,24.0,4.41826028771827e-05,0.0006828841248405364,1.4009640843468063,1.0571304708635332e-08,1.6338956273006697e-07,"[0.921031215911361, 1.8808969527822517]",0.19872893521152868,0.27248563552433414,0.7228593592331877,"[-0.15621642647737938, 0.5536742969004367]",23.24091138301671
3798.0,24.0,0.07796549113615651,0.16141923630674226,0.4784373124585659,0.016629127612522863,0.03441458529081718,"[0.0868733981214101, 0.8700012267957218]",0.6990935594217778,0.096278270611897,0.449524991159006,"[-0.12475344383839615, 1.5229405626819517]",21.329659304023593
3799.0,24.0,0.0011471973652024928,0.00508284167125606,1.2252332146066234,1.524622268875613e-05,6.755083158509583e-05,"[0.6700061432145767, 1.78046028599867]",-0.24317138847965136,0.30935926400278035,0.7556406057713247,"[-0.7120110920517209, 0.22566831509241814]",0.928846283881346
3800.0,24.0,9.056344820088821e-05,0.0010076592585816402,1.477760566645238,6.281819780496474e-08,6.987563715791407e-07,"[0.9424476635795516, 2.0130734697109247]",-0.22814169304864862,0.2330760406916631,0.6742147546764915,"[-0.6031184866076613, 0.14683510051036402]",0.8714370761771119
3801.0,24.0,0.002955391178966022,0.009977687977603044,1.304564458037275,8.905803259014341e-05,0.0003007701201963641,"[0.6520642181009916, 1.9570646979735584]",0.10465060028564022,0.6928893537430416,0.9381119128929635,"[-0.4147015672733577, 0.6240027678446382]",23.60026415200815
3802.0,24.0,0.0007482378166532675,0.0037891288074396222,1.064490301234173,6.533321575640131e-06,3.309686715116581e-05,"[0.6017130385773077, 1.5272675638910385]",-0.035061299198472895,0.8790954093831576,0.9766268042296392,"[-0.486814325466142, 0.4166917270691962]",0.13392429788786087
3803.0,24.0,0.001165010597615136,0.005134467155641851,0.8959488487752423,1.5667956069243272e-05,6.908269871800385e-05,"[0.4893746105104264, 1.3025230870400581]",0.1000686078086197,0.6772571706517763,0.9341755514903409,"[-0.3711632232325356, 0.571300438849775]",23.617766074054416
3804.0,24.0,0.0006027617441837892,0.0032776603816410503,0.8658383948731466,4.228777886392268e-06,2.2998377568162793e-05,"[0.4969074365042208, 1.2347693532420725]",0.2508081999316607,0.26467958615887277,0.7145777164116436,"[-0.18990866488505725, 0.6915250647483786]",23.0419832451095
3805.0,24.0,0.09770320164935324,0.19862411394460916,0.5882044451811229,0.022867995226291724,0.04648911410101997,"[0.08159392457695291, 1.094814965785293]",0.22708230854177103,0.6176428821007481,0.9174210890671123,"[-0.6645016249320691, 1.1186662420156113]",23.132609474564596
3806.0,24.0,0.00034925031070402317,0.0022871664093256265,1.1692105480029122,1.3480188441082928e-06,8.827890269209514e-06,"[0.6950064084821401, 1.6434146875236844]",0.24376211900444655,0.2548621017351713,0.7042334947089564,"[-0.17583827023558096, 0.6633625082444741]",23.0688972917253
3807.0,24.0,0.006788836605207551,0.019016349034194822,0.9879307852199952,0.0003791561451202005,0.0010623596108719543,"[0.44313354711485464, 1.5327280233251357]",-0.2449463684209645,0.40005494431068267,0.8206211468997754,"[-0.8154429535582899, 0.32555021671636086]",0.9356262078385209
3808.0,24.0,0.01202667401817362,0.030370388934781868,0.9061130881742261,0.0009716203078577878,0.0024535866360045145,"[0.36772124826692465, 1.4445049280815274]",0.11707995925815773,0.7098824689103052,0.9447289007555106,"[-0.49975849092263624, 0.7339184094389517]",23.552787497929597
3809.0,24.0,0.0004996490560515617,0.0028998784448726737,0.969860224710603,2.866211816283588e-06,1.663500763948687e-05,"[0.5637026546688924, 1.3760177947523136]",-0.1779712284943029,0.42172514134878003,0.832626142840632,"[-0.6121302364902741, 0.2561877795016682]",0.6798000178321316
3810.0,24.0,0.00023720470995230737,0.0017956450412740907,1.3599187616936845,5.785593886294385e-07,4.379707711047982e-06,"[0.826652696598433, 1.8931848267889362]",0.1272841575729453,0.5399153464821644,0.8898916804988463,"[-0.27972461027120926, 0.5342929254170998]",23.513810331479473
3811.0,24.0,1.038735169619359e-05,0.0003248576044199919,1.344068944392165,2.0373643533579694e-10,6.427016887564573e-09,"[0.9297687672057782, 1.7583691215785517]",0.21265890638856533,0.19168222189246598,0.6241727479450343,"[-0.10657960007042327, 0.531897412847554]",23.187702812537836
3812.0,24.0,0.0048099369014052585,0.014435584938191052,1.0742091142020467,0.00021015017191708458,0.0006307027968700018,"[0.5061756794432104, 1.642242548960883]",-0.07860766266522479,0.7790991425606995,0.9596392629361795,"[-0.6278836817971969, 0.4706683564667473]",0.30025915387369817
3813.0,24.0,0.0026068069528219612,0.009127475325006866,0.9081679973421688,7.101352252019804e-05,0.00024873387923011575,"[0.46013442452660847, 1.356201570157729]",-0.13073716792713608,0.6167592286840049,0.9174210890671123,"[-0.6427580476722207, 0.3812837118179485]",0.4993791965145338
3814.0,24.0,0.09014328647583612,0.18471984933572977,0.6810860830693124,0.020453289062228274,0.041912477586533346,"[0.10518175293527254, 1.2569904132033523]",0.6002909361334785,0.1700010844451295,0.5900766554846564,"[-0.2571265954581291, 1.457708467725086]",21.707057525306297
3815.0,24.0,0.004331363049805095,0.013343693930391545,1.1058034241511046,0.00017632127693108162,0.0005423601259030502,"[0.5279597680525023, 1.6836470802497068]",-0.4487102777000018,0.10036315776103577,0.4594327742189641,"[-0.9839536260936287, 0.08653307069362504]",1.7139470090902162
3816.0,24.0,0.0005198000162469502,0.002977090585606817,1.0413559371560572,3.14868232447134e-06,1.8002757715673755e-05,"[0.6034509895779344, 1.4792608847341802]",-0.5736024030286,0.008499577496467686,0.10804620180175979,"[-1.0008179426778168, -0.14638686337938311]",2.1909997874733897
3817.0,24.0,0.0033866964805953654,0.01105679556185232,0.9554395920425413,0.00011355940443124014,0.00037086676822743346,"[0.47025635278169664, 1.440622831303386]",-0.022922555033080272,0.9321531119149082,0.9892015094756179,"[-0.5506344177542745, 0.5047893076881139]",0.08755771060345752
3818.0,24.0,0.0014384563832742004,0.005944034641628928,1.188008718725581,2.3482129815164264e-05,9.708065251117045e-05,"[0.6374054458466109, 1.738611991604551]",-0.006585223987987554,0.978621504340686,0.9963708482041612,"[-0.4882330313659939, 0.4750625833900188]",0.025153702777333038
3819.0,24.0,0.1456123139418805,0.28585063592830884,0.6055633005830364,0.040181256471425335,0.07887957689718363,"[0.027127014942987415, 1.1839995862230854]",-0.2571309834261397,0.6098969441167679,0.9143882220641197,"[-1.2448753011095044, 0.730613334257225]",0.9821680088244085
3820.0,24.0,0.1787641252894358,0.3440418115655039,0.548981788549862,0.05356666248003359,0.10311195857561808,"[-0.008429475944448983, 1.106393053044173]",0.25595735510686257,0.6328051456899595,0.9223220313219056,"[-0.7940337726326945, 1.3059484828464196]",23.022314921136367
3821.0,24.0,0.002718953187924623,0.009378934763451615,0.856399547657056,7.668727213785531e-05,0.00026462136693531854,"[0.43194583348135995, 1.280853261832752]",-0.1689476248758801,0.519388513360928,0.8822634845607745,"[-0.6828965351809979, 0.3450012854292377]",0.645332390943158
3822.0,24.0,0.0003093538181724701,0.002114516870625223,1.4061005843441388,1.0402049527679558e-06,7.110081700396143e-06,"[0.841813838800993, 1.9703873298872845]",-0.3077842280944454,0.14520033773140284,0.5460712212538654,"[-0.7219036030458603, 0.10633514685696949]",1.1756491513669054
3823.0,24.0,0.00279774557897296,0.009581320475934796,1.0524273274350513,8.078013885641436e-05,0.00027673908481128595,"[0.5291698222712299, 1.5756848325988728]",0.1920309582539339,0.4651026800968139,0.8563025696728113,"[-0.32321749747799655, 0.7072794139858644]",23.266495770413112
3824.0,24.0,0.004200876351105669,0.013021935372305235,0.965304778235497,0.00016602686603607312,0.0005148119877087539,"[0.4628961735481748, 1.467713382922819]",-0.02265406539438697,0.9345726406827405,0.9892015094756179,"[-0.5635171285419361, 0.5182089977531622]",0.0865321557274496
3825.0,24.0,0.017989489371799307,0.0431092484346976,0.9505302648699694,0.0018457118949411796,0.00442404576927416,"[0.35226221384492584, 1.548798315895013]",-0.23212206583076522,0.48493832933811853,0.8677556500702994,"[-0.8835576529153274, 0.41931352125379695]",0.8866409802640469
3826.0,24.0,0.007713391925054352,0.021017416689521395,0.8396246850231027,0.00046943597350921956,0.001279117094030571,"[0.36912306365165687, 1.3101263063945485]",-0.2215546920644451,0.4541952143353345,0.8513962141415355,"[-0.8017476438476013, 0.3586382597187111]",0.8462765857742198
3827.0,24.0,0.0012895695953844396,0.005501193625062285,1.0564787937648292,1.908770759380531e-05,8.139747374757063e-05,"[0.5721481776212614, 1.540809409908397]",0.1876983994849235,0.43878376692531973,0.8451378487968474,"[-0.28744883598891807, 0.662845634958765]",23.283044925876894
3828.0,24.0,0.004001532854724707,0.012543990140202844,1.0833696037559766,0.00015280084915958417,0.0004789995271460319,"[0.5225929786071674, 1.644146228904786]",-0.22628707024147765,0.4078472881590465,0.8249322780995372,"[-0.7621346062102975, 0.3095604657273422]",0.8643529388811384
3829.0,24.0,0.00014283167172401745,0.0013411424575025114,1.3915056672464972,1.834987251123691e-07,1.723667205611093e-06,"[0.8685655165913323, 1.9144458179016621]",0.1277273914568351,0.521006532544947,0.8830050096912935,"[-0.26233677055548, 0.5177915534691502]",23.512117302753868
3830.0,24.0,0.0002182546914079333,0.0017077831878555031,1.393119109374005,4.815668421526463e-07,3.7683166382820632e-06,"[0.8506625513955282, 1.9355756673524818]",0.1956712336988513,0.341859449352804,0.7829552424665039,"[-0.2078106396144997, 0.5991531070122023]",23.252590942462522
3831.0,24.0,0.15724719331358963,0.3067041024255698,0.5876585667389285,0.04473353116461282,0.08725088973008156,"[0.013815680079609982, 1.1615014533982468]",-0.15121739790282174,0.7698511393157065,0.9588381359019884,"[-1.1642434791966083, 0.8618086833909648]",0.5776079125854741
3832.0,24.0,0.003600144772318737,0.011587205575535041,1.141325311427734,0.00012674150962539073,0.00040792246419501366,"[0.5576758895468235, 1.7249747333086445]",0.18020999030523832,0.5052415517307027,0.8752594956712603,"[-0.34991682192288875, 0.7103368025333654]",23.31164854196109
3833.0,24.0,0.001600622903533362,0.0064282044318608915,1.0508010753894315,2.8811106144314515e-05,0.00011570725359162456,"[0.5584040066207596, 1.5431981441581033]",0.19074202063788093,0.4414057513050279,0.846978439121565,"[-0.29488674367831486, 0.6763707849540768]",23.271419149443478
3834.0,24.0,0.007657604145772579,0.020897696210848433,0.8985715163086908,0.00046301797993494664,0.0012640403492627536,"[0.395565588806418, 1.4015774438109636]",0.0582200420026453,0.8444527283377798,0.9708072590103425,"[-0.5233728068073158, 0.6398128908126064]",23.77761582067827
3835.0,24.0,0.0001484293031054252,0.0013629871726852636,1.1843914540095268,2.0131979474996538e-07,1.8500479966711594e-06,"[0.7378132838911894, 1.6309696241278644]",-0.26321158670776335,0.18568994696941477,0.6170340062801836,"[-0.653018625229661, 0.1265954518141344]",1.0053942024864373
3836.0,24.0,0.0004178924077519436,0.002575313106239958,1.3269458044210227,1.9680588785801417e-06,1.2133531927127876e-05,"[0.7801846725448709, 1.8737069362971746]",0.09203452887131647,0.6733704801143501,0.9338966192307091,"[-0.335896464290465, 0.5199655220330979]",23.648453995079908
3837.0,24.0,0.03887848123156266,0.0854472114979399,0.6632657690554045,0.005991097522665921,0.013170141839230426,"[0.19024897752840825, 1.1362825605824007]",-0.2193725887894855,0.5603944086077439,0.8963105579420086,"[-0.9578150235147456, 0.5190698459357745]",0.8379415652330958
3838.0,24.0,7.713916416952258e-05,0.0009323511532191524,1.2491262916364243,4.241062948292002e-08,5.140682361566063e-07,"[0.8024081159481254, 1.695844467324723]",-0.04603396268937221,0.80815623510616,0.964880279922775,"[-0.41762762877264914, 0.3255597033939047]",0.17583678509091522
3839.0,24.0,0.07910614311287252,0.1636114645560962,0.7520160335652112,0.016916780714865427,0.0349954090088238,"[0.13492695270224964, 1.3691051144281727]",-0.23623640780269994,0.5855824613649339,0.9069222328018148,"[-1.0854173897631116, 0.6129445741577118]",0.9023566089617397
3840.0,24.0,0.028927588868074235,0.06580434228406332,0.6116060303692248,0.00383608328245733,0.008726304100221407,"[0.1970136104098828, 1.0261984503285668]",-0.0770905660334602,0.8300959275741304,0.9686926026402447,"[-0.7812370928373991, 0.6270559607704786]",0.2944642715994566
3841.0,24.0,0.024733920698409,0.05714861529207255,0.7537995102757465,0.00302279170490071,0.0069858833022896005,"[0.25558186605663674, 1.2520171544948564]",-0.19144537234809533,0.5838231705608652,0.9054382838954627,"[-0.8764033538899556, 0.49351260919376494]",0.7312674561904279
3842.0,24.0,0.0001401299047427696,0.0013288561892403018,1.034275427956835,1.7680603582364525e-07,1.6727155707061991e-06,"[0.6460978329492819, 1.422453022964388]",0.3432270517515077,0.08188571916023837,0.4172942693051722,"[-0.04342320553070911, 0.7298773090337245]",22.688969234661354
3843.0,24.0,0.00029105297050447207,0.0020416838000249394,1.0717573121949504,9.061487828255962e-07,6.3589388268462895e-06,"[0.6440221485151151, 1.4994924758747858]",-0.0883887610300107,0.6759899170948982,0.9341755514903409,"[-0.502893671428811, 0.3261161493687896]",0.33762019756066775
3844.0,24.0,0.004708912106230819,0.014187743616242301,1.0616311346073206,0.00020471520146013835,0.0006164263819937921,"[0.5012518218366634, 1.6220104473779777]",0.7476975996782258,0.005635595918368637,0.08271849563475704,"[0.21831857326080406, 1.2770766260956474]",21.144005545758365
3845.0,24.0,0.00806629989903846,0.021800810537941785,1.0432417488150902,0.0005096965798550748,0.0013768141000947455,"[0.4549371377602818, 1.6315463598698987]",-0.7580813592983846,0.00855694567571516,0.10859068116389799,"[-1.3231867121348566, -0.1929760064619127]",2.8956574943558655
3846.0,24.0,0.012483198049277331,0.031349065919832574,0.7314222124949903,0.0010342174696572933,0.0025972312146089736,"[0.2945006181860988, 1.1683438068038818]",-0.3066935274627678,0.3295050198816031,0.7713535836520522,"[-0.9231444143800862, 0.30975735945455063]",1.1714829818397468
3847.0,24.0,0.013396500760302568,0.03329977817624302,0.6379387302546231,0.0011563039652998726,0.0028742330730794747,"[0.2531539752457405, 1.0227234852635056]",-0.1823974632697558,0.5674818819296621,0.8991207905304154,"[-0.8076422677989114, 0.44284734125939973]",0.6967069892832973
3848.0,24.0,1.2546962725656739e-05,0.0003554380375540153,1.4015335572149916,3.523298239461425e-10,9.981014842666927e-09,"[0.9636883717548047, 1.8393787426751786]",0.28514926270529806,0.08328041554853159,0.42060815933601814,"[-0.03753821133445312, 0.6078367367450492]",22.910810047714616
3849.0,24.0,0.0007517136685674913,0.0037903298631495196,1.0264800055045615,6.690148358672331e-06,3.366242307161938e-05,"[0.5797282979349132, 1.4732317130742099]",0.6439745905840546,0.0041169837336525366,0.06702894612438587,"[0.20405050875969605, 1.0838986724084132]",21.540198256391236
3850.0,24.0,0.0020766625453956054,0.007789431903209323,0.9747982815702191,4.6978161575527876e-05,0.00017621215894796652,"[0.5053908770019246, 1.4442056861385135]",-0.3044442715948428,0.22988912633637903,0.6703174076703508,"[-0.8014271846347678, 0.1925386414450822]",1.1628914572879376
3851.0,24.0,0.009341929641798365,0.024635890405586405,0.7718882587825598,0.0006444119160156445,0.0016998467845308481,"[0.32851627165801084, 1.215260245907109]",-0.19589720572715486,0.5188710027114323,0.8816839468333598,"[-0.7910907949052194, 0.3992963834509097]",0.7482722071047995
3852.0,24.0,0.004062526332178706,0.012679545356363002,0.6410444358967917,0.00015704624837727476,0.000490156830141307,"[0.3086267312322175, 0.9734621405613659]",-0.27301204429062054,0.31803048405952206,0.761567251100388,"[-0.8089024887581061, 0.26287840017686503]",1.0428291929394173
3853.0,24.0,0.0023329560385227256,0.008419184548981325,1.1951928676818948,5.8688876871308065e-05,0.00021156768879346816,"[0.6121857698796183, 1.7781999654841714]",0.7716715043060889,0.0019527840727765057,0.041905237613229736,"[0.28336291672733277, 1.259980091884845]",21.05243197551665
3854.0,24.0,0.00045179989512900744,0.0027110036041133657,1.3770516115911122,2.3204561049830085e-06,1.3936673303201252e-05,"[0.8056353791795406, 1.9484678440026837]",0.12814345118959203,0.5597956238775825,0.896271176099223,"[-0.30254961008338654, 0.5588365124625706]",23.510528071639715
3855.0,24.0,1.9176410857793236e-05,0.0004338247400959527,1.343162790046254,1.1484270557715884e-09,2.5982512574017835e-08,"[0.910695531100119, 1.7756300489923889]",0.056950411399290246,0.7386287467270021,0.9523631024368666,"[-0.2775741930148433, 0.3914750158134238]",23.78246545235246
3856.0,24.0,0.00041228206151139605,0.002557581026745633,1.0105783373991988,1.9162183696414305e-06,1.1887210729785548e-05,"[0.5946459421836567, 1.4265107326147408]",-0.19172438727943675,0.3783182700756975,0.806648763487628,"[-0.618254749042298, 0.2348059744834246]",0.7323332147228943
3857.0,24.0,6.652950602462276e-06,0.00027260929568878405,1.3205633467187086,5.420018106618259e-11,2.2213188961550242e-09,"[0.9259468510926412, 1.715179842344776]",-0.09407603606253723,0.5524133034393834,0.8939184893512985,"[-0.4044123890962929, 0.21626031697121845]",0.35934398798026096
3858.0,24.0,0.04079857357160592,0.08935298635918949,0.7555110955571717,0.006436283755030266,0.014096109844569132,"[0.21204479681368604, 1.2989773943006573]",0.21133512445665126,0.5782342234542031,0.9032205836784882,"[-0.5336913149394479, 0.9563615638527504]",23.192759287050794
3859.0,24.0,0.06264291111579683,0.13157511261457008,0.7101869737357078,0.012072203040658522,0.02535644410976375,"[0.1556347508368291, 1.2647391966345864]",0.11877731076196696,0.7739666330537193,0.9594231226648312,"[-0.6918324918287321, 0.929387113352666]",23.546304092761698
3860.0,24.0,0.0011734283642458629,0.00515792687580599,0.9705541311053557,1.596425261869871e-05,7.017253898329103e-05,"[0.5297023775277208, 1.4114058846829907]",-0.3270118051541955,0.17112301771494454,0.592121168563822,"[-0.7953220306869252, 0.14129842037853424]",1.2490930857526548
3861.0,24.0,0.0026964819994211306,0.009349412375824775,1.263238548624023,7.557633787545285e-05,0.0002621447723740994,"[0.6376966332508447, 1.8887804639972012]",-0.19510265066986854,0.4561375362860871,0.8520462075951002,"[-0.7082305211881993, 0.3180252198484622]",0.7452372303465807
3862.0,24.0,0.0022467555527731155,0.008229873819681741,1.135426527656937,5.413544376279957e-05,0.0001983571613091257,"[0.5841789580998702, 1.686674097214004]",0.13668100287946405,0.5949243176142611,0.9093921088570179,"[-0.3671424917667324, 0.6405044975256605]",23.477917026359417
3863.0,24.0,0.03324573552458538,0.07422579934044514,0.9850268485673119,0.0047355550128986125,0.010571282809317066,"[0.3014997663602169, 1.668553930774407]",-0.12914429583312703,0.7252537431248036,0.9490709376786874,"[-0.8493634351328138, 0.5910748434665597]",0.4932948732951415
3864.0,24.0,0.0003456412579772224,0.0022709675294167045,1.148696608359168,1.3149351926997704e-06,8.661234489326503e-06,"[0.6832884807219444, 1.6141047359963918]",0.1400277724038883,0.5138916955913407,0.8803357696922911,"[-0.28039748927357466, 0.5604530340813513]",23.46513330844258
3865.0,24.0,0.000488940831201957,0.0028643282437138665,1.2162875761226195,2.736155601623496e-06,1.602903105813413e-05,"[0.7079643316642299, 1.7246108205810091]",0.10373302036300025,0.639428108693405,0.9259147211178932,"[-0.3302341382040547, 0.5377001789300552]",23.603769049137032
3866.0,24.0,0.03146977569802177,0.0708140767282218,0.7224930921968971,0.004358122856710859,0.009806757103309765,"[0.22580499858524278, 1.2191811858085513]",-0.07771140234164875,0.8310999868183535,0.969180643199337,"[-0.7918134699822849, 0.6363906652989874]",0.29683569161463574
3867.0,24.0,7.871879770746245e-06,0.00028811730166416636,1.5115293990274643,8.966765182596073e-11,3.2966048465426744e-09,"[1.0545878279500756, 1.968470970104853]",-0.008188049721988833,0.9592595265874214,0.9938808419181301,"[-0.32235008854783215, 0.3059739891038545]",0.03127604610088181
3868.0,24.0,0.01023244071376281,0.026536412639426375,1.0391872899556178,0.000747722979549937,0.0019396186239946484,"[0.43506540150857476, 1.643309178402661]",0.15462968051054293,0.6152704356667742,0.9172188963428358,"[-0.44841441647219915, 0.757673777493285]",23.409358127952636
3869.0,24.0,0.0015028648441833947,0.006129138842509766,0.9718341851517497,2.5742229222861976e-05,0.00010495871943084528,"[0.5192027276494312, 1.4244656426540683]",-0.454798756093596,0.061594978910861846,0.3602045550342798,"[-0.9316814489249164, 0.022083936737724463]",1.7372032834641855
3870.0,24.0,0.0005750169326987289,0.0031933679244490498,1.2314187554464888,3.824627987978567e-06,2.1255978162783813e-05,"[0.7090864776323543, 1.7537510332606234]",-0.010372708113718154,0.9632144722900651,0.9938808419181301,"[-0.45118061742078924, 0.43043520119335293]",0.039620826469143694
3871.0,24.0,0.004625625733952714,0.014004316481842914,1.06493543841316,0.00019790489513768592,0.0005986233972706774,"[0.5041034007590839, 1.625767476067236]",0.5094073509004637,0.06317029742822587,0.3649352826587283,"[-0.027958050920250055, 1.0467727527211776]",22.054207249364246
3872.0,24.0,0.0005652373580196958,0.003150709910923611,1.202988422998904,3.6949271935783357e-06,2.059602672005761e-05,"[0.6935040625112375, 1.7124727834865707]",-0.11045327150976547,0.622489612396297,0.9181262719709394,"[-0.5501718230223649, 0.329265280002834]",0.4219004193948093
3873.0,24.0,0.00042484217453236375,0.0026036275643625635,1.112896723953477,2.0366049171668706e-06,1.2486848051299022e-05,"[0.653665406714742, 1.572128041192212]",0.015818176622456548,0.9423650096181089,0.9898324486779057,"[-0.4130068667082842, 0.4446432199531973]",23.93957901599605
3874.0,24.0,0.001986107310184133,0.007563241851424726,1.2313637513667524,4.3075792433839274e-05,0.0001640357670747878,"[0.6413311641075977, 1.8213963386259069]",-0.04495669760532994,0.8595291040613997,0.9718046448331139,"[-0.5428473096329127, 0.4529339144222528]",0.17172193557542004
3875.0,24.0,0.007910707179142197,0.021455674475568745,0.9043864364612505,0.0004928377699813554,0.0013359657630288842,"[0.39570393511749014, 1.413068937805011]",0.5969765037790928,0.040267048706860056,0.28280498316758507,"[0.026497203772293476, 1.1674558037858922]",21.719717724332156
3876.0,24.0,0.00023998522335023646,0.0018033474557122193,1.1910616515539822,5.944563594076987e-07,4.472959814956349e-06,"[0.7235203929410046, 1.65860291016696]",0.1855224132094202,0.3714896818025819,0.803654485224597,"[-0.22135099492180177, 0.5923958213406422]",23.291356581201207
3877.0,24.0,0.04214945747653025,0.09200929377107672,0.7373355991524366,0.006751033486425948,0.014737030094795782,"[0.20384938946017617, 1.2708218088446972]",0.12893095679176803,0.7364918585617879,0.9523631024368666,"[-0.6220290632315421, 0.8798909768150781]",23.507520021816543
3878.0,24.0,0.08438714008227494,0.17374333967938013,0.5189929405834018,0.018562954693189734,0.0382189719851549,"[0.08690970115848129, 0.9510761800083224]",-0.2729133196594704,0.5341351315104789,0.8873819851693997,"[-1.133288127859552, 0.5874614885406111]",1.0424520926261582
3879.0,24.0,0.029916230622386047,0.06766847008004083,0.727266029808444,0.00404677791110989,0.009153535198167587,"[0.23138184008280632, 1.2231502195340818]",0.338258846458519,0.3453811237649572,0.7853899522787541,"[-0.364353299259897, 1.040870992176935]",22.70794638099754
3880.0,24.0,7.04894207294835e-06,0.00027861431118372923,1.6996097932879157,6.450380221352469e-11,2.5495573997440588e-09,"[1.189703204076288, 2.2095163824995434]",0.08557493609354694,0.5904029574386388,0.9077706636973603,"[-0.22603326097468374, 0.3971831331617776]",23.673127821982536
3881.0,24.0,0.0006102858164006703,0.0033042004136473757,1.3352805697201116,4.324998739032529e-06,2.3416344012087328e-05,"[0.7657412084749382, 1.904819930965285]",-0.11801986010225818,0.6013912226755186,0.91161020243821,"[-0.5608113463274526, 0.3247716261229362]",0.4508026588389204
3882.0,24.0,0.0012355180551252953,0.005350910546144803,1.126086655850484,1.7544130502379756e-05,7.60803577726789e-05,"[0.6120991082984281, 1.64007420340254]",-0.027450776609198257,0.9096881375938972,0.9847157609726442,"[-0.5017664308295974, 0.44686487761120086]",0.10485424293756673
3883.0,24.0,0.000556057445242013,0.00312041215062858,0.9729112931600707,3.6118327879938105e-06,2.025705433535508e-05,"[0.5612870840312131, 1.3845355022889283]",-0.5013383719637847,0.022911796617759488,0.20014077298671445,"[-0.9332712910287617, -0.06940545289880778]",1.9149715214323109
3884.0,24.0,0.004419390440377228,0.013543948637380412,1.0865355301648807,0.0001821731834244971,0.0005581286256877974,"[0.5175173289553928, 1.6555537313743685]",0.3399483970929307,0.21691659781897255,0.6556789944347111,"[-0.1996559940700211, 0.8795527882558825]",22.701492772955845
3885.0,24.0,0.0006949670078585507,0.0036252843393768945,1.1856522057444707,5.633412625931375e-06,2.941729830773564e-05,"[0.6737603969958949, 1.6975440144930465]",-0.11688505717527153,0.609261709296494,0.9143882220641197,"[-0.5650911439083534, 0.3313210295578103]",0.4464680309525586
3886.0,24.0,0.005226780031796718,0.015409139244683722,1.081620333918613,0.00024282700323284768,0.000716092607587283,"[0.5039350020205013, 1.6593056658167247]",-0.19231137876231763,0.49587185624536145,0.8714795364593348,"[-0.7457969825466799, 0.36117422502204466]",0.7345753570281742
3887.0,24.0,0.0007264289467061311,0.0037139328635832527,1.2857754096711618,6.178713036633852e-06,3.158851245722828e-05,"[0.7282592040800682, 1.8432916152622554]",-0.25720719731059294,0.26087555426224107,0.7094793425679659,"[-0.7055804371244125, 0.19116604250322666]",0.9824591244190396
3888.0,24.0,0.0017963832789083308,0.006989818205868991,0.8603265801492165,3.61578352049898e-05,0.0001404733302447156,"[0.45211783840439385, 1.2685353218940392]",-0.6338317897802677,0.009644745271817148,0.11648243081904769,"[-1.1137921905310748, -0.15387138902946051]",2.4210590983755043
3889.0,24.0,8.20119839676559e-05,0.0009625819714513603,1.41544739496234,4.9217062586135414e-08,5.776650538278804e-07,"[0.9067992642632711, 1.924095525661409]",-0.0004874991823689001,0.9979586100083527,0.9998296237857246,"[-0.3739401866725298, 0.372965188307792]",0.0018621097110544274
3890.0,24.0,0.0022676205926235866,0.008266936174347745,0.8482949598070785,5.531777920374427e-05,0.00020152196431236528,"[0.4359310266268034, 1.2606588929873537]",0.36114069160585327,0.15716586896383214,0.5698544922546488,"[-0.13920480469363528, 0.8614861879053418]",22.620544170703266
3891.0,24.0,0.0020170348197960414,0.007630905566400434,0.9355258461923998,4.4687688410036855e-05,0.0001687386927634491,"[0.4863133263190807, 1.3847383660657189]",-0.45792042667392074,0.06787253937127151,0.3796003320540912,"[-0.949475866558158, 0.03363501321031642]",1.749127186749703
3892.0,24.0,0.0003603217898239073,0.002338233548500372,1.248606363931776,1.4382061035330021e-06,9.332940321434148e-06,"[0.7408452667148953, 1.7563674611486566]",-0.16551018381654803,0.4417789312367547,0.846978439121565,"[-0.5872432617894539, 0.25622289415635785]",0.6322023332748441
3893.0,24.0,0.007624927104652991,0.0208293386171112,0.7765448087638231,0.00045971545640444096,0.0012563964372900819,"[0.34208411527017074, 1.2110055022574755]",0.053645401985871644,0.8564649101460909,0.9711734295148989,"[-0.527653708473065, 0.6349445124448083]",23.79508965839512
3894.0,24.0,0.006314443940006922,0.018020673344768614,1.1645971896313891,0.0003347905173631823,0.0009557251423442259,"[0.5282128793071342, 1.8009814999556442]",-0.05573686902252284,0.8474171578016158,0.9708072590103425,"[-0.6234798525044938, 0.5120061144594481]",0.21289915721760114
3895.0,24.0,0.004737076317026151,0.014259711971782513,1.20510060710417,0.0002053180863862855,0.0006180556483632917,"[0.5688638138982811, 1.841337400310059]",0.29784908981311364,0.28413816200537967,0.7342955649690281,"[-0.2471888053925967, 0.842886985018824]",22.862300281459706
3896.0,24.0,4.255587703045294e-05,0.0006701712918181566,1.3713524964128125,9.569437911128683e-09,1.5069980962407375e-07,"[0.9029465976812334, 1.8397583951443917]",-0.0604387005733118,0.7385224747338076,0.9523631024368666,"[-0.41530362087197714, 0.29442621972535354]",0.230858830807045
3897.0,24.0,4.952256979583557e-06,0.0002413319386198876,1.35798059321981,2.2037903401192136e-11,1.0909853168906998e-09,"[0.9602435977595931, 1.7557175886800267]",-0.19446046984104726,0.2091949918027044,0.647261732062823,"[-0.497964974733046, 0.1090440350509515]",0.7427842802682025
3898.0,24.0,0.0007212082427087772,0.0037023010405994724,1.2811631156211416,6.080451365573724e-06,3.1213816045039655e-05,"[0.7260634386121536, 1.8362627926301296]",-0.19736624235937494,0.3888824145206735,0.813160634662841,"[-0.6463102167879504, 0.2515777320692005]",0.753883513703221
3899.0,24.0,0.005384009330554062,0.015784254853573914,1.0918446791703142,0.00025544783641652725,0.0007491138897845373,"[0.506629720873354, 1.6770596374672744]",0.17845332980461848,0.5290552830389879,0.8840013597459259,"[-0.3772107741244145, 0.7341174337336515]",23.31835849080928
3900.0,24.0,0.005856725001131739,0.01691589373940129,0.7414494172338795,0.00029459024196692806,0.0008509250201239978,"[0.3400102873507924, 1.1428885471169665]",-0.024815560584181995,0.9311122251234403,0.9892015094756179,"[-0.5874540694360597, 0.5378229482676957]",0.0947884591816552
3901.0,24.0,4.442044363085193e-06,0.00023502880227963983,1.1938009561560403,1.5630286553881055e-11,8.269992885651352e-10,"[0.8467476689025237, 1.540854243409557]",0.0275470508672786,0.8581577871396722,0.9716460452215491,"[-0.27455295648829625, 0.32964705822285345]",23.89477801648485
3902.0,24.0,0.0069333264543283025,0.019296761631862794,0.986650730728588,0.00039362650354940357,0.0010949276872027915,"[0.4410454663183391, 1.5322559951388368]",-0.3547611491685032,0.2220038745230566,0.6613162779954024,"[-0.9241268584278369, 0.2146045600908305]",1.3550877721710846
3903.0,24.0,0.00019023235130502446,0.0015813163034499123,1.2239523852119512,3.561286507916428e-07,2.9578791593990266e-06,"[0.7527503213573014, 1.6951544490666008]",0.3809568934590146,0.05926505129754197,0.3529782685976294,"[-0.01489354678875121, 0.7768073337067805]",22.544851855225566
3904.0,24.0,0.007886094020332144,0.021400960749511762,0.9933806305049057,0.0004870559016528657,0.0013222881761748386,"[0.4351480356585906, 1.5516132253512207]",-0.21824665975052682,0.4622722663636869,0.8551096307134424,"[-0.8001396624388324, 0.36364634293777875]",0.8336408331021922
3905.0,24.0,0.049750039817259284,0.10687903472920315,0.6991399348570543,0.00864520837720849,0.018571876213122427,"[0.1772790054731015, 1.221000864241007]",0.3965711492876478,0.31078518439549074,0.7566701840184672,"[-0.3702833167211079, 1.1634256152964035]",22.485209791277686
3906.0,24.0,0.0022951451138973292,0.00833083525915546,1.0415570547604456,5.6476372417731154e-05,0.00020482109554607043,"[0.5346339988287283, 1.5484801106921628]",-0.30417591143511125,0.23527958147488204,0.676674091098309,"[-0.8064842486109562, 0.19813242574073375]",1.1618663969851326
3907.0,24.0,0.0021231700860346397,0.007898698236736012,0.9831491724977897,4.895155137554932e-05,0.00018217920124878796,"[0.5086016184715542, 1.4576967265240253]",0.31466149441805324,0.2155018198026296,0.6542767589910653,"[-0.18326854848583968, 0.8125915373219461]",22.798081626304416
3908.0,24.0,0.021758300991707055,0.05101594605324046,0.6610837413024024,0.002488488130638853,0.005834673225413489,"[0.2327159164927905, 1.0894515661120143]",0.41538432891255006,0.2208560258870731,0.6606521863208887,"[-0.2496227875615068, 1.0803914453866068]",22.41334873849579
3909.0,24.0,0.000149002854697863,0.0013669986669528715,1.0714733163273735,2.020986482461258e-07,1.8541160389552824e-06,"[0.6674154421166414, 1.4755311905381057]",-0.04891920623043777,0.8066889761521499,0.964880279922775,"[-0.44074596515896075, 0.3429075526980852]",0.18685760360894438
3910.0,24.0,0.000495855867941132,0.002887571068722717,1.0019035758882116,2.8377892222343743e-06,1.649877454787427e-05,"[0.5825099585034115, 1.4212971932730116]",0.37738308926474495,0.0857671542426105,0.42540732248787405,"[-0.05311034547385224, 0.8078765240033421]",22.55850278170142
3911.0,24.0,0.0006362461069751004,0.003404206029829322,0.9147086516898228,4.740917066473461e-06,2.5366062420938797e-05,"[0.5229209689981639, 1.3064963343814817]",-0.3789207150756564,0.0917692466123815,0.4396672112521484,"[-0.8193775520185587, 0.06153612186724583]",1.4473705162609531
3912.0,24.0,0.00430890528584298,0.01329909038840426,0.8084767698466598,0.00017447914505525324,0.0005381836676596338,"[0.386299085095656, 1.2306544545976636]",-0.3831699924480878,0.1618546558108962,0.5781053166642794,"[-0.9200348849484707, 0.15369490005229514]",1.4636015602223371
3913.0,24.0,0.0017707065428275433,0.00691952537251873,0.868885393577734,3.4785922968162354e-05,0.00013593561144260396,"[0.4575002878240787, 1.2802704993313894]",-0.08649599117074835,0.730287380245433,0.9506810952450392,"[-0.5782504037614635, 0.4052584214199668]",0.33039034925898086
3914.0,24.0,2.6797070153330307e-05,0.0005143391584132497,1.3368604022336907,2.8748183864759015e-09,5.507314916620501e-08,"[0.8956449382369079, 1.7780758662304734]",-0.3284088895401709,0.0585230034374752,0.3507560328670054,"[-0.6686580193212377, 0.011840240240895916]",1.2544295550153226
3915.0,24.0,0.0009962387936931993,0.004605444060861248,1.2298218621462782,1.1612081632120277e-05,5.3685074582155696e-05,"[0.6800964799153354, 1.7795472443772211]",-0.35503952884018997,0.13053448620188626,0.5223251886007398,"[-0.8152682443695198, 0.10518918668913996]",1.3561511041904104
3916.0,24.0,0.0013160786964414371,0.005586072565540904,0.9018460618029797,1.9818953395451998e-05,8.412119437797962e-05,"[0.487592807712065, 1.3160993158938943]",0.08665110023996991,0.7218544663344535,0.9478538799325268,"[-0.39043286443580844, 0.5637350649157482]",23.66901717773898
3917.0,24.0,5.1381818838274565e-05,0.0007495363286483563,1.3595048390572655,1.5537020768909085e-08,2.2653818248940665e-07,"[0.8883584271653102, 1.8306512509492208]",-0.23184022847206887,0.20521860619551768,0.6393102996745099,"[-0.5905316305785153, 0.12685117363437765]",0.8855644408532193
3918.0,24.0,0.003940782512940933,0.01242365231065868,1.0784855956387043,0.00014920112040608415,0.00047007284311935773,"[0.5211088668916559, 1.6358623243857526]",-0.37150697380915965,0.17082910239960925,0.59165336158259,"[-0.9031729648263827, 0.16015901720806336]",1.4190521105961373
3919.0,24.0,0.039997165076637475,0.087678476225566,0.7638479749980605,0.0062476465821461975,0.013700979346811836,"[0.21635538972141877, 1.3113405602747021]",0.183496956189388,0.6283366407421361,0.9210446214337967,"[-0.559469755136071, 0.926463667514847]",23.299093257123406
3920.0,24.0,0.017391170921858292,0.041805699331390125,0.8684963753257993,0.0017480978360097982,0.004202158259638938,"[0.32465458710039996, 1.4123381635511985]",0.10433271190089943,0.753144423026565,0.9552799279805988,"[-0.5458772012135449, 0.7545426250153437]",23.601478396194942
3921.0,24.0,0.00092499568902011,0.004379714436648249,1.1319706176238167,9.976873153350354e-06,4.723898273366645e-05,"[0.6297557358606768, 1.6341854993869567]",0.10956535160041625,0.6410855851068096,0.9262903989406293,"[-0.35107956837236054, 0.570210271573193]",23.581491184828614
3922.0,24.0,0.015551709262344528,0.03789402841701883,1.000127398401306,0.0014732127657353846,0.0035879512073438494,"[0.3836903736964081, 1.6165644231062037]",-0.4948937686144319,0.12335599236408348,0.5091169230657099,"[-1.1244040597935911, 0.13461652256472723]",1.8903549499287247
3923.0,24.0,0.0015904976524063696,0.006395245888244349,0.9062841086820667,2.8497536376973014e-05,0.00011458599266977489,"[0.4818588502219269, 1.3307093671422063]",0.24108760727900602,0.32947501500745424,0.7713535836520522,"[-0.24346598141618403, 0.7256411959741961]",23.079113174000366
3924.0,24.0,0.021557433861844093,0.05060430484000961,0.819544249739369,0.0024434731808069114,0.00573989471648323,"[0.2894643725153433, 1.3496241269633948]",-0.06995433747025892,0.8383111930218048,0.9708072590103425,"[-0.741873973781076, 0.6019652988405582]",0.26720588637864723
3925.0,24.0,2.4510961214806024e-05,0.0004971797406654366,1.2449707319748606,2.2433563168818837e-09,4.550418492661022e-08,"[0.8368680932537178, 1.6530733706960035]",0.11297801821556863,0.5152746867444009,0.8807058948957643,"[-0.2273493892771738, 0.45330542570831106]",23.568455758566387
3926.0,24.0,0.0027687595470939305,0.009514637618879487,1.1408108593671051,7.924873528702732e-05,0.0002724260408629334,"[0.574269075577, 1.7073526431572104]",0.1714441586225437,0.5140459141778634,0.8803357696922911,"[-0.343495639730528, 0.6863839569756154]",23.345131552583787
3927.0,24.0,0.001046432584369578,0.004769519527664439,1.086666940227447,1.2782156758438967e-05,5.825960236298526e-05,"[0.5985998122794232, 1.5747340681754707]",-0.3458327835943198,0.14289802605030313,0.5416907735038027,"[-0.8084819165769526, 0.11681634938831292]",1.3209839278143773
3928.0,24.0,0.48812494261389683,0.7509500805961913,0.3387946617559102,0.22344084227837502,0.3437551419667308,"[-0.20663760490872118, 0.8842269284205416]",-0.053968168821930895,0.9495782783517174,0.9908987564976702,"[-1.7266710148794022, 1.6187346772355404]",0.2061432201030771
3929.0,24.0,0.045798757918822895,0.0991100582532415,0.6718426990564538,0.007637418196323129,0.01652763080788385,"[0.17823722506467282, 1.1654481730482347]",0.19560257412604987,0.6145617428972878,0.9172188963428358,"[-0.5657057093549467, 0.9569108576070464]",23.252853202712167
3930.0,24.0,0.00010667969484905172,0.0011126134539436927,1.2253370586082866,9.251855167341956e-08,9.677672769186146e-07,"[0.7756666000096277, 1.6750075172069454]",-0.05132554163648084,0.7919133296163141,0.9628316126547152,"[-0.43262185758054883, 0.32997077430758714]",0.19604912779955552
3931.0,24.0,0.0002386775420435103,0.0018008151620581157,1.369498990557273,5.901744521834078e-07,4.4541468089313794e-06,"[0.8320638567893839, 1.906934124325162]",-0.33482497525177557,0.10468304863158695,0.4721833497139691,"[-0.7392747611760093, 0.06962481067245824]",1.2789371971665986
3932.0,24.0,0.03295476902331084,0.0736419419515326,0.7360293890938566,0.004681959620550923,0.010462479598996474,"[0.22594430331325777, 1.2461144748744555]",0.3157757535299348,0.3866263371647555,0.8118990700645852,"[-0.3991048506714484, 1.030656357731318]",22.793825470011427
3933.0,24.0,5.964292810266987e-06,0.00025597823220029986,1.3781377154610237,3.887503498223773e-11,1.668456437005911e-09,"[0.9693943088841026, 1.7868811220379448]",0.06431727461994718,0.6824562986360615,0.9356843168376249,"[-0.24381118378058603, 0.3724457330204804]",23.754326107632878
3934.0,24.0,0.004118391327288213,0.012817303245102569,1.0308860264864794,0.00016184056295598796,0.0005032355813308083,"[0.4952513756053909, 1.566520677367568]",-0.5659258307295261,0.035715705284435136,0.2627281442919216,"[-1.094076005451046, -0.03777565600800603]",2.1616774412157915
3935.0,24.0,0.0001697645616361519,0.0014622270597429105,1.206834731640709,2.731092982816052e-07,2.354390502427631e-06,"[0.7467494201940377, 1.6669200430873805]",0.17131358283215548,0.39566154180285407,0.8173136579278126,"[-0.2239894948251559, 0.5666166604894669]",23.34563031536351
3936.0,24.0,0.0060804383019639535,0.017427452857448993,0.8327252074954032,0.00031714279570203846,0.0009084583090863318,"[0.37947163206419343, 1.285978782926613]",-0.7095219810442881,0.011082360011483943,0.1262227791740768,"[-1.2569974369010732, -0.16204652518750307]",2.7101743323732603
3937.0,24.0,0.0005815199459827186,0.003209271225070191,1.3698462498726394,3.921599671383183e-06,2.1654332807195932e-05,"[0.7881427785801778, 1.951549721165101]",0.1751462117091016,0.4355723602213115,0.8422274456758182,"[-0.2651307119168954, 0.6154231353350986]",23.330990751424245
3938.0,24.0,0.00012496689365157186,0.0012251656240350184,1.0272154345544937,1.3661131629187814e-07,1.3367056388637783e-06,"[0.6451657946723669, 1.4092650744366204]",-0.5582163959350588,0.003822921795899032,0.06425078648569801,"[-0.936476050173816, -0.1799567416963016]",2.1322295694721727
3939.0,24.0,5.704414390792703e-05,0.0007934248172625471,1.3262177414740206,2.0112097826952552e-08,2.805034564428529e-07,"[0.8629628575774015, 1.7894726253706397]",-0.011180429097587208,0.9518639940208341,0.9915249937717022,"[-0.37418564804985216, 0.35182478985467774]",0.042706093362467105
3940.0,24.0,7.61451302000254e-05,0.0009320089375768104,1.0353145779664006,4.146108866383939e-08,5.062403988258778e-07,"[0.6653310578593059, 1.4052980980734953]",0.34272804381128097,0.06807067837583378,0.38007078936813943,"[-0.025438791938211913, 0.7108948795607739]",22.690875304589255
3941.0,24.0,0.0031196600192552218,0.010389246932825237,1.0358568380034678,9.815492662829529e-05,0.00032707406407296,"[0.5146281530717053, 1.5570855229352305]",0.12758756680433425,0.6320781635757617,0.9223220313219056,"[-0.3946869002449619, 0.6498620338536304]",23.512651393584548
3942.0,24.0,0.004607732466920835,0.013967058099184101,0.8277867190305014,0.00019510482718837255,0.0005915852855923971,"[0.39226624943058885, 1.263307188630414]",-0.09531609285355547,0.7324165163197858,0.9513138281852004,"[-0.6417013377888372, 0.45106915208172627]",0.36408065601238637
3943.0,24.0,0.014558501343460888,0.035770273571156974,0.9620640069881959,0.0013250968023694918,0.003254966353155224,"[0.3747356473784732, 1.5493923665979188]",0.41627726811413,0.1928150026255856,0.6244437368203832,"[-0.21022243491524695, 1.0427769711435069]",22.409937961988305
3944.0,24.0,2.605708528887487e-06,0.00019127600552403012,1.5120983972737392,2.8301986337272464e-12,2.1088296229580621e-10,"[1.0878645716624102, 1.9363322228850681]",0.09151461451046838,0.5381751831036713,0.8892239089696594,"[-0.1998640231202231, 0.3828932521411599]",23.650439921652232
3945.0,24.0,0.08088654821313683,0.16694849992391503,0.8263010787621521,0.017459074523598666,0.03603524153477537,"[0.14494131973525004, 1.5076608377890541]",-0.1859473415960009,0.6698062007890111,0.9333950467214768,"[-1.040633377783781, 0.6687386945917793]",0.710266525675218
3946.0,24.0,1.0145037227013732e-05,0.0003248576044199919,0.9940209954049314,1.8980247696586294e-10,6.122660547285901e-09,"[0.6881438952030223, 1.2998980956068404]",-0.15946908260659853,0.3274438929375124,0.7691893186222983,"[-0.4786373572337595, 0.15969919202056243]",0.6091270264120787
3947.0,24.0,0.0005163216328192824,0.0029707803959682527,1.0332732540563436,3.086079609265566e-06,1.7744711024036508e-05,"[0.5991519811089558, 1.4673945270037314]",-0.37424301745360466,0.08963628127164514,0.4354199819809796,"[-0.8063966901420143, 0.057910655234804986]",1.4295030274888234
3948.0,24.0,0.002913809799673224,0.009889889640916237,1.1406253314469783,8.677848110954295e-05,0.00029466377286771803,"[0.5710300170476748, 1.7102206458462819]",-0.039131034124453734,0.8824976783009296,0.9768649301292893,"[-0.558031510717052, 0.47976944246814457]",0.14946954022090678
3949.0,24.0,0.017574001056851786,0.04222489441819266,0.8803632618322436,0.0017786439884405604,0.0042725053769890955,"[0.3281922266871796, 1.4325342969773076]",0.20309688364260658,0.5401298726447952,0.889902504248412,"[-0.4466774950495338, 0.852871262334747]",23.22422704900127
3950.0,24.0,0.003131874637306977,0.010412882784708137,0.7875780366497307,9.981872021480218e-05,0.0003315135178173437,"[0.390864634513422, 1.1842914387860395]",0.6164621475992291,0.01787075272662414,0.17199954501081943,"[0.10628558916424768, 1.1266387060342105]",21.64528804753289
3951.0,24.0,0.001998079907435687,0.007597262005458886,1.1014806880222432,4.365716088941515e-05,0.00016595279181168436,"[0.5732825330489781, 1.6296788429955082]",-0.21969480234954997,0.38582639674439956,0.8110539041812019,"[-0.716222046489605, 0.27683244179050503]",0.8391723303726677
3952.0,24.0,0.00469119318067886,0.014142879652333011,0.8810646964791824,0.0002012318163417224,0.0006068510746131555,"[0.41653979825888326, 1.3455895946994816]",-0.0645618224813802,0.8172990669210306,0.966095377463714,"[-0.6123010118719763, 0.48317736690921587]",0.24660799639039477
3953.0,24.0,0.019254333512461683,0.04580003214191647,0.789876227954618,0.002061026804188442,0.0049025375932170365,"[0.2874481241491732, 1.2923043317600627]",0.5123770207189162,0.12172839196259434,0.5066249294290442,"[-0.13654181956794897, 1.1612958610057813]",22.042863946221264
3954.0,24.0,0.00016913272485092918,0.001459298747635282,1.186353671253593,2.702085390462726e-07,2.333407072938451e-06,"[0.7342527873789719, 1.638454555128214]",-0.037067643784039817,0.8544322704396488,0.9710102122541093,"[-0.43306027692754, 0.3589249893594604]",0.14158796968798812
3955.0,24.0,0.0009135285345105139,0.004344951439540489,1.2688967198462964,9.739448168017311e-06,4.633419680312708e-05,"[0.7065950818148713, 1.8311983578777213]",-0.1479466864439125,0.5282343375225984,0.8840013597459259,"[-0.6077033327935907, 0.31180995990576565]",0.5651147150787691
3956.0,24.0,0.0007619920767569779,0.0038252614295029015,0.8402899253692208,6.80051165066345e-06,3.413911471216591e-05,"[0.47429056801941183, 1.2062892827190297]",-0.24824002962120595,0.2801948193602991,0.7302445122759946,"[-0.6987907455615925, 0.20231068631918053]",0.9482070668998427
3957.0,24.0,0.0019647692543085645,0.00749625812403115,1.0038891354052628,4.222135260425231e-05,0.00016108871653663606,"[0.5234011130218841, 1.4843771577886415]",-0.0489645660301683,0.8469784043783063,0.9708072590103425,"[-0.546276110304245, 0.4483469782439085]",0.1870308652812189
3958.0,24.0,0.009209093585358702,0.02435623799354325,0.9125272355040384,0.0006285667331485945,0.001662874955419562,"[0.3894117867412229, 1.435642684266854]",-0.021405071093663075,0.943856729518304,0.9899335969107845,"[-0.6171334119856948, 0.5743232697983687]",0.0817613489229581
3959.0,24.0,0.018732740627453726,0.04471888428611536,0.9719905441949558,0.0019637802330285214,0.004690184459108004,"[0.3565906282357525, 1.587390460154159]",-0.0749870452813548,0.8231714884456666,0.9666963285808975,"[-0.7326744071681373, 0.5827003166054276]",0.2864294141852017
3960.0,24.0,3.1343739455299226e-05,0.0005557854792150056,1.3166316829189795,4.336261489630576e-09,7.702063036644006e-08,"[0.8770768115543935, 1.7561865542835653]",-0.2208986660047474,0.21037855337676614,0.6491064669475473,"[-0.5665631134708253, 0.12476578146133055]",0.8437707508094681
3961.0,24.0,5.312789337365647e-05,0.0007644301204842658,1.3022186585157227,1.6823124882725765e-08,2.4240813952054413e-07,"[0.8498314046748396, 1.7546059123566058]",0.03040479637700244,0.8688845074264747,0.9740699814956445,"[-0.3305953720275192, 0.3914049647815241]",23.88386223270954
3962.0,24.0,1.7702779525141858e-07,8.947099647922045e-05,1.6076027744363266,1.3561974116096592e-16,7.137881113735049e-14,"[1.2265382816080552, 1.988667267264598]",-0.368208071041483,0.0030865310632622357,0.05581430494145091,"[-0.6121005916358282, -0.12431555044713785]",1.406451230222011
3963.0,24.0,0.0004644346137316089,0.0027628471964997554,0.8588297008549748,2.4558403493112486e-06,1.4609401245159123e-05,"[0.5015800638150893, 1.2160793378948602]",0.01701265500630189,0.9385159004312155,0.9892015094756179,"[-0.4152691301871824, 0.4492944401997862]",23.93501644465512
3964.0,24.0,2.7324951923577332e-05,0.0005200855242046424,1.2547142033812249,2.9984887862761903e-09,5.7291580168313844e-08,"[0.8401277354137942, 1.6693006713486556]",0.0031488960096881513,0.9856602613842663,0.9971100704756963,"[-0.3402365265181, 0.3465343185374763]",23.98797210323462
3965.0,24.0,4.22291013217078e-05,0.0006671264031865371,1.1098011932914236,9.384312818848326e-09,1.4830597189559057e-07,"[0.7309504676099781, 1.488651918972869]",-0.0798621462041611,0.6588978002858961,0.9301211184160023,"[-0.4344483916158446, 0.2747240992075224]",0.3050509280236772
3966.0,24.0,0.08952542010219657,0.18360422498399626,0.6902767094955182,0.020233623077885378,0.04149635577909225,"[0.10762170147221028, 1.2729317175188262]",0.4696200187976105,0.286439534149039,0.7372960981957245,"[-0.39385904247813663, 1.3330990800733575]",22.206183663202836
3967.0,24.0,0.0008072998569439508,0.003993400823367574,1.2881666810796544,7.61614964336035e-06,3.7703711105744304e-05,"[0.7240626283850887, 1.85227073377422]",0.13696413965965348,0.5547099350860936,0.8948702936230022,"[-0.3174746174179072, 0.5914028967372142]",23.476835523524098
3968.0,24.0,0.00030156081134968604,0.0020869260301016337,1.2869431482992804,9.81621513394536e-07,6.793228466398173e-06,"[0.771679793368098, 1.8022065032304626]",0.22453096678831042,0.2883729522618186,0.738600364992443,"[-0.1899680153683505, 0.6390299489449713]",23.14235488220252
3969.0,24.0,0.0016829515718801678,0.006678379253492729,1.1380717490729584,3.1782699608135714e-05,0.00012597185734496914,"[0.6019136483164355, 1.6742298498294814]",0.346831015132274,0.1612552480950954,0.5777019684301932,"[-0.13842459371055044, 0.8320866239750984]",22.67520310857885
3970.0,24.0,9.28598874899766e-06,0.0003119962395967033,1.4460713063622437,1.4733513469014189e-10,4.944132036581943e-09,"[1.0037805333819576, 1.8883620793425298]",-0.27205926279681947,0.09161692253084489,0.43919905335975495,"[-0.5881521280892577, 0.04403360249561877]",1.0391898357132192
3971.0,24.0,0.03694099308291518,0.08167365262638776,0.6308701957115459,0.005577225219536176,0.012330809682812681,"[0.18475290254061888, 1.0769874888824729]",-0.6526960035766498,0.07331122509273104,0.3958489475849408,"[-1.3670122875489503, 0.061620280395650595]",2.493115087333181
3972.0,24.0,0.0003072503129291376,0.0021087873227806286,1.1915813983156998,1.023163516983126e-06,7.0223988811470555e-06,"[0.7137024684231336, 1.6694603282082658]",0.255128071327567,0.22794226988856892,0.6680605799782208,"[-0.1596115815706412, 0.6698677242257751]",23.025482551841186
3973.0,24.0,0.00029327541172817723,0.002049339999711303,1.185227816018266,9.251858420507166e-07,6.456286406494881e-06,"[0.7118138061458266, 1.6586418258907056]",0.2673004092615008,0.20447382967016703,0.639272616713638,"[-0.14557358825932132, 0.6801744067823229]",22.978987645813092
3974.0,24.0,0.0007991253952297932,0.003963915650941435,0.8460746522500043,7.485736737466941e-06,3.711322130623174e-05,"[0.4758732186418763, 1.2162760858581323]",0.27366725750349197,0.23552716273808816,0.6771913822256704,"[-0.17849886690481437, 0.7258333819117984]",22.954668076942
3975.0,24.0,0.04975219066644407,0.10687903472920315,0.4517016589102295,0.008626074646926331,0.018534754290774242,"[0.11463356544042236, 0.7887697523800367]",-0.16805229933197907,0.6703643225553646,0.9333950467214768,"[-0.9418757783608014, 0.6057711796968432]",0.6419124992794389
3976.0,24.0,0.00039101499846162015,0.0024732131464998116,1.3484352443044538,1.719578735398322e-06,1.0874445486865938e-05,"[0.7959770132622984, 1.9008934753466091]",0.3227435325857364,0.13433289479504093,0.5280589132477138,"[-0.09974656183780028, 0.7452336270092731]",22.767210514512957
3977.0,24.0,0.0014227384136859048,0.00589858380466793,0.9443934463335666,2.3002260996233006e-05,9.544506637441081e-05,"[0.5071779762873021, 1.381608916379831]",0.07328399758734605,0.7651968010081739,0.9575323787835143,"[-0.4076384809094645, 0.5542064760841565]",23.720075748826545
3978.0,24.0,0.006875276695952789,0.01916186370109473,0.9135688070453766,0.0003866366728224674,0.0010777066130659913,"[0.40904888469437306, 1.4180887293963802]",0.10733382045654594,0.7137112681140072,0.9463571189696999,"[-0.466075814368473, 0.6807434552815649]",23.590015005921664
3979.0,24.0,0.654549940788415,0.8781904941339596,0.2667884851467544,0.35258746541718966,0.47314474693664743,"[-0.29571781313369766, 0.8292947834272064]",-0.0793198494409344,0.9434095307458391,0.9899283388510246,"[-2.269410712505487, 2.1107710136236184]",0.3029795069719109
3980.0,24.0,1.0214249209629721e-05,0.0003248576044199919,1.2927412321161464,1.9436659285864353e-10,6.229698489059088e-09,"[0.894715026035554, 1.690767438196739]",-0.2487583562452711,0.12579879024926016,0.5130641613683448,"[-0.5672399358222373, 0.06972322333169517]",0.9501869287643891
3981.0,24.0,0.00021043536176389223,0.0016754407783749383,1.0436011872579831,4.426268270534205e-07,3.524098941508125e-06,"[0.6385390764517987, 1.4486632980641674]",0.022980000026311842,0.9110890774272498,0.9850676585871443,"[-0.3803692651058452, 0.42632926515846886]",23.912222865685454
3982.0,24.0,0.003496968425847272,0.011309729708432317,0.9198937097027401,0.00012029889304274608,0.00038919085423081876,"[0.4510467655982682, 1.388740653807212]",-0.13085493943844373,0.6277866459631901,0.9205082785384019,"[-0.6598306473422956, 0.3981207684654081]",0.49982905055085414
3983.0,24.0,0.00216135311370809,0.007999472948860354,0.976519474999287,5.039046366797099e-05,0.00018670049524998516,"[0.5043849417417043, 1.4486540082568697]",-0.10496556674658919,0.6819571579628496,0.9356843168376249,"[-0.6069953476202192, 0.39706421412704085]",0.4009389312518867
3984.0,24.0,1.3123287415526667e-05,0.0003588162638367668,1.2254373993326064,3.9899111170513504e-10,1.090139649467582e-08,"[0.8414189858834491, 1.6094558127817638]",-0.21139632202486602,0.20175317370079715,0.6358396096706023,"[-0.5359600573106844, 0.11316741326095237]",0.8074744704408848
3985.0,24.0,0.0023591443270445725,0.008486130672822202,1.106160594801176,5.9498927200811414e-05,0.00021394795829130317,"[0.5661484612344904, 1.6461727283678615]",-0.37612553413026806,0.1420398569863281,0.5394601480680901,"[-0.8782192018315693, 0.1259681335710332]",1.4366937115178773
3986.0,24.0,5.8279749913582835e-06,0.00025339021701557753,1.4021174873907964,3.630583164565858e-11,1.5785402724570645e-09,"[0.9868975737131249, 1.817337401068468]",-0.14671186453813334,0.3493322519731554,0.7887384329942547,"[-0.4539610261923097, 0.16053729711604303]",0.5603980428353393
3987.0,24.0,0.014426486093727962,0.03555072965433209,0.7527040705918862,0.0013106298466148691,0.0032273574159440263,"[0.2936383498984828, 1.2117697912852896]",-0.7008123637728927,0.025245660988863067,0.21125008155450606,"[-1.31466335325706, -0.08696137428872552]",2.6769060449849134
3988.0,24.0,0.0004926193822872414,0.0028774496628927652,1.3315715208880488,2.7773813252244356e-06,1.6232503361919552e-05,"[0.7747041593429972, 1.8884388824331002]",0.029945968552306468,0.8925667568996812,0.9795465253756226,"[-0.4046334457592595, 0.46452538286387246]",23.885614825901424
3989.0,24.0,0.16901310656479263,0.32710103844550537,0.5751829911515118,0.04948084906088543,0.09577835202346577,"[0.0013061256969926216, 1.149059856606031]",-0.03962694728658356,0.9402826337049333,0.9892015094756179,"[-1.0763721896161373, 0.9971182950429702]",0.1513637889672418
3990.0,24.0,0.00522413265236387,0.015405876297150898,1.10512741981463,0.0002444281117946243,0.0007203893657371775,"[0.514616728568104, 1.6956381110611558]",-0.5806470780364927,0.0359528227692318,0.26319782407929576,"[-1.1232305090368788, -0.03806364703610676]",2.2179084638729596
3991.0,24.0,0.0005409916763693983,0.0030564501489796516,1.208566322114703,3.3745193089770887e-06,1.9075858162674327e-05,"[0.6987856474346441, 1.7183469967947618]",-0.08758772722831143,0.6951672182691144,0.9388952763058601,"[-0.5256831863110487, 0.3505077318544259]",0.3345604738216886
3992.0,24.0,0.006313703584584611,0.018020673344768614,1.0026650720791852,0.00033505084370981174,0.0009561953302220655,"[0.4547362249135941, 1.5505939192447764]",0.16759356317698693,0.5621593927717707,0.8966709607100429,"[-0.3991013016761221, 0.734288428030096]",23.35983974375997
3993.0,24.0,0.015538698617845596,0.037871554028383124,0.8221973159373861,0.001466576900913728,0.00357440141582678,"[0.31563737814014614, 1.3287572537346262]",0.29320766597159054,0.36634583750497685,0.799881741277242,"[-0.34296133122070116, 0.9293766631638822]",22.880029214596416
3994.0,24.0,0.0005999378227213841,0.0032676352000075384,0.8164497866231342,4.179406313535782e-06,2.276495177388403e-05,"[0.4687480397805112, 1.164151533465757]",-0.1617787322688926,0.4728349924354983,0.8603256776482866,"[-0.6034725354585149, 0.27991507092072965]",0.6179492382656299
3995.0,24.0,0.0014009484530568032,0.005839718437085466,1.0020959539629903,2.260659814984882e-05,9.419415895770343e-05,"[0.5385934075853482, 1.4655985003406324]",0.6140471726595651,0.01021150462513737,0.12015848605294227,"[0.1454969986503823, 1.082597346668748]",21.654512572311063
3996.0,24.0,0.0027924098266932412,0.00957288250494769,1.0228238204910731,8.097447329639947e-05,0.00027721490344539355,"[0.5142105734115435, 1.5314370675706028]",-0.4537613998517047,0.08070046004749115,0.4143086659928896,"[-0.96294355843619, 0.05542075873278052]",1.733240874496724
3997.0,24.0,0.0005753193854185296,0.0031933679244490498,0.8618125163219162,3.838522676700925e-06,2.1301457695343646e-05,"[0.49619700232773145, 1.227428030316101]",-0.20215833594479093,0.36732369609727333,0.7999730025151883,"[-0.6416747184610472, 0.23735804657146536]",0.7721879628682911
3998.0,24.0,2.8643997989013874e-05,0.0005324163194983992,1.1075632188971127,3.407134680340887e-09,6.33296408985295e-08,"[0.7402980805070312, 1.4748283572871943]",0.1449930092016496,0.4088143943641591,0.8250542772233282,"[-0.19905944190750813, 0.4890454603108073]",23.446167500922932
3999.0,24.0,0.030363191952873212,0.06857089420251403,0.7770588029716962,0.004148981826927065,0.009367762083827197,"[0.24576609671126615, 1.3083515092321263]",0.5312693082080102,0.13499370459151375,0.5283995738321321,"[-0.16537299169064146, 1.227911608106662]",21.970700723656403
4000.0,24.0,0.0379661864706496,0.08366281725572852,0.6531710632702448,0.005786299681075785,0.012750770562088553,"[0.18927494527217087, 1.1170671812683186]",0.2801634227513885,0.4542422016863419,0.8513962141415355,"[-0.45358663727232806, 1.013913482775105]",22.929854553493733
4001.0,24.0,0.0008342938027549982,0.0040792274796359745,0.8847905646891198,8.139050052634214e-06,3.979975575860251e-05,"[0.4960961224237909, 1.2734850069544486]",0.1795192898631388,0.4397682351457751,0.8461805376960858,"[-0.27590180251577673, 0.6349403822420543]",23.314286823310432
4002.0,24.0,0.07414117531690088,0.1540115814642727,0.8974380114090375,0.015403143347735383,0.032003206623177606,"[0.1714284440138072, 1.6234475788042677]",-0.14649874972875665,0.7322803486468975,0.9512605204558294,"[-0.9858367440494643, 0.692839244591951]",0.559584004226738
4003.0,24.0,0.05190612349489399,0.11114801604902354,0.6733128934041878,0.009222062652878163,0.019743229828469627,"[0.16647120001261861, 1.1801545867957568]",0.9211299437858491,0.015383644136543778,0.1571363037440631,"[0.17609558272259718, 1.666164304849101]",20.48154278919654
4004.0,24.0,5.627848073238725e-05,0.0007904281001739783,1.2960813586371813,1.951028951835335e-08,2.74020920201592e-07,"[0.8437768124378988, 1.7483859048364638]",-0.19533339409616524,0.2897349122713333,0.739308273210853,"[-0.5569516186610272, 0.1662848304686967]",0.7461186053117267
4005.0,24.0,0.08353585638663534,0.17213240549481834,0.7563997586577895,0.018304957445635834,0.0377110783799667,"[0.12805274707632675, 1.3847467702392522]",-0.3308212995389912,0.4489302295429387,0.849596270386384,"[-1.187131506563687, 0.5254889074857046]",1.2636442824411602
4006.0,24.0,1.5328796283012167e-05,0.0003910366177370837,1.5548977729447773,6.164214781792404e-10,1.5725037708654093e-08,"[1.0622598576219002, 2.0475356882676543]",0.0847790345901469,0.6136019572518472,0.9171561511352546,"[-0.2442983073265318, 0.4138563765068256]",23.676167941786066
4007.0,24.0,0.0001959269836748227,0.0016083083373425887,0.7747139136586598,3.7751650866244064e-07,3.09947872465058e-06,"[0.4758116203136229, 1.0736162070036968]",-0.1294760973881095,0.5262652601882502,0.8839273529919359,"[-0.529920338520994, 0.27096814374477496]",0.4945622618775664
4008.0,24.0,0.0006613819792861334,0.0034956764232882314,1.1201473163647733,5.092633863439487e-06,2.691666946849623e-05,"[0.6387880369868528, 1.6015065957426937]",0.07564067554842602,0.7398024408623071,0.9526171012906349,"[-0.37074991145240715, 0.5220312625492591]",23.711073902103784
4009.0,24.0,5.6276118687561225e-05,0.0007904281001739783,1.1280482093880637,1.9500227422706544e-08,2.74020920201592e-07,"[0.7343898726826614, 1.521706546093466]",-0.1828981774440006,0.3217002872055069,0.7648604070506584,"[-0.5446385767074367, 0.17884222181943543]",0.698619576545071
4010.0,24.0,3.728809442366328e-05,0.0006163321392341038,1.4106332428559707,6.882709006993811e-09,1.1376378523956712e-07,"[0.9334319903743957, 1.8878344953375457]",0.38071619768768983,0.03193679192561317,0.24634597741709263,"[0.03287462526236601, 0.7285577701130137]",22.54577124534847
4011.0,24.0,0.0008182839440011218,0.0040250071028092565,1.2034717664140195,7.82862338285682e-06,3.8507767480134535e-05,"[0.6757631684741244, 1.7311803643539148]",0.16689862570968383,0.47191130752458144,0.8592704070003303,"[-0.28782434535700724, 0.621621596776375]",23.362494209353432
4012.0,24.0,0.007707875500068313,0.02101383724118951,0.9570274024987256,0.0004680476327106407,0.001276029533017014,"[0.4208577539998002, 1.493197050997651]",-0.021017987857404385,0.9435918210443847,0.9899283388510246,"[-0.6032216768794022, 0.5611857011645934]",0.08028279987243221
4013.0,24.0,8.278890427332256e-05,0.0009682912780505561,1.4007021353903664,5.037401910737953e-08,5.89169814121398e-07,"[0.8969712718300061, 1.9044329989507265]",-0.06354075027280182,0.7388873539531711,0.9523631024368666,"[-0.43716043699347, 0.3100789364478664]",0.24270778784841857
4014.0,24.0,0.0005065553697370142,0.002928065721023204,1.033007203980999,2.9448146357738468e-06,1.7031894943746944e-05,"[0.5998913991522763, 1.4661230088097217]",-0.09245833136763437,0.6772884166793995,0.9341755514903409,"[-0.5278973816121058, 0.34298071887683695]",0.3531648112124988
4015.0,24.0,0.1214268243017957,0.24207899581697706,0.5425723441905238,0.031123588470181186,0.06206099395848692,"[0.04921689052669881, 1.0359277978543489]",-0.2847479457337929,0.5523769872690487,0.8939184893512985,"[-1.22398355753208, 0.6544876660644943]",1.087657034371102
4016.0,24.0,0.04884711984789245,0.10516064552829375,0.6553650911218785,0.008393583095482883,0.01807403767330509,"[0.16804232076702752, 1.1426878614767295]",0.113917708761762,0.7724140377298493,0.9589249382121035,"[-0.6580746337456929, 0.8859100512692168]",23.564866405076703
4017.0,24.0,0.003354869909079727,0.010981570897151316,0.8245223738427349,0.00011232095897500228,0.0003673370573461806,"[0.4061108252125913, 1.2429339224728784]",0.3925636913041872,0.14007778361967693,0.5358752242527809,"[-0.12889340796052973, 0.9140207905689042]",22.500517153212904
4018.0,24.0,0.0006341660913563984,0.0033979996621466093,1.1259274310518834,4.678503989779521e-06,2.5072368648336128e-05,"[0.6439626849103102, 1.6078921771934567]",-0.13014799029787127,0.5658601061908586,0.8980418059021485,"[-0.5744244098149829, 0.3141284292192404]",0.497128703745174
4019.0,24.0,0.0029662294025714375,0.010007521601118211,0.9708871285949301,8.962328144931022e-05,0.0003023727444308712,"[0.4850921941775239, 1.4566820630123363]",-0.07490189473727771,0.7776031934374974,0.9596363723535175,"[-0.5946689725973808, 0.4448651831228254]",0.28610416306527764
4020.0,24.0,0.005257855578416135,0.015485957153224813,1.4123169624113212,0.0002449459110438174,0.0007214901650775181,"[0.6575521026857069, 2.1670818221369355]",7.528994229666353e-05,0.9997880010367,0.9998879898356835,"[-0.5553061657938748, 0.5554567456784681]",23.999712413604442
4021.0,24.0,8.511709308820292e-05,0.0009779338427282139,1.3567696603427695,5.396292287771406e-08,6.208291650010882e-07,"[0.8677386733859007, 1.8458006472996382]",-0.15186644861043952,0.4260103136263781,0.8353828720027416,"[-0.5257845334855972, 0.22205163626471813]",0.5800871036679061
4022.0,24.0,0.09317885657241114,0.19031629201881362,0.5503350681227857,0.021381815920934705,0.04367407837825296,"[0.08160169006152418, 1.0190684461840471]",-0.26377863603903595,0.5571011198029572,0.8951179890946906,"[-1.1442933278287866, 0.6167360557507146]",1.0075601713836129
4023.0,24.0,8.781030365595149e-05,0.00099469730824461,1.2920158791595506,5.9336855760839206e-08,6.682078351445856e-07,"[0.8248689373899326, 1.7591628209291685]",0.6930826630573543,0.0001910098828739367,0.008451764728935253,"[0.32895621342039455, 1.0572091126943142]",21.35261923687506
4024.0,24.0,0.001235525245104835,0.005350910546144803,1.148595616981942,1.757431894150422e-05,7.617823555051678e-05,"[0.6242875662440585, 1.6729036677198255]",0.17854471236760272,0.4596232673018251,0.8538254125769235,"[-0.2946894508939355, 0.6517788756291409]",23.31800943513061
4025.0,24.0,0.0013794706183608498,0.005774259599668689,1.1839402645908352,2.171344453554245e-05,9.087439973842718e-05,"[0.6374950684611701, 1.7303854607205005]",0.1724717399157658,0.47996778152324926,0.8639493090300455,"[-0.306095968685258, 0.6510394485167896]",23.341206481169905
4026.0,24.0,0.00045338214429130926,0.002718118371051015,1.0490485140004202,2.3359758883531e-06,1.4004651608831535e-05,"[0.6136142926223283, 1.4844827353785122]",0.08025313124277655,0.7152410151580458,0.9463672813293932,"[-0.3508923597507306, 0.5113986222362836]",23.69345561913863
4027.0,24.0,0.001190634085050546,0.005217502563762253,1.2283970984663553,1.6473129756779424e-05,7.212403571269451e-05,"[0.6695276689055691, 1.7872665280271414]",-0.4393531498456156,0.06477066322609648,0.37054155163670754,"[-0.9056184533810441, 0.026912153689812923]",1.678205413462174
4028.0,24.0,0.00028877584029423346,0.002030772435261839,1.2012200073495805,8.925751581605799e-07,6.283692306595633e-06,"[0.7221052745348745, 1.6803347401642865]",0.191239361878484,0.36451958703954357,0.7990346055228925,"[-0.22211280582355974, 0.6045915295805278]",23.269519445839187
4029.0,24.0,0.00012301504504407231,0.0012107780024022865,1.1404666689748064,1.2954973246371867e-07,1.275095791965735e-06,"[0.7170778453273083, 1.5638554926223045]",-0.1067914982611553,0.5871329316182389,0.9076681456842388,"[-0.4922597161782505, 0.2786767196559399]",0.4079134758828579
4030.0,24.0,0.00961960707450996,0.025215221689410115,0.8586933327762214,0.0006766044539422447,0.0017744674900137549,"[0.363529013687452, 1.3538576518649907]",0.24188046793245377,0.4268500120168456,0.8359773051642099,"[-0.3547478928833724, 0.8385088287482799]",23.076084669388063
4031.0,24.0,8.472579495704107e-05,0.0009774697626522668,1.3053755665245896,5.3307980858000565e-08,6.150959003894881e-07,"[0.835057149141433, 1.7756939839077464]",0.10365834378232286,0.5870933521178092,0.9076681456842388,"[-0.27046101940843986, 0.4777777069730856]",23.604054292663783
4032.0,24.0,0.00017053040489111034,0.0014650378427071334,1.0638880110663633,2.7553777432301667e-07,2.3671630096479094e-06,"[0.6581674537060858, 1.469608568426641]",0.10512072835710295,0.6028478268723882,0.91161020243821,"[-0.29086053649785154, 0.5011019932120575]",23.59846839505312
4033.0,24.0,0.006337858958057722,0.01806172401840331,0.7915076374505533,0.00033722111983651426,0.0009610177253819159,"[0.3587672365387671, 1.2242480383623395]",-0.16687127437814997,0.5640358417047534,0.897274934025387,"[-0.733842818861277, 0.40010027010497706]",0.6374013162558363
4034.0,24.0,0.019251889277779804,0.04580003214191647,0.8811119409568847,0.002049141919404072,0.0048754268841400715,"[0.32096314021488725, 1.441260741698882]",-0.020977339157792763,0.950376339157185,0.99111100131107,"[-0.6816243600215206, 0.6396696817059351]",0.08012753327706948
4035.0,24.0,0.0005299178912697583,0.0030143224759371914,0.9690055265322299,3.2519436053626972e-06,1.849797272675027e-05,"[0.5609431581928213, 1.3770678948716386]",-0.3296161848753334,0.1367095782689795,0.5302931662877406,"[-0.7637343521074208, 0.10450198235675401]",1.2590410835040322
4036.0,24.0,5.3544942338319614e-05,0.0007660220649258886,1.4326888344324025,1.725538098202326e-08,2.470771379201335e-07,"[0.9345909059050213, 1.9307867629597837]",-0.25471089346296694,0.16498614327668937,0.5825781895363324,"[-0.6142540781384191, 0.10483229121248527]",0.9729239460956237
4037.0,24.0,3.8493481800637187e-05,0.0006310406852563474,1.5366468579363521,7.412023563831747e-09,1.215085830136352e-07,"[1.015697210944498, 2.057596504928206]",0.19599482097223664,0.27416433950532537,0.7249189304741549,"[-0.1552944275749617, 0.547284069519435]",23.251354930124577
4038.0,24.0,0.0054687022871324495,0.01599503447538008,1.0937727505142423,0.0002633813768536835,0.0007701209849522908,"[0.506263022387727, 1.6812824786407576]",-0.38644604855387144,0.17012852054991012,0.5901093324658693,"[-0.9385858105002903, 0.16569371339254746]",1.4761151727763016
4039.0,24.0,8.785343134811322e-05,0.00099469730824461,1.111829675051748,5.847151303770328e-08,6.621915406308411e-07,"[0.710026250852607, 1.513633099250889]",-0.2671498313479095,0.1610128313267727,0.5771404496462651,"[-0.64070624641828, 0.10640658372246103]",1.0204371889244632
4040.0,24.0,0.00014781338526022406,0.001360011384254292,0.9593179614436546,1.9847798165318104e-07,1.8292901534855396e-06,"[0.5977881895548351, 1.320847733332474]",-0.08559732085473382,0.6682091318887837,0.9332201550489372,"[-0.47702257117823754, 0.3058279294687699]",0.3269576815068928
4041.0,24.0,0.00011445821060322409,0.0011596576555544488,1.3011145889790718,1.0983242568866148e-07,1.1139191246314552e-06,"[0.820831534342363, 1.7813976436157808]",0.25989518797529065,0.18199660163660292,0.6119589833107025,"[-0.121771784226543, 0.6415621601771243]",23.007273507550444
4042.0,24.0,0.0005876317930139673,0.0032252019375080534,1.105638465586242,3.99892913672804e-06,2.1960072140186928e-05,"[0.6357174631903506, 1.5755594679821332]",0.006606857478309358,0.9766116949842946,0.9955285224381598,"[-0.435087786876753, 0.4483015018333717]",23.97476366337656
4043.0,24.0,0.009462140389535011,0.024887270882522388,0.7591572649663554,0.0006575754954281694,0.0017304618300741299,"[0.3223919200929678, 1.195922609839743]",-0.12434713356326199,0.6831977704497227,0.9361438345433307,"[-0.7215386997788822, 0.4728444326523582]",0.4749710631816305
4044.0,24.0,0.001707293969648359,0.0067535362723431915,1.1979591410532768,3.264700371314119e-05,0.00012907567315869213,"[0.6327543881122663, 1.7631638939942875]",0.3411795590051323,0.1689378537251952,0.5878143831774364,"[-0.14492660429254167, 0.8272857223028063]",22.696790080858086
4045.0,24.0,0.0048807192688056595,0.014604186920423876,1.0025150777594325,0.00021620326635306795,0.0006469277868134888,"[0.4713609013692781, 1.5336692541495869]",-0.29830484798359524,0.28509368952883674,0.7349474624782568,"[-0.8452608013018921, 0.24865110533470158]",1.1394405865167743
4046.0,24.0,0.00011549970582549316,0.0011654864361805566,1.2361269804246613,1.1198235513829007e-07,1.1299934928182653e-06,"[0.7795289963608037, 1.692724964488519]",0.2029188307008818,0.2986592417212178,0.7475825825312086,"[-0.1797509154628421, 0.5855885768646056]",23.224907161140653
4047.0,24.0,0.0003965588072867258,0.002495650140256298,1.0566763904552425,1.7622163764001722e-06,1.1090096767779559e-05,"[0.6233067301413304, 1.4900460507691546]",0.12029928617361652,0.579705564940608,0.903509696208661,"[-0.3054427622634725, 0.5460413346107056]",23.54049057492102
4048.0,24.0,0.016309985844560174,0.03947237619690265,1.0299376315300783,0.0015832338680322037,0.0038325680659215774,"[0.3909206456912492, 1.6689546173689074]",-0.28942938392107287,0.37598217315595506,0.8059627565530977,"[-0.9301795297039485, 0.3513207618618027]",1.1055388110499365
4049.0,24.0,0.024492474632177203,0.056708670137015985,0.7216894015466084,0.00297883813010628,0.006897055175055059,"[0.24541784244028536, 1.1979609606529316]",-0.2296868189824659,0.509879672702189,0.87774087227094,"[-0.9127835875640058, 0.453409949599074]",0.8773390224987079
4050.0,24.0,0.003945808612768949,0.012435577096655999,1.1366532272421304,0.0001488087962247709,0.00046913239667330047,"[0.5493158619007713, 1.7239905925834895]",-0.08264951598295944,0.7627909322335188,0.9565635162989086,"[-0.6193642310145095, 0.45406519904859066]",0.3156978963081745
4051.0,24.0,0.00023966844403079413,0.0018033474557122193,1.158864326878501,5.915730421460617e-07,4.457973188741987e-06,"[0.7040473559262835, 1.6136812978307185]",-0.08742644154793577,0.6742163825535263,0.9338966192307091,"[-0.49505150438387435, 0.3201986212880028]",0.3339444079029272
4052.0,24.0,0.0003030207667596435,0.002092451345260102,1.0654187106055082,9.88524139402796e-07,6.831542082949524e-06,"[0.6387286809638986, 1.4921087402471178]",0.003912858302816069,0.9852987535828748,0.9971100704756963,"[-0.41228854573649343, 0.42011426234212557]",23.98505398222773
4053.0,24.0,0.010542532768174457,0.027143493223930112,0.8484141127041291,0.0007843843723988626,0.002020456778642109,"[0.3532566644971738, 1.3435715609110845]",0.006333428511106298,0.9836713327365111,0.9971100704756963,"[-0.6001877467185218, 0.6128546037407344]",23.975808085097718
4054.0,24.0,0.004032250970701614,0.012612028877604832,0.9367986551619099,0.0001545544735890745,0.00048373857148380125,"[0.4515267782438807, 1.422070532079939]",0.058400455122766814,0.8315762215288608,0.9692738932231153,"[-0.4797909590748243, 0.5965918693203579]",23.776926693321485
4055.0,24.0,0.005146570504238101,0.015240066639733792,0.8764243134264439,0.00023815134243992597,0.0007045897705323253,"[0.4089654017522615, 1.3438832251006263]",-0.5606514030780776,0.04275810431768533,0.29387013276759677,"[-1.1030113238515287, -0.018291482304626627]",2.141530611630785
4056.0,24.0,1.8300983405541408e-05,0.0004231761089658215,1.4594011254356907,1.0108584270448125e-09,2.3453791810784512e-08,"[0.9910775171804023, 1.927724733690979]",-0.12319396000566041,0.4685324960644248,0.8576737275692344,"[-0.45629659875680695, 0.20990867874548613]",0.4705662646551867
4057.0,24.0,0.0023718550595467204,0.008516535222788942,0.9988121625575045,5.973560545073029e-05,0.0002146446476849813,"[0.511092268555924, 1.486532056559085]",-0.021933214716129967,0.9324867869798044,0.9892015094756179,"[-0.5293705690239529, 0.4855041395916929]",0.08377870895923167
4058.0,24.0,8.142942236231073e-07,0.00012374671217748142,1.4016095317349342,5.1133071274298317e-14,7.903649757472397e-12,"[1.0367394683442548, 1.7664795951256136]",-0.2308782391722346,0.0930699298233015,0.4415928946827927,"[-0.5003240208618731, 0.03856754251740385]",0.881889912398736
4059.0,24.0,0.006557304628991168,0.018528693498138366,0.9864468535701347,0.00035684274194204573,0.00100888533203858,"[0.4448935588196078, 1.5280001483206616]",0.04674031016232583,0.872412011386493,0.9752862410683755,"[-0.5236949339416528, 0.6171755542663044]",23.82146516630442
4060.0,24.0,0.00017181842156346349,0.0014705185053282004,1.2030251016639142,2.803318804914509e-07,2.4021583589670173e-06,"[0.7439540945539349, 1.6620961087738935]",0.11159229169035356,0.5809126086298109,0.904144137945231,"[-0.28459648087082934, 0.5077810642515365]",23.57374884399666
4061.0,24.0,0.005088154561926833,0.015107347274129553,0.8920860932384724,0.000232024136496692,0.0006891123745075497,"[0.41713314746980434, 1.3670390390071405]",0.23725409826198796,0.39865683589013656,0.8197755210572415,"[-0.31369032674257646, 0.7881985232665524]",23.093756099827065
4062.0,24.0,0.005818106319186718,0.016823247189374085,0.9757802456170463,0.0002917376555010522,0.0008436600795287801,"[0.4478356616880447, 1.503724829546048]",-0.19962865287905096,0.48519439336235737,0.8677556500702994,"[-0.760202272823674, 0.3609449670655721]",0.76252528532345
4063.0,24.0,2.6540004228931272e-05,0.0005143391584132497,1.1675498142745673,2.7737683856725427e-09,5.3838924843626716e-08,"[0.7825935336401153, 1.5525060949090193]",0.007556647413184514,0.9655224709270848,0.9940517563338667,"[-0.3350895826021223, 0.3502028774284913]",23.97113573306374
4064.0,24.0,0.00020036932792009238,0.0016316720514665502,1.3323458053164055,3.965540038038263e-07,3.2292671319529824e-06,"[0.8173480826750464, 1.8473435279577646]",0.027452806544538966,0.8934379405924898,0.9795465253756226,"[-0.3742223936724055, 0.42912800676148344]",23.895138003280586
4065.0,24.0,0.015187152994463987,0.03713240340944741,0.8275608309744829,0.0014111527850527619,0.00345109509672967,"[0.31947610181316555, 1.3356455601358002]",0.08869541187398511,0.7851424677224531,0.9608848990282411,"[-0.5489593219542394, 0.7263501457022096]",23.66120848249641
4066.0,24.0,0.0245517979373654,0.0568197128844374,1.0036136330043766,0.0029879458959803954,0.006914940745152501,"[0.34107980889025946, 1.6661474571184938]",-0.1643855805374308,0.6379245405886957,0.9251781493276053,"[-0.8490180237996743, 0.5202468627248127]",0.6279066651735115
4067.0,24.0,4.126217812893235e-06,0.00022671526444468322,1.2776805585950415,1.2398508295359916e-11,6.81801047754929e-10,"[0.9080825255426785, 1.6472785916474044]",0.03107955298837428,0.8394125050934793,0.9708072590103425,"[-0.26951903471625444, 0.331678140693003]",23.88128485230753
4068.0,24.0,0.00595028453849973,0.017138305545170252,0.7110492454946268,0.0003039054074154145,0.0008745479350083871,"[0.3252101146258116, 1.096888376363442]",0.34467590598548536,0.2268416410668922,0.66698512515993,"[-0.21430873813601758, 0.9036605501069883]",22.683435019145584
4069.0,24.0,0.00844922346205871,0.022609642660044716,1.058741501911005,0.000545235065880978,0.001459018105113669,"[0.4585673928072628, 1.6589156110147472]",0.004373094612049044,0.9883918463651146,0.997608546444396,"[-0.5847398382404339, 0.5934860274645319]",23.983296009021213
4070.0,24.0,0.020813398826273723,0.04906506088230486,0.7450499150141544,0.002313882935195311,0.005454698102770653,"[0.2657499099978554, 1.2243499200304533]",-0.06247420659039271,0.8546345275017124,0.9710102122541093,"[-0.7308235572576822, 0.6058751440768968]",0.23863389107052635
4071.0,24.0,0.0021113982376567866,0.007875413046090214,1.1657707673806281,4.829501021723743e-05,0.00018013804631569348,"[0.603511563589861, 1.7280299711713951]",-0.15664800537010137,0.5394175317654635,0.8896052435427867,"[-0.6569371266034705, 0.34364111586326773]",0.5983513051232976
4072.0,24.0,2.203010625859365e-06,0.00018513513627958794,1.5004449503527457,1.6226299599082898e-12,1.3710611735386283e-10,"[1.0841097860154916, 1.9167801146899999]",-0.00014203391295186663,0.9992297260114531,0.9998296237857246,"[-0.28850195927486716, 0.2882178914489634]",0.0005425295839913652
4073.0,24.0,0.0013957911101956642,0.0058255054682623715,0.9424799407299171,2.217138750009385e-05,9.263221060583875e-05,"[0.5070002475271811, 1.3779596339326532]",0.004100524235774117,0.9866463450043064,0.9971100704756963,"[-0.4760828375571287, 0.48428388602867695]",23.984337151166603
4074.0,24.0,0.0007115702411194546,0.0036824185886469214,1.0482076080720057,5.913370832424157e-06,3.0655110587994596e-05,"[0.5946330826549291, 1.5017821334890824]",0.16320176117866847,0.47599473733213793,0.8616848974151664,"[-0.28557469189934026, 0.6119782142566772]",23.376615191690686
4075.0,24.0,0.00046129577482196805,0.0027526256347955385,1.1942090309019144,2.4361622881787033e-06,1.4520224020923131e-05,"[0.6976234996313073, 1.6907945621725216]",0.32175966048254434,0.14139522821832828,0.5376244418947843,"[-0.1070658906366489, 0.7505852116017375]",22.770968629119196
4076.0,24.0,0.006954714085900878,0.01934013928226051,0.8988154173345203,0.0003943874447132241,0.0010967392789577978,"[0.40171054653876714, 1.3959202881302735]",-0.15947793913089114,0.5858342255234683,0.9069222328018148,"[-0.7331262531222665, 0.41417037486048425]",0.6091608558429535
4077.0,24.0,0.00032564959191649245,0.0021846522654141616,1.1747907763080994,1.159620193800378e-06,7.78791265144646e-06,"[0.7012508828576703, 1.6483306697585283]",0.2387732661990185,0.26185782860849427,0.7106046909321418,"[-0.1783234170530858, 0.6558699494511229]",23.0879533057495
4078.0,24.0,0.11326841001156504,0.22708181638244795,0.5773848501320524,0.028241768940295342,0.05661942449938922,"[0.06156938264041689, 1.093200317623688]",-0.41707871772842253,0.3725599798636653,0.8048414795538804,"[-1.3338331327114679, 0.4996756972546229]",1.5931233500377864
4079.0,24.0,0.0006089399942194492,0.003302277625918922,1.1203038919071717,4.302754799123204e-06,2.3346472051672297e-05,"[0.642570647431746, 1.5980371363825974]",-0.06232259226765713,0.7827662475679744,0.9605790545529682,"[-0.5053511451444936, 0.38070596060917933]",0.23805476701676082
4080.0,24.0,0.004184987949763203,0.012988789415776547,1.0937551225221624,0.0001652755315859157,0.0005131186947715483,"[0.5246636569667741, 1.6628465880775507]",-0.22492949745899793,0.41310824549024927,0.8277063624328778,"[-0.7635833306054859, 0.31372433568749003]",0.8591673928266104
4081.0,24.0,0.00247734619869853,0.00881087464054474,1.1703814754299988,6.471716451891491e-05,0.00023022826225156497,"[0.5961752899577202, 1.7445876609022775]",0.11541814654293336,0.6569460335948187,0.9301211184160023,"[-0.39392282066582596, 0.6247591137516927]",23.559135154924498
4082.0,24.0,0.017398421232616066,0.04181307674264856,0.8403423243479865,0.0017534085045495397,0.0042139113303281414,"[0.3139803908174622, 1.366704257878511]",-0.31359398071147204,0.341517596662001,0.7827586446527641,"[-0.9597795063871817, 0.3325915449642376]",1.1978407716982862
4083.0,24.0,0.00015193207516281127,0.0013837656190825037,1.0799823068398202,2.1339414930518973e-07,1.939946811865361e-06,"[0.6719209152187243, 1.488043698460916]",-0.37888810888259616,0.05597438948946784,0.34323915573101693,"[-0.7674363786200489, 0.009660160854856548]",1.4472459697777305
4084.0,24.0,0.059105500829742266,0.12482682329407026,0.5412882671162936,0.011090991892812941,0.023423425328010436,"[0.12357913145634375, 0.9589974027762436]",-0.019815236288812876,0.9613745484358008,0.9938808419181301,"[-0.8217593484591235, 0.7821288758814977]",0.07568862729356335
4085.0,24.0,0.015374241497330068,0.037498149993487974,0.7706670721418302,0.0014389573044432226,0.0035105081835648273,"[0.2966751796583312, 1.2446589646253292]",-0.1033946748631358,0.7510067823330502,0.9552799279805988,"[-0.7420398025578129, 0.5352504528315413]",0.39493856625233764
4086.0,24.0,0.02393445386786677,0.055545263095536715,0.987276323347414,0.0028776500265927083,0.006678231669976116,"[0.3380507265939672, 1.6365019201008608]",0.29758612542724183,0.3902591752463407,0.813966605760538,"[-0.38129395832620405, 0.9764662091806877]",22.863304731424552
4087.0,24.0,0.002760929561311006,0.00949099196050535,0.8956466459899558,7.969826270744503e-05,0.0002735951345947306,"[0.4507038863888479, 1.3405894055910637]",-0.7557143263235586,0.00293248639943302,0.05420492420393752,"[-1.2536331160408805, -0.25779553660623683]",2.886616094394144
4088.0,24.0,7.825688000263252e-05,0.0009394583433689379,1.154988744220388,4.4006160522030053e-08,5.282852403605049e-07,"[0.7414431804136834, 1.5685343080270928]",0.15204744874249432,0.4223789957479319,0.8326729046370046,"[-0.219393703678746, 0.5234886011637346]",23.41922152675489
4089.0,24.0,0.01387368534486712,0.03434080530907702,0.8659165206820075,0.0012284660252062899,0.003040757488134381,"[0.34083392052198647, 1.3909991208420287]",0.480879320987305,0.1283951754755582,0.5181403368666594,"[-0.13900254671870338, 1.1007611886933133]",22.16317629682071
4090.0,24.0,0.014054840726121972,0.034746206986704505,0.890362472938351,0.001255100126152487,0.0031020764363630425,"[0.34942955698557576, 1.4312953888911264]",-0.5313621698844102,0.09248699248932798,0.44083409194150613,"[-1.1503808045645454, 0.08765646479572498]",2.0296539818193438
4091.0,24.0,0.003189718393565075,0.010561981435645943,0.9174609528889907,0.00010241159386969526,0.0003391112379791234,"[0.454583171313552, 1.3803387344644293]",0.28732277289094554,0.27982107241304666,0.7300314959902079,"[-0.23375722085063733, 0.8084027666325284]",22.902507850356862
4092.0,24.0,0.22740460839858184,0.424025643155184,0.4773104436097931,0.07498884198178485,0.13986352897200635,"[-0.04810048585987231, 1.0027213730794584]",0.1507676778703937,0.7958186484368697,0.9628316126547152,"[-0.991204007734805, 1.2927393634755924]",23.424109891402566
4093.0,24.0,0.009550711456038741,0.025060906470844243,0.7987625087951784,0.0006674606163034903,0.0017527852318894176,"[0.3386607506939534, 1.2588642668964034]",-0.07026573030976646,0.8179762470401595,0.966095377463714,"[-0.6686541593717008, 0.5281226987521679]",0.26839531941027234
4094.0,24.0,0.002082268407692018,0.0078046042267317026,0.9214258783441236,4.717840737327378e-05,0.00017689691553533475,"[0.47761152739393525, 1.365240229294312]",0.27363983183654383,0.28125683627531506,0.7309347944023468,"[-0.22410874124682917, 0.7713884049199169]",22.954772835273097
4095.0,24.0,0.015762791540514118,0.038333637014868964,0.8646549720769985,0.0014967849149040045,0.003640041135466937,"[0.3309449850575096, 1.3983649590964875]",0.07955058564761774,0.8078657305292917,0.964880279922775,"[-0.5616044979755154, 0.7207056692707509]",23.696139145639833
4096.0,24.0,0.0005053116302091148,0.002922565819601589,1.080376238194349,2.9493540469279644e-06,1.704828928860095e-05,"[0.6273690667902158, 1.533383409598482]",0.3565346724543845,0.10549902579651321,0.47457951325467035,"[-0.07515090553687681, 0.7882202504456459]",22.638137867885636
4097.0,24.0,0.053343004205807086,0.1138834419423721,0.6677799714146474,0.009563206453383218,0.020416751608418483,"[0.1626831680422366, 1.172876774787058]",0.2770137997907103,0.4872424066125096,0.8690287084616835,"[-0.5045263210258744, 1.058553920607295]",22.941885227007354
4098.0,24.0,0.0014600393164958536,0.00600839224895413,1.0605563456964096,2.4186802859073455e-05,9.95751455704959e-05,"[0.5682480355071506, 1.5528646558856685]",0.1500565192983192,0.5413913157670364,0.8901534294097935,"[-0.33152259018280805, 0.6316356287794465]",23.426826317052196
4099.0,24.0,0.00017042983091590215,0.0014650378427071334,1.3644823144336191,2.749566969060606e-07,2.3642020370254566e-06,"[0.8441683415023795, 1.8847962873648587]",-0.03779725637912712,0.8516926747605391,0.9708072590103425,"[-0.4340403276948203, 0.3584458149365661]",0.1443748845131941
4100.0,24.0,0.0005627710526118864,0.0031404634632359735,1.2633257973657122,3.6691396204047465e-06,2.0486541710802605e-05,"[0.7284552765246649, 1.7981963182067595]",-0.21167688637323412,0.34407984312565854,0.7841382022006803,"[-0.6501757976503484, 0.2268220249038802]",0.8085461473104402
4101.0,24.0,0.00032492067554531833,0.0021845827437209815,1.1429864628643296,1.1503170612372387e-06,7.740344500702425e-06,"[0.6824173473065921, 1.6035555784220672]",0.09299842439274286,0.663157011732552,0.93180039273632,"[-0.3254838678307922, 0.5114807166162779]",23.64477218539529
4102.0,24.0,0.01041822380215975,0.026899622520422804,0.8471659828754444,0.0007697861128997716,0.001988083969265939,"[0.353499776966312, 1.3408321887845769]",-0.12501408884774445,0.6854121117328607,0.9370333060910837,"[-0.7298765464299344, 0.4798483687344455]",0.47751864470995
4103.0,24.0,0.13975587089560518,0.27527254460430406,0.6210765788804485,0.037895381362027726,0.07464128690570755,"[0.034710107518308275, 1.2074430502425888]",-0.02290644589763602,0.9635014162525646,0.9938808419181301,"[-1.004017803056179, 0.9582049112609071]",0.08749617823862016
4104.0,24.0,0.0003579532338525235,0.0023258819613549285,1.3220585396386946,1.4155877609862796e-06,9.20408167091209e-06,"[0.7847796665266247, 1.8593374127507645]",0.04486293470160696,0.835049831522267,0.9707873627483405,"[-0.3774104052187562, 0.4671362746219701]",23.828636212335127
4105.0,24.0,7.221452632356658e-05,0.0009072176673814897,1.2690100252379422,3.618279844667742e-08,4.551295402097789e-07,"[0.8174901572529385, 1.7205298932229458]",0.17656407659357143,0.3481822141572549,0.7879208285975445,"[-0.1923214073241929, 0.5454495605113358]",23.32557490650425
4106.0,24.0,0.0013242129055662229,0.005606320514674949,0.9954347413535442,2.009159986111665e-05,8.509962176902082e-05,"[0.5378654310195398, 1.4530040516875484]",-0.2057205967924327,0.39712298080776,0.8180053838873248,"[-0.6818884580338127, 0.27044726444894734]",0.785794797007929
4107.0,24.0,0.01586372354880263,0.0385425774820352,1.1145264961488512,0.0015186793931848484,0.0036879052772822935,"[0.425668216227137, 1.8033847760705655]",0.42877016996345585,0.18488201591601094,0.6166845093929652,"[-0.20505717677804325, 1.062597516704955]",22.362218591999135
4108.0,24.0,0.0021167193634902496,0.007882582383421573,1.044207245957832,4.867516049780298e-05,0.00018121802121296715,"[0.5403521153166465, 1.5480623765990176]",0.3127160687516337,0.21824329958949218,0.657423017751728,"[-0.1850957239410721, 0.8105278614443395]",22.8055126049739
4109.0,24.0,0.020531133007649277,0.04844015281802334,0.7557586466872507,0.0022813957635882945,0.0053819197065069465,"[0.2702465410011756, 1.2412707523733257]",0.6782631814847662,0.040123670291267705,0.2825610583892092,"[0.030570812309015483, 1.3259555506605167]",21.40922548678714
4110.0,24.0,0.023947115520583113,0.05556175294798866,0.7020462574620375,0.00289013942957177,0.0067056599294008585,"[0.24018025603667165, 1.1639122588874034]",-0.5554403804558055,0.10379063763287671,0.46942848318804486,"[-1.2246547678009654, 0.11377400688935446]",2.121625971417226
4111.0,24.0,0.023860892266798123,0.05538740080500957,0.940303622284454,0.0028613303907717483,0.006641899700027271,"[0.3223280005588399, 1.558279244010068]",-0.22034418153191915,0.5256583104494705,0.8839273529919359,"[-0.9008268555563905, 0.46013849249255223]",0.8416527761362284
4112.0,24.0,0.037844188655439925,0.08345359087283179,0.8537358114038924,0.005748393385466419,0.012678415053962106,"[0.24786561105196347, 1.4596060117558214]",0.004928584434610528,0.9895496513995722,0.9981336003626914,"[-0.7325801334106329, 0.7424373022798539]",23.981174194194864
4113.0,24.0,0.0012350714536028605,0.005350910546144803,1.1010608025725728,1.7531332695826416e-05,7.605784249816232e-05,"[0.5985149288388223, 1.6036066763063233]",0.013787513052903044,0.9545672243580438,0.9927158038502051,"[-0.46053083793447513, 0.4881058640402812]",23.947335579472476
4114.0,24.0,0.1516871729949139,0.29666961274186177,0.508418991883574,0.04251995901178427,0.08316049092858258,"[0.01715227285345927, 0.9996857109136887]",-0.07148223672785736,0.8889953391891785,0.9792024038600581,"[-1.0752582088237805, 0.9322937353680658]",0.2730420316440847
4115.0,24.0,0.003143247665204913,0.010442683273106023,0.8302686953279265,9.957687913703457e-05,0.00033102403575283913,"[0.41211468830008063, 1.2484227023557724]",0.191780914368044,0.4714158718960344,0.8586810052751082,"[-0.33015127291812474, 0.7137131016542128]",23.267450867703417
4116.0,24.0,0.000538936001527958,0.0030523823436752217,1.337200922996821,3.3657596569488597e-06,1.9037102132063685e-05,"[0.7732264908387306, 1.901175355154911]",0.3145271262057694,0.15651827582371966,0.5691573666317078,"[-0.1205571631117151, 0.7496114155232538]",22.798594875068723
4117.0,24.0,0.002391233709471686,0.008567659295849824,1.1842101786379822,6.1031334572341544e-05,0.00021867192609223052,"[0.6052297842180397, 1.7631905730579245]",-0.40527244780544525,0.11361598424281331,0.4941974086246773,"[-0.9073239835997473, 0.09677908798885682]",1.5480267208125302
4118.0,24.0,0.0021614575907820677,0.007999472948860354,1.161649486188341,5.048586052140452e-05,0.00018698466859779452,"[0.5999457089562202, 1.7233532634204618]",-0.22153668007426663,0.3857827246948299,0.8110539041812019,"[-0.7221806857842106, 0.2791073256356773]",0.846207785039696
4119.0,24.0,0.008777903117623394,0.023345487014955833,0.8714045460211786,0.0005820572488908591,0.0015480245981139868,"[0.37489269897221966, 1.3679163930701375]",0.2534672785007164,0.39920218954825015,0.8205594851968143,"[-0.3358080168266583, 0.842742573828091]",23.031826313149462
4120.0,24.0,0.005001363648790395,0.014880582114818193,1.0336216203367607,0.00022536269247308324,0.0006707222990270334,"[0.48442101400624304, 1.5828222266672785]",-0.265404777411967,0.343608815969744,0.783884728346148,"[-0.8146671924097941, 0.28385763758586013]",1.0137715738876503
4121.0,24.0,0.0001527319637374107,0.0013854657588768008,1.2422722973536757,2.1390287723378057e-07,1.9410424431377547e-06,"[0.7728509793380325, 1.711693615369319]",0.022848439583334823,0.9092046266207472,0.9847157609726442,"[-0.36983304351799035, 0.41552992268466]",23.912725389561018
4122.0,24.0,0.00021870733366670026,0.0017086510442710957,1.155539787629862,4.83081270194933e-07,3.774072423397914e-06,"[0.7055387314804613, 1.6055408437792629]",0.13322930880232242,0.5182165791054119,0.8815502965687397,"[-0.2709277643829837, 0.5373863819876286]",23.491101526545453
4123.0,24.0,0.011618887675834114,0.02949704918972865,0.9390967896826893,0.0009197940918369533,0.002335095434975764,"[0.38369267744803925, 1.4945009019173394]",-0.20511129721952948,0.5117162634367571,0.8790093264219851,"[-0.8177759991631975, 0.4075534047241386]",0.7834674440754971
4124.0,24.0,0.00010711686916479832,0.0011146396375109086,1.2935428759992218,9.446656455120172e-08,9.830027528741073e-07,"[0.8185064029677886, 1.768579349030655]",0.4034480694274558,0.03602186925176424,0.2633333020373425,"[0.026307302509763875, 0.7805888363451478]",22.458941891273717
4125.0,24.0,8.872158475992202e-05,0.0009968717388755283,1.2824127958411926,5.9569069693967676e-08,6.694971605989746e-07,"[0.818678257084978, 1.7461473345974072]",-0.08982647606219185,0.6392275725221006,0.9258800297249429,"[-0.46539073390603297, 0.28573778178164927]",0.34311186445976743
4126.0,24.0,0.012697957708166542,0.03184840157553685,1.0465184933220493,0.0010600322502576278,0.0026587214704229443,"[0.42004237539932165, 1.6729946112447769]",0.04556553901538418,0.8858345943066248,0.9784279490473029,"[-0.5764483399478041, 0.6675794179785725]",23.82595246154532
4127.0,24.0,0.0004513315099109637,0.0027110036041133657,0.9537499793053863,2.3302555408391132e-06,1.3987128096273189e-05,"[0.5579136244666786, 1.3495863341440941]",-0.36045478493474015,0.09818100162607961,0.45559629524862927,"[-0.7876560152819895, 0.06674644541250918]",1.3768358588037586
4128.0,24.0,0.03255579752270383,0.07296234317055991,0.7387080933537091,0.004586521063802203,0.010279070066791131,"[0.2279560868907572, 1.2494600998166612]",0.03924899539877824,0.9147312475778779,0.986565242976216,"[-0.6792027249417354, 0.7577007157392919]",23.85007988090144
4129.0,24.0,0.000868808178641915,0.004182995563995739,1.1324325936091952,8.824277036981452e-06,4.248568626375278e-05,"[0.6330051583345054, 1.6318600288838851]",-0.18930785276610873,0.4169274389021993,0.8288815882747501,"[-0.646382658961405, 0.2677669534291876]",0.7231027328121344
4130.0,24.0,2.4706153902198824e-06,0.00019127600552403012,1.8420078078389037,2.4050282524051226e-12,1.86436298636056e-10,"[1.3268970106823041, 2.3571186049955033]",0.3247221969016767,0.027299407022382424,0.221406382987692,"[0.03637452035444155, 0.6130698734489118]",22.759652573554522
4131.0,24.0,0.006545169293502032,0.018504860880695594,0.8560044515175849,0.00035610794498795056,0.0010070926046039325,"[0.3861342976390637, 1.325874605396106]",-0.17251601376365677,0.5524543357434097,0.8939184893512985,"[-0.7416675403716791, 0.3966355128443656]",0.6589626324718902
4132.0,24.0,0.0008288118433362969,0.004064795700521318,1.0417634509262323,8.051194624940468e-06,3.946664031833563e-05,"[0.5843481110537241, 1.4991787907987406]",-0.27406295787665336,0.23647414465327043,0.6781592906603683,"[-0.7277990511856974, 0.17967313543239072]",1.0468433871469267
4133.0,24.0,4.484211750674099e-05,0.0006909417181316024,1.2355435119865177,1.0939344589239421e-08,1.6855692741509124e-07,"[0.8118485815231586, 1.6592384424498767]",0.02286412722483533,0.8999286500978173,0.9819188762660309,"[-0.3334964172823693, 0.37922467173203994]",23.91266546718445
4134.0,24.0,0.05178229556216368,0.11093036752819983,0.8090746307875231,0.00914217424977209,0.019584777741585454,"[0.2007336498777803, 1.4174156116972658]",-0.03217934295649538,0.9356633930212358,0.9892015094756179,"[-0.8135115650987171, 0.7491528791857264]",0.12291603592741454
4135.0,24.0,0.004558376915358407,0.013858319270941312,0.8612766704369123,0.00019167904824965201,0.0005827882281838005,"[0.40867884813844335, 1.3138744927353811]",0.1810738571512136,0.5147308415036438,0.8803357696922911,"[-0.36367549363927143, 0.7258232079416986]",23.308348813672048
4136.0,24.0,0.0013287091683348174,0.005620597158776723,0.8256079626796028,2.022651653421717e-05,8.556056063543642e-05,"[0.4459694580159553, 1.2052464673432504]",0.2148813083946397,0.37646852098215466,0.8059627565530977,"[-0.2613163517068554, 0.6910789684961348]",23.17921386218254
4137.0,24.0,1.2586723579980624e-06,0.00014984194738072173,1.2601473825452938,2.4055924454693733e-13,2.8638005303206827e-11,"[0.9229246176176074, 1.5973701474729802]",-0.1321929215781763,0.3508771410939857,0.789522443778543,"[-0.4099250947423886, 0.14553925158603598]",0.5049397658622248
4138.0,24.0,0.000301361448039381,0.0020869260301016337,1.280389648056753,9.76938267411898e-07,6.774883962634522e-06,"[0.7678486236453935, 1.7929306724681124]",-0.04175975568659851,0.8440050080501702,0.9708072590103425,"[-0.45770871862563256, 0.37418920725243554]",0.15951051695596893
4139.0,24.0,0.06429614712618142,0.1348210256367822,0.6359667100866125,0.012540912693119566,0.02630224977583802,"[0.13668832358989075, 1.1352450965833343]",-0.17327202882124126,0.6765276485689444,0.9341755514903409,"[-0.987274794115782, 0.6407307364732995]",0.6618503972750857
4140.0,24.0,0.0009815642880648954,0.004565415293325095,1.0295042567923387,1.1278076156697254e-05,5.240741708502441e-05,"[0.5699854273311326, 1.4890230862535447]",-0.3535259713422043,0.13165243698402612,0.524274354052746,"[-0.8131240762260703, 0.10607213354166173]",1.3503697404114132
4141.0,24.0,0.0001962136171557958,0.0016083083373425887,0.9509438609377839,3.8316159662670127e-07,3.140668824809027e-06,"[0.5838442195767821, 1.3180435022987858]",-0.4685736533083622,0.02004844947681713,0.18460819039426454,"[-0.8635042986198518, -0.07364300799687257]",1.7898195150396932
4142.0,24.0,9.75321751384542e-05,0.0010545888772681012,1.3212653736177673,7.477125170721422e-08,8.087059620338355e-07,"[0.8398594236373882, 1.8026713235981464]",-0.09226222966174547,0.6327325747816994,0.9223220313219056,"[-0.47066063497634764, 0.2861361756528567]",0.3524157578723155
4143.0,24.0,0.0002929980533702953,0.0020489374361559115,1.2627468801956598,9.197317203266134e-07,6.43169035193436e-06,"[0.7584887381759002, 1.7670050222154194]",0.11449051616068218,0.5883285564480889,0.9077706636973603,"[-0.3000928453942193, 0.5290738777155837]",23.562678441981237
4144.0,24.0,0.0040383786745793755,0.012615670238638098,0.565928319954484,0.0001549816464788536,0.00048446904182198686,"[0.2727180902820486, 0.8591385496269195]",-0.0747928816524146,0.785334489046555,0.9608848990282411,"[-0.6129917300090607, 0.4634059667042315]",0.2856877637536538
4145.0,24.0,0.018672446129823723,0.04459624105522742,0.6841854022550911,0.0019684428789961835,0.004699075862965346,"[0.25090616393122533, 1.1174646405789568]",-0.8535425350278372,0.00791875235704789,0.10334022923500001,"[-1.4835193674517604, -0.22356570260391406]",3.26029232613282
4146.0,24.0,0.0006480639981917538,0.003441656920827158,1.188306828012638,4.948639187162274e-06,2.6238807991316407e-05,"[0.6783304015710131, 1.698283254454263]",0.5591420803420792,0.012039345921913549,0.13259191543957652,"[0.12270115864660203, 0.9955830020375565]",21.864234576548938
4147.0,24.0,0.0008503497619871182,0.00413203308701289,1.1077630981127082,8.45843147728339e-06,4.112023080837817e-05,"[0.6202133546188597, 1.5953128416065567]",0.20480328098715272,0.3786374990953365,0.8068133370878681,"[-0.2511289231092084, 0.6607354850835139]",23.21770909126695
4148.0,24.0,0.0003633023516167691,0.0023469144161289996,1.055940095008882,1.4616590933431486e-06,9.454457266126447e-06,"[0.6262412839417018, 1.4856389060760622]",-0.08037469759404825,0.7093800623585449,0.9447289007555106,"[-0.5030638323353124, 0.3423144371472159]",0.3070087301186171
4149.0,24.0,0.0040761785157108444,0.012714218701531018,1.0024141704970926,0.00015749410860782398,0.0004914012749074071,"[0.482508325106775, 1.5223200158874102]",-0.002686905246013893,0.9922044913992561,0.999042938587908,"[-0.5416873693518195, 0.5363135588597917]",0.01026322203654375
4150.0,24.0,0.00040878510674728896,0.002540615952438092,1.2349626966296727,1.8785500616250583e-06,1.170026527440936e-05,"[0.727105500573586, 1.7428198926857594]",-0.0936659221292393,0.6673005929674471,0.9332201550489372,"[-0.5207437128057766, 0.33341186854729793]",0.35777746814709555
4151.0,24.0,0.003948010596931361,0.012438596713709392,1.0141799850372049,0.00014900302041754492,0.00046959666062888403,"[0.49008289335972366, 1.538277076714686]",-0.11916349602322107,0.6632960249138816,0.93180039273632,"[-0.6556215528526277, 0.41729456080618554]",0.4551710262769691
4152.0,24.0,0.05244568349281027,0.11215928890677987,0.8619814012052744,0.009343019950655488,0.019980795446226447,"[0.21200219129564246, 1.5119606111149064]",0.4187329072178514,0.28881734040934304,0.7386632747042021,"[-0.3549884430423961, 1.192454257478099]",22.400558111544935
4153.0,24.0,0.00022262531697464808,0.0017257776509662641,1.0016617475378617,5.024406096140892e-07,3.894888446620847e-06,"[0.611000436510819, 1.3923230585649045]",0.11812923969616573,0.5674263938060397,0.8991207905304154,"[-0.28675092946426045, 0.523009408856592]",23.548779541888027
4154.0,24.0,0.004131145549082469,0.012845601831724094,1.1934347497282352,0.0001617593998065059,0.0005031396572519623,"[0.5733625154447171, 1.8135069840117533]",0.28506268538551893,0.297844915964277,0.7470401704647027,"[-0.25161087265125825, 0.8217362434222961]",22.911140748716278
4155.0,24.0,0.028769332898834855,0.06548903459784852,0.7809536899958135,0.003804728915529132,0.008660889860070867,"[0.2520363342079054, 1.3098710457837215]",0.10330419739361663,0.7734203728520099,0.9594231226648312,"[-0.5999602318218973, 0.8065686266091305]",23.60540703222396
4156.0,24.0,0.00037634219626285704,0.0024017168324568577,1.0305344183647347,1.5770222320300695e-06,1.0070384623435948e-05,"[0.6098474849596925, 1.4512213517697767]",0.13089149791104404,0.5448404456191958,0.891427430659679,"[-0.2927890189516301, 0.5545720147737182]",23.500031306370115
4157.0,24.0,0.28988065980585404,0.5204320642834004,0.547423738536989,0.10543618522952879,0.1892929716867662,"[-0.11526723777611403, 1.210114714850092]",0.036871877169095235,0.9541867911084805,0.9927151416642309,"[-1.2210505020965439, 1.2947942564347343]",23.85915980369907
4158.0,24.0,0.0026301914606264585,0.009183629401628696,0.8044465754756452,7.251289556803873e-05,0.00025293328023091735,"[0.4070848131248475, 1.201808337826443]",0.36616061933809707,0.1579772038525853,0.571170296509313,"[-0.1421316268863987, 0.8744528655625928]",22.601369459202047
4159.0,24.0,7.32740684832511e-05,0.0009147823780680536,1.287315183423378,3.754949609822974e-08,4.687827228243413e-07,"[0.8287385177658013, 1.7458918490809547]",-0.21830480002765196,0.246066731025401,0.6923655909549831,"[-0.5871718561332037, 0.15056225607789975]",0.833862912602125
4160.0,24.0,0.0015086336983103573,0.00613819759316316,1.0576661319474856,2.5772941515482816e-05,0.00010498143183496055,"[0.5650269234084504, 1.5503053404865208]",-0.2204476055586655,0.3703048493444402,0.8027419235734667,"[-0.7027203716877453, 0.2618251605704142]",0.842047826818416
4161.0,24.0,0.001169889405697922,0.005147809279445758,1.1406440833031244,1.5861034787387932e-05,6.978017944297374e-05,"[0.6227048822569131, 1.6585832843493358]",0.3038913085015924,0.20375431858484772,0.6386618865055044,"[-0.16475529581410991, 0.7725379128172947]",22.83922070614338
4162.0,24.0,0.0025789368321879665,0.009044349586382951,1.0401743272673116,6.959066567868377e-05,0.00024409212795048672,"[0.5276384419283223, 1.5527102126063008]",0.04715989524690656,0.8567313262277314,0.9711734295148989,"[-0.4648232582996511, 0.5591430487934642]",23.81986246933821
4163.0,24.0,9.200038954316338e-05,0.0010143372606743481,1.385720295874304,6.496753980030081e-08,7.162904057365029e-07,"[0.8831887879641138, 1.8882518037844942]",-0.039489051089665494,0.837268155898018,0.9708072590103425,"[-0.4163207703336399, 0.3373426681543089]",0.15083706429428784
4164.0,24.0,0.00013424885729105765,0.0012864138589766551,1.2203630309369466,1.592222096015889e-07,1.5251169502067903e-06,"[0.7640358535327118, 1.6766902083411814]",-0.19954840475933366,0.31272893649906464,0.7575797880306798,"[-0.5869707576564833, 0.187873948137816]",0.762218760085206
4165.0,24.0,0.00010062065875738009,0.0010765302864058864,1.0773705737418016,8.056552445734515e-08,8.623345549136204e-07,"[0.6838440002021184, 1.4708971472814847]",-0.10481350640945042,0.5880665519621608,0.9077706636973603,"[-0.48408887277869717, 0.27446185995979633]",0.40035810354859414
4166.0,24.0,0.0015455608835658345,0.006244690438649837,1.1476296680799722,2.702935525942783e-05,0.0001092095161997084,"[0.6117154874685863, 1.6835438486913583]",-0.2955319717076179,0.2295994001816961,0.6703174076703508,"[-0.7776662769315534, 0.18660233351631766]",1.1288489793350773
4167.0,24.0,0.0011555684045875792,0.005114940462419141,1.0535756940871266,1.5418330863430495e-05,6.825290333523903e-05,"[0.5758636175251879, 1.5312877706490653]",-0.07125804864883811,0.766840678094734,0.9576975773551256,"[-0.5422817505629357, 0.3997656532652595]",0.27218569626108813
4168.0,24.0,7.561830881166418e-06,0.00028494638374203777,1.537351466739701,8.153038646121318e-11,3.0566543239037544e-09,"[1.0736288368256512, 2.001074096653751]",0.5368573446100706,0.0006148875458032119,0.0190958865156277,"[0.22963602382489262, 0.8440786653952486]",21.949355996882836
4169.0,24.0,0.00859741025945211,0.022920315274465773,0.9348139270396172,0.0005621623779117926,0.001498700021092489,"[0.40362430324004195, 1.4660035508391924]",0.22494036513505922,0.4535852029357281,0.8510636664122461,"[-0.36332331151366226, 0.8132040417837807]",23.14079109570863
4170.0,24.0,3.0797106536270715e-06,0.00020261254300178104,1.3358250470623405,4.874182420659249e-12,3.2066989609600324e-10,"[0.9568851393469677, 1.7147649547777133]",0.04944085733773029,0.7423347037351151,0.9537299711909787,"[-0.24530718276255004, 0.3441888974380106]",23.811149835935975
4171.0,24.0,0.01604310544712892,0.03890180758275684,0.9233483273149519,0.001544610748540629,0.0037454188858890135,"[0.3517649658537375, 1.4949316887761661]",-0.3766156979111921,0.2462812170594011,0.6925793505607454,"[-1.0132678585955501, 0.26003646277316605]",1.4385659992456854
4172.0,24.0,0.0011877858959207447,0.00520730335782878,1.0147021988400193,1.6284979117265118e-05,7.142534700554877e-05,"[0.5533271400113609, 1.4760772576686778]",-0.17497601988271771,0.4669401601989265,0.8568927430895292,"[-0.6464020490205018, 0.2964500092550663]",0.6683591636851268
4173.0,24.0,0.0005291473720058029,0.0030116526579726972,1.0464199544776196,3.2232104953487167e-06,1.8344965824409316e-05,"[0.6059302977097818, 1.4869096112454574]",0.07890887786690914,0.7235605453832052,0.9484629638926688,"[-0.3583450240829113, 0.5161627798167296]",23.698590288807523
4174.0,24.0,0.0003539815982984934,0.002309232073414149,1.0659167714123294,1.3860853794658643e-06,9.041652834089134e-06,"[0.6331095189156296, 1.4987240239090291]",-0.20923315756764804,0.3295222509361567,0.7713535836520522,"[-0.6298046709796646, 0.21133835584436855]",0.7992117908547983
4175.0,24.0,0.0030776139930346574,0.010286143024848452,1.064133367835445,9.648764145079081e-05,0.0003223907498101299,"[0.5292462938847479, 1.5990204417861422]",0.47646443449974907,0.06923016745737559,0.383582200383129,"[-0.03751297163340506, 0.9904418406329032]",22.18003992100513
4176.0,24.0,0.3254931206052448,0.5705400887033213,0.36066933250861466,0.12448808827961991,0.21820167108314667,"[-0.09948986569375029, 0.8208285307109796]",0.7148926664380744,0.27470072217595376,0.7255688343191455,"[-0.5678705926322061, 1.9976559255083548]",21.269311160549638
4177.0,24.0,0.06953991924895203,0.14508641612549975,0.6910189832546744,0.014082246548969621,0.02937473205876016,"[0.13937545558727527, 1.2426625109220735]",-0.4505859296701793,0.28007170997470954,0.7302445122759946,"[-1.2681811129272496, 0.36700925358689096]",1.7211114718719873
4178.0,24.0,0.005710355511157759,0.016571932157766155,0.9872079485868114,0.0002833901494258333,0.000822314007530119,"[0.4541839979043293, 1.5202318992692936]",-0.3547961185263393,0.21098058851196866,0.6495912003621981,"[-0.9107176769690575, 0.20112543991637888]",1.3552213452788373
4179.0,24.0,4.938072984164251e-05,0.0007294051675279544,1.4753285831577485,1.4257104183037017e-08,2.1059238084249657e-07,"[0.9653722845057463, 1.9852848818097506]",0.5496383893364394,0.002194105968026602,0.04533276793443393,"[0.19788973587686126, 0.9013870427960176]",21.90053600217691
4180.0,24.0,0.006829507749609958,0.019071510051968606,0.8964492504980468,0.0003836993314035236,0.0010714865439919678,"[0.4016635220587497, 1.391234978937344]",0.34600478962704617,0.23294110916939048,0.6742147546764915,"[-0.22252920256100894, 0.9145387818151013]",22.67835905753722
4181.0,24.0,0.0022941695340677574,0.008330317843383289,0.9121048785853662,5.642580430157777e-05,0.00020477125218791058,"[0.4682090782499107, 1.3560006789208217]",0.299267786213683,0.24299726032519053,0.6880067848665263,"[-0.20312200519326062, 0.8016575776206266]",22.85688126038217
4182.0,24.0,0.0001874662962673103,0.0015648271808623565,1.2055844734531629,3.4179809031896027e-07,2.853072540225044e-06,"[0.7421620601139671, 1.6690068867923586]",-0.13853776472048285,0.4960541513233635,0.8716467252211623,"[-0.537427879023613, 0.2603523495826473]",0.529175281444004
4183.0,24.0,6.890605365146342e-06,0.00027767416603262883,1.2403771773302896,6.024533760880137e-11,2.4292474842258614e-09,"[0.868827866304636, 1.6119264883559432]",-0.08824179802436216,0.5782695678703598,0.9032205836784882,"[-0.39935234748061227, 0.22286875143188795]",0.3370588402294532
4184.0,24.0,0.020459234694028633,0.04833270657696346,0.9030410400833958,0.0022531818342926588,0.0053228958995810505,"[0.3236214785826682, 1.4824606015841235]",0.08053875738499716,0.8127737411444604,0.9657684253025929,"[-0.5859318468178139, 0.7470093615878082]",23.692364607640773
4185.0,24.0,0.0005977349531394954,0.003266259574336787,1.2192026507835376,4.144852195258683e-06,2.2674246144741156e-05,"[0.7001753215104203, 1.738229980056655]",0.11756543543113018,0.6020958465860088,0.91161020243821,"[-0.32437722301670024, 0.5595080938789606]",23.55093311554523
4186.0,24.0,0.00012777631679295696,0.0012366247961747687,1.210855042730613,1.425217268187062e-07,1.378353257434296e-06,"[0.7598389282370035, 1.6618711572242226]",0.3195739313382404,0.10300533307032377,0.4675676399088119,"[-0.06458468162816777, 0.7037325443046486]",22.77931749946102
4187.0,24.0,0.021471372813632143,0.05047134991572258,0.9063505715142022,0.0024311631831965327,0.005715005132102804,"[0.3204193781492791, 1.4922817648791251]",0.21477396847635344,0.5295042476022263,0.8840760685883975,"[-0.4547140018044651, 0.884261938757172]",23.17962387046861
4188.0,24.0,1.2627733199183656e-05,0.00035571079434320164,1.3367530213154493,3.5577206849859974e-10,1.0021748408411262e-08,"[0.9190448101999651, 1.7544612324309334]",-0.02833062352772764,0.8642233805460763,0.9730053822856072,"[-0.35304900224671876, 0.2963877551912635]",0.10821501060752169
4189.0,24.0,4.392994650660176e-06,0.00023366992822660508,1.1724199395173427,1.5489162702811898e-11,8.238916331282924e-10,"[0.8316489737880046, 1.5131909052466808]",-0.5239345042247265,0.0005286708615011003,0.017447883217858097,"[-0.8202282723934993, -0.22764073605595375]",2.001282388890402
4190.0,24.0,0.0033660421455801955,0.011003733722066674,1.0497654401364482,0.00011236295329813331,0.0003673370573461806,"[0.5170396098432596, 1.582491270429637]",0.08204213166463603,0.7603198751332807,0.9565482608929913,"[-0.4450647381249839, 0.609149001454256]",23.68662214089065
4191.0,24.0,0.012046669760510683,0.030413203131811874,0.7379593897365714,0.0009737921981031895,0.002458450386526608,"[0.2993973134020065, 1.1765214660711363]",0.02422747093053612,0.9387116927683892,0.9892015094756179,"[-0.593349161169879, 0.6418041030309513]",23.90745787782696
4192.0,24.0,0.013422886096847934,0.03334878533378369,0.9474130492624406,0.0011678415193690224,0.002899308637956858,"[0.3754657986233543, 1.519360299901527]",-0.6512530243983843,0.03635604086014715,0.26479272294353345,"[-1.2611333475492135, -0.04137270124755499]",2.48760331287719
4193.0,24.0,3.1003270796917165e-05,0.0005536298356592351,1.308221360051173,4.19305729801731e-09,7.487602317888054e-08,"[0.8718878208507352, 1.7445548992516107]",0.01855376303982137,0.9164423383680496,0.9866950240827408,"[-0.3280535509167608, 0.36516107699640354]",23.92912984558216
4194.0,24.0,0.006363510293193422,0.018109021892980713,0.8217974946052485,0.0003396564760614166,0.0009671311960746486,"[0.3722611819043433, 1.2713338073061538]",0.19362192610425932,0.5031974711071283,0.873546981136186,"[-0.37323479021735995, 0.7604786424258786]",23.260418720868802
4195.0,24.0,0.07187315162926614,0.1496733686573639,0.5657603051812726,0.014724490781799283,0.030663246109536198,"[0.11113503767219418, 1.020385572690351]",0.07118354593311782,0.8672648661096706,0.9734244302898619,"[-0.7635804976551482, 0.9059475895213839]",23.728098883150448
4196.0,24.0,0.005542157589430931,0.016181482012937023,1.0809499119212733,0.0002681188893623529,0.0007828288740506652,"[0.49959766903461766, 1.662302154807929]",-0.05298643208349674,0.8525629348628827,0.9708072590103425,"[-0.6117805376660047, 0.5058076734990112]",0.20239326198939603
4197.0,24.0,0.0045960774920329635,0.013944135504767538,1.1092675383899857,0.00019438863654364487,0.0005897221693978282,"[0.5257978463335342, 1.6927372304464372]",0.16213641176066407,0.560220353763826,0.8963105579420086,"[-0.3833979404325626, 0.7076707639538907]",23.380684526714578
4198.0,24.0,0.06265793897202702,0.13157904026045153,0.6845976325522779,0.012113282581556617,0.02543594322335157,"[0.14977129570433367, 1.2194239694002222]",-0.4610570597035979,0.2584172026011644,0.7072173032325244,"[-1.260652832074562, 0.3385387126673661]",1.7611082423818252
4199.0,24.0,0.0021144708188804086,0.007880994479613898,1.0900414546233839,4.8424405511286025e-05,0.00018055333896825512,"[0.564226239825537, 1.6158566694212309]",0.1560413530843059,0.5410574674076655,0.8901534294097935,"[-0.344331826983988, 0.6564145331525998]",23.40396593591724
4200.0,24.0,1.7293400185467109e-06,0.0001678970891792923,1.2082214365395698,7.334284300867965e-13,7.120664369774723e-11,"[0.8780872339956802, 1.5383556390834594]",0.41342640345700676,0.003861372438588345,0.06448782502380641,"[0.13297465171734296, 0.6938781551966706]",22.420827462842716
4201.0,24.0,0.021556734862915598,0.05060430484000961,0.8028694542883885,0.002450935274736696,0.005753369189522761,"[0.2834169285816749, 1.322321979995102]",0.36097242806900365,0.2880616758231245,0.738579081276868,"[-0.30497639218858763, 1.026921248326595]",22.621186890070426
4202.0,24.0,0.0005081585175041517,0.002933553842485926,1.2014835097160017,2.9733890949020094e-06,1.7157467368159316e-05,"[0.6975158149375821, 1.7054512044944214]",0.2424564475902642,0.2735175716470535,0.7241622540767879,"[-0.19152239392544562, 0.676435289105974]",23.0738845891562
4203.0,24.0,0.0026553737702415072,0.009245730397776835,1.1703692212633279,7.38653171540002e-05,0.00025701223783576967,"[0.5916146890027166, 1.7491237535239392]",0.41538635027378223,0.10866638425913391,0.4815462434941741,"[-0.09211521859863314, 0.9228879191461976]",22.413341017464624
4204.0,24.0,2.30475978519202e-06,0.00019031624718310683,1.235374235598766,1.8856812625523883e-12,1.5584142665722217e-10,"[0.8915723362867414, 1.5791761349107907]",-0.030615950406411407,0.835624065166215,0.9708072590103425,"[-0.3198106036885805, 0.2585787028757577]",0.11694431627128074
4205.0,24.0,0.004582887367176286,0.013917058509493733,1.1088368361599534,0.00019443139925046397,0.0005897221693978282,"[0.5255850086262, 1.692088663693707]",-0.43161439149261227,0.11675471087592637,0.49852374971028296,"[-0.9709360650976833, 0.10770728211245872]",1.6486455339755939
4206.0,24.0,0.007584084613314197,0.020752047892736564,0.943209402361258,0.00045556136073411527,0.001247088312986902,"[0.4158671718878929, 1.4705516328346233]",0.008973658006024898,0.9758510789830104,0.9955285224381598,"[-0.5720497294894286, 0.5899970455014784]",23.9657231512974
4207.0,24.0,3.2894637431902973e-06,0.00020932207166557925,1.3647403204709097,6.153732124345033e-12,3.919574601493652e-10,"[0.9757315074313087, 1.7537491335105106]",0.43687249339590295,0.0033822292819248503,0.05930666495607872,"[0.14470314215596908, 0.7290418446358369]",22.331269996203854
4208.0,24.0,0.0003720183283649106,0.0023847328741340426,1.1269895858602539,1.5508674390493818e-06,9.935089295639858e-06,"[0.6672480549419303, 1.5867311167785774]",0.3983779427636902,0.062427552899611875,0.36295088895123184,"[-0.02067895570980388, 0.8174348412371844]",22.478308348569087
4209.0,24.0,3.425642528736204e-06,0.00020932207166557925,1.4772856985925513,6.979884525092168e-12,4.282137745455318e-10,"[1.055092821019476, 1.8994785761656265]",0.37897321452983324,0.011490662279709123,0.12810102875929902,"[0.0850860852139958, 0.6728603438456706]",22.55242895059564
4210.0,24.0,0.00048399714181630675,0.002848717726994154,1.2813519495308754,2.6779982935215695e-06,1.5762203022493053e-05,"[0.7463376684646182, 1.8163662305971324]",-0.07909298938502918,0.7207729291712609,0.9477398429831227,"[-0.5128035158515122, 0.3546175370814538]",0.30211296538901283
4211.0,24.0,0.0077991400147889,0.021214836957349624,1.0281620538755283,0.0004779774280534674,0.0012999114170613743,"[0.4512156605505413, 1.6051084472005153]",0.19374510655551536,0.5137369045415026,0.8803357696922911,"[-0.387749465925167, 0.7752396790361977]",23.25994820620377
4212.0,24.0,0.0009732751073933134,0.004535298729698571,0.9629426914065818,1.1026171204257095e-05,5.138010812794545e-05,"[0.5336135021808932, 1.3922718806322705]",-0.08246422043155022,0.7270812452431885,0.949440121759191,"[-0.545564299302757, 0.38063585843965647]",0.3149901194376213
4213.0,24.0,0.0011603077956587153,0.00512277172476254,1.129999886949754,1.5706299691633518e-05,6.92212414792134e-05,"[0.6171511438334638, 1.6428486300660443]",0.5232421945695913,0.026654117005413768,0.21807328096627554,"[0.06056929681083356, 0.9859150923283491]",22.001362039199957
4214.0,24.0,0.0027109197583748365,0.009354450511990464,1.0096655016035587,7.674055331659416e-05,0.0002647138782911147,"[0.5092282097570331, 1.5101027934500844]",0.44494748993951205,0.08590874032675531,0.42540732248787405,"[-0.06284822785508193, 0.952743207734106]",22.300425781435088
4215.0,24.0,0.004272764618509811,0.013191616605464066,1.0643965823900658,0.00017105048091240027,0.0005282596692785679,"[0.5093153659106622, 1.6194777988694695]",-0.06548802085559391,0.8127245362056769,0.9657684253025929,"[-0.6072663870064502, 0.4762903452952624]",0.2501458135793497
4216.0,24.0,0.000202393473972869,0.0016388135544361862,1.135493424656011,4.1055268203131917e-07,3.3135809687757804e-06,"[0.6960134017126401, 1.574973447599382]",-0.45237069862191515,0.025286634762074375,0.21125008155450606,"[-0.848719408604214, -0.056021988639616216]",1.7279287870946842
4217.0,24.0,0.012480491429849283,0.031349065919832574,0.9381029500039104,0.001033024304532558,0.002595538453599392,"[0.37777437023174554, 1.4984315297760753]",0.25473019965155785,0.4189438363641962,0.8307712672074292,"[-0.3629734386581339, 0.8724338379612496]",23.02700230969606
4218.0,24.0,0.0008495191182318,0.004131902326030156,1.0128613635567887,8.445800012347819e-06,4.109878351507455e-05,"[0.5671119653631808, 1.4586107617503967]",0.22414692252580704,0.3349302641406894,0.7759432255686499,"[-0.2314700627563151, 0.6797639078079292]",23.14382182322836
4219.0,24.0,0.002340841345436795,0.008438505210658958,1.2038339698769738,5.834207488205324e-05,0.00021039334613073653,"[0.6168158478136524, 1.790852091940295]",0.10122920164696048,0.6951831006730954,0.9388952763058601,"[-0.40512582884659143, 0.6075842321405124]",23.61333293214336
4220.0,24.0,0.0007702951887558642,0.0038551469454241186,1.0457040244273987,6.925503316583511e-06,3.4696910403725004e-05,"[0.5898414692944616, 1.501566579560336]",0.017703453958066717,0.9389486631279218,0.9892015094756179,"[-0.4353260993715555, 0.4707330072876889]",23.932377787026574
4221.0,24.0,0.4800152949516288,0.7425817890315689,0.32147080660029564,0.21815539208074997,0.3374928714120513,"[-0.1901799129935559, 0.8331215261941471]",0.4752841742540337,0.5670870311133385,0.8991207905304154,"[-1.1522951518777715, 2.1028635003858387]",22.1845481830589
4222.0,24.0,0.0028674731917158786,0.009766598064427378,1.1955435590919383,8.43270585922786e-05,0.00028751128057374225,"[0.5995703241180818, 1.791516794065795]",0.07664796281553965,0.7717275140126505,0.9589249382121035,"[-0.44116994103119345, 0.5944658666622727]",23.707226348159594
4223.0,24.0,0.0009898586830110261,0.004589052772420149,1.0596200036780765,1.1476089458528262e-05,5.317928386713745e-05,"[0.5862509463092662, 1.5329890610468868]",-0.3830400844984938,0.10214017964346678,0.4651192151341839,"[-0.8423332743783464, 0.07625310538135877]",1.4631053484065415
4224.0,24.0,2.0450284423502853e-05,0.00044070996318830403,1.3598784415872458,1.3819572895647026e-09,3.004254977314571e-08,"[0.9198812052973925, 1.799875677877099]",0.29990680262851743,0.07842197341181864,0.4075986144065418,"[-0.034090036375530486, 0.6339036416325654]",22.854440397474864
4225.0,24.0,0.00021681950356210414,0.0017073765434603937,1.2385947126439616,4.735067766772691e-07,3.731337877677455e-06,"[0.7566168795481558, 1.7205725457397674]",0.09370242019060537,0.6495080142252604,0.9299133911664488,"[-0.3104236167314084, 0.49782845711261914]",23.642083119527793
4226.0,24.0,0.00214891147795873,0.007976657304969303,1.0846176978481543,5.0018963172945245e-05,0.0001857369594242304,"[0.5604427454903758, 1.6087926502059329]",0.2874896465326575,0.25894810435353766,0.7076268546120582,"[-0.21165015027313488, 0.78662944333845]",22.90187043999806
4227.0,24.0,0.0002808938654191785,0.001998148751960919,1.153733083999272,8.499336373990608e-07,6.040750798856154e-06,"[0.694454554369932, 1.6130116136286121]",-0.5240042641803608,0.011377780050105,0.12760458780301032,"[-0.9298041357701748, -0.11820439259054683]",2.0015488522928595
4228.0,24.0,0.009645635948751084,0.02527020159484172,0.7979032017957488,0.0006783002879120161,0.0017775164777568556,"[0.33770071663479023, 1.2581056869567073]",-0.040947752580155594,0.8934711610589002,0.9795465253756226,"[-0.6402619466661179, 0.5583664415058067]",0.1564088935592562
4229.0,24.0,0.009929209804170317,0.025891029476324164,0.9005357039108274,0.0007112805799902704,0.0018551919144242839,"[0.3791423263018946, 1.4219290815197603]",0.040345733609144396,0.8954281729219153,0.9799823477491091,"[-0.561273929265134, 0.6419653964834228]",23.84589064952246
4230.0,24.0,0.0003381160467555666,0.0022376971989117576,1.0441463950208325,1.2658621791469409e-06,8.37764513002608e-06,"[0.6217578577616205, 1.4665349322800445]",-0.4366466560005975,0.03902367349453027,0.27738946742713316,"[-0.8512967385024388, -0.02199657349875611]",1.667867368488996
4231.0,24.0,4.313554899051904e-05,0.00067399295297686,1.4138203809213032,9.974346591586655e-09,1.5609306090119962e-07,"[0.9303170684772725, 1.8973236933653341]",0.28030648618086484,0.11995133549220534,0.5042854342245806,"[-0.07300440109414985, 0.6336173734558795]",22.929308091446288
4232.0,24.0,0.03477520309384977,0.07720959834336094,0.6706268753038058,0.005073744311615953,0.011264974048880891,"[0.20158434106387318, 1.1396694095437385]",-0.27773504591095133,0.4512882156724961,0.8506966171255329,"[-1.0003860588795312, 0.4449159670576287]",1.0608697302379775
4233.0,24.0,0.001022350626269141,0.004693988183053907,1.2876755804976725,1.2279416846296615e-05,5.6327600212369794e-05,"[0.7104865251052634, 1.8648646358900816]",-0.5368906942132776,0.021170687133508607,0.19005285381269085,"[-0.9934286356663223, -0.0803527527602329]",2.050771389217977
4234.0,24.0,0.03881575175083999,0.08534685961046612,0.5977957228768188,0.005974813851783414,0.013140122832160575,"[0.17160811919651725, 1.0239833265571203]",-0.18429176679785186,0.6249941904618717,0.9195245607783346,"[-0.9232782521556776, 0.5546947185599739]",0.7039426957684071
4235.0,24.0,0.00015884504187107943,0.0014152571625260367,1.2345741310690306,2.3442323025909657e-07,2.0893336030222512e-06,"[0.7665192436227837, 1.7026290185152775]",-0.1382753881615999,0.4909052695985743,0.8697731756428894,"[-0.5316949003504498, 0.25514412402724995]",0.5281730768128601
4236.0,24.0,1.718880116208349e-05,0.000415188433866751,1.5880859670946368,8.525322627524706e-10,2.0592566733151464e-08,"[1.0807216127336892, 2.0954503214555844]",0.21916716042446183,0.19411035546182087,0.6263102864981096,"[-0.11164124282956922, 0.5499755636784929]",23.16284311332078
4237.0,24.0,8.876313289429668e-06,0.0003071388681463553,1.2412920516957837,1.2797504374833828e-10,4.443577907928412e-09,"[0.8629009553590317, 1.6196831480325358]",-0.030164908799611645,0.8519439120307548,0.9708072590103425,"[-0.3469380697622462, 0.28660825216302294]",0.1152214642409857
4238.0,24.0,0.00687466767659376,0.01916186370109473,0.8844905589755185,0.00038647996468025393,0.0010777066130659913,"[0.3960438397031298, 1.3729372782479072]",0.07041619074170224,0.809884584945291,0.9652974790766282,"[-0.5032645313730819, 0.6440969128564864]",23.731029964074153
4239.0,24.0,3.060525404361292e-05,0.0005528036331550792,1.3950386535426151,4.052231342359942e-09,7.327723946401342e-08,"[0.9301961419999163, 1.859881165085314]",-0.008586238278335934,0.9612393408718123,0.9938808419181301,"[-0.35486751424158425, 0.3376950376849124]",0.032797014349488215
4240.0,24.0,0.16728073767850613,0.3242503153295331,0.6416400045263733,0.048928595485912316,0.09482285946882231,"[0.003013776295063053, 1.2802662327576835]",-0.667382506992281,0.1927622392773528,0.6244437368203832,"[-1.6716779640636068, 0.33691295007904487]",2.54921339810119
4241.0,24.0,0.014735067732458822,0.03616855113514684,0.9888587675852186,0.0013479604628447491,0.003307888188333222,"[0.38424598721932646, 1.5934715479511108]",0.28830737361747616,0.3708641780428942,0.8033183663564902,"[-0.3431598079199114, 0.9197745551548637]",22.89874695261448
4242.0,24.0,0.10396196014147994,0.2101090544492319,0.7218313521683449,0.024976354970334718,0.05047767778968213,"[0.09073870456358057, 1.3529239997731093]",-0.2300705914627983,0.618281729397194,0.9174210890671123,"[-1.1350310296188457, 0.6748898466932493]",0.8788049253931287
4243.0,24.0,0.0039921494815582685,0.012534221292176666,1.2363808157697136,0.00015191130160041184,0.00047697416796702914,"[0.596647317280428, 1.876114314258999]",-0.09922558927366598,0.7173938783752607,0.9465980671013572,"[-0.6365423596562317, 0.4380911811088998]",0.37901383233864216
4244.0,24.0,0.024199356338103613,0.05610794421076655,1.0490427561457365,0.002931464532948696,0.006796810880938317,"[0.3578830048484607, 1.7402025074430123]",0.4122558523639821,0.23217429676735601,0.6737501357149043,"[-0.2640267045123814, 1.0885384092403456]",22.42529863866503
4245.0,24.0,0.0009183188473873607,0.004360488354166005,1.310702991817456,9.834630715842065e-06,4.6711109569884206e-05,"[0.729599206074486, 1.891806777560426]",-0.10617967614252333,0.6512198478232211,0.9299133911664488,"[-0.5665268951674886, 0.3541675428824419]",0.40557648753550024
4246.0,24.0,0.054257777228621094,0.11546664658144519,0.7089096835714237,0.00979301271834162,0.020849505468046883,"[0.1710046684260872, 1.24681469871676]",0.13784880932682064,0.7315021124778204,0.9512605204558294,"[-0.649550190585998, 0.9252478092396393]",23.473456334311305
4247.0,24.0,8.703996509725202e-06,0.0003071388681463553,1.4045927330738452,1.210363279749034e-10,4.2920683679043756e-09,"[0.9769848507757768, 1.8322006153719137]",0.13286984707277316,0.40980230002420426,0.8261870702682022,"[-0.18308134751693916, 0.4488210416624855]",23.492474569212096
4248.0,24.0,0.0020411111698242146,0.00768780101628706,0.9004765103038134,4.530943693597038e-05,0.000170657012941508,"[0.4677531844856559, 1.3331998361219708]",-0.018991616214481866,0.9405830497563852,0.9892015094756179,"[-0.5183791880577961, 0.4803959556288324]",0.07254263034813548
4249.0,24.0,0.002533104496618662,0.008931962258881036,1.0059170675212894,6.757007306104378e-05,0.0002382583676341459,"[0.5111321911363205, 1.5007019439062583]",0.26849226561842965,0.30063845015080204,0.7497338507744368,"[-0.239915471969254, 0.7769000032061133]",22.974435089877236
4250.0,24.0,0.010768590426869895,0.02765431542596275,0.9094826633398565,0.0008123876972856107,0.002086255000733463,"[0.37714508986584216, 1.4418202368138708]",-0.12332678979723344,0.6907489662677825,0.9373185088522442,"[-0.7308995717042103, 0.4842459921097434]",0.47107363708523586
4251.0,24.0,0.0003516140977951108,0.0022996343871491878,1.1933623853707702,1.3651579166112294e-06,8.92843634147305e-06,"[0.7091108105007454, 1.677613960240795]",-0.17549911084881042,0.41359488197579275,0.8280177817333189,"[-0.5962167636915523, 0.2452185419939314]",0.6703572239956958
4252.0,24.0,0.0006438981633222904,0.0034276239974082062,1.277088979960415,4.878928699592956e-06,2.592416949836852e-05,"[0.7293672966826965, 1.8248106632381336]",-0.5191610193498954,0.01998407842290691,0.18418505458900378,"[-0.9565015546222556, -0.08182048407753528]",1.9830490197639117
4253.0,24.0,1.5478385473264053e-05,0.00039185786008263425,1.1994650498035748,6.346112659256231e-10,1.606610799811704e-08,"[0.8191567222768112, 1.5797733773303384]",-0.1535985672713629,0.36003994815940676,0.7960482154681727,"[-0.4825085289032293, 0.17531139436050353]",0.5867033095936901
4254.0,24.0,0.00453589285088418,0.013799491484284087,0.8836139097415394,0.00018978369402420834,0.0005777281401041349,"[0.4195893792234338, 1.347638440259645]",-0.025842170155000233,0.9260520676981211,0.9889492393187965,"[-0.5715597392424769, 0.5198753989324765]",0.09870981888936332
4255.0,24.0,0.0006668835392763108,0.0035173182451282217,1.4115658142685845,5.200745841388973e-06,2.7430094100152814e-05,"[0.8043882729902011, 2.018743355546968]",-0.2805411361404957,0.21596787035449594,0.6543800934802351,"[-0.7249290080793297, 0.1638467357983383]",1.07158820537703
4256.0,24.0,0.0030364870324118727,0.010189553800039842,0.9834419105805099,9.359743814672775e-05,0.0003140853629084824,"[0.4900454860596866, 1.4768383351013332]",-0.1889478092004513,0.4763317981704358,0.8621390012134584,"[-0.7089186405395453, 0.33102302213864276]",0.721727467695267
4257.0,24.0,0.025185464202827506,0.05811136179701778,0.6850009237423349,0.003108883460800971,0.007173861376316901,"[0.23093079452168164, 1.1390710529629882]",0.22410446135803053,0.5221466522670559,0.8833474069819929,"[-0.4621600436192571, 0.9103689663353182]",23.14398401294215
4258.0,24.0,0.1619469976978691,0.3150719799569438,0.576340466269609,0.04666005424125222,0.0907606579289092,"[0.008520056932490583, 1.1441608756067274]",0.3107619687621792,0.5490506398124041,0.8928806760019607,"[-0.7057587503364022, 1.3272826878607606]",22.81297671711672
4259.0,24.0,8.609514647354313e-06,0.0003071226038972288,1.3025740413329077,1.1780206646115297e-10,4.192244358048149e-09,"[0.9062773156875865, 1.6988707669782288]",-0.2513935748122549,0.11739044394669843,0.49953380402850395,"[-0.5660669882830769, 0.06327983865856718]",0.9602527222299014
4260.0,24.0,0.004958982672805201,0.014783826247775465,0.9188866181639991,0.00022148496280351712,0.0006605575985789356,"[0.4312324421999002, 1.406540794128098]",-0.04191844879954676,0.8815634106344592,0.9767995571081434,"[-0.5933646437868202, 0.5095277461877267]",0.16011667999661744
4261.0,24.0,0.07105368278918743,0.1480593515090382,0.7360462750595925,0.01455239399415218,0.03031748748781704,"[0.1456128284889745, 1.3264797216302107]",-0.8687184688547331,0.03266709126914446,0.24974840419835215,"[-1.6657860679328875, -0.07165086977657886]",3.3182601233628843
4262.0,24.0,0.010501153220187104,0.027050884132372756,0.8592680170915088,0.0007845433671467308,0.002020456778642109,"[0.35776757057115094, 1.3607684636118667]",0.5149780293341077,0.08998414593415749,0.4357585759523365,"[-0.08033279051025433, 1.11028884917847]",22.032928825146087
4263.0,24.0,0.0010960013764157975,0.004914804378546177,1.0158444480624707,1.3931484835146173e-05,6.258528677064769e-05,"[0.5576058222153633, 1.474083073909578]",-0.17759490490777008,0.45669676727097375,0.8520462075951002,"[-0.6452571149292441, 0.2900673051137039]",0.6783625676161611
4264.0,24.0,0.0003763490276459896,0.0024017168324568577,0.9799858969787972,1.5753730790803727e-06,1.006628165546564e-05,"[0.5799514417789119, 1.3800203521786827]",-0.03843508626985859,0.8590393925437158,0.9718046448331139,"[-0.4626051859770327, 0.38573501343731553]",0.14681121523227436
4265.0,24.0,0.0002451202584593253,0.001826529496716284,1.2065560820093642,6.215296845744568e-07,4.631368737514581e-06,"[0.7321149493085075, 1.6809972147102208]",0.056248699135243996,0.7872769957671261,0.9612244673572549,"[-0.3522972953027069, 0.4647946935731949]",23.78514579576329
4266.0,24.0,0.00019931448713081038,0.001624404948091364,1.0341860845318764,3.919972807094388e-07,3.1967971207490064e-06,"[0.6346106842160323, 1.4337614848477207]",-0.06844477850888975,0.7382132423320367,0.9523631024368666,"[-0.4698245149221666, 0.3329349579043871]",0.2614397958844735
4267.0,24.0,0.0036889006337221747,0.011793160593740967,0.8269328512455659,0.0001321326415285412,0.0004224189307178427,"[0.402922361981646, 1.2509433405094859]",0.0290512164262946,0.9148986337522453,0.986565242976216,"[-0.5037804217524369, 0.5618828546050261]",23.889032527270146
4268.0,24.0,0.012745673093251645,0.031950344076425316,0.8863785059743083,0.0010663663888561743,0.0026732674576489704,"[0.35549377169130425, 1.4172632402573124]",0.0005353642784236001,0.9986549313592386,0.9998296237857246,"[-0.621898036062559, 0.6229687646194062]",23.997955059089616
4269.0,24.0,0.055053096293307804,0.11700976895495814,0.8076480462450445,0.010018423334585644,0.021293142050128895,"[0.19295189551415248, 1.4223441969759365]",0.31308563022814795,0.43450325250137356,0.8414139416464067,"[-0.4721089726249763, 1.0982802330812722]",22.804100984115575
4270.0,24.0,0.0482480300429938,0.10396041810599828,0.5401701646658693,0.00826851003825585,0.017816225033949255,"[0.13927941093717205, 0.9410609183945666]",0.4409528886775771,0.2557965188567417,0.7048644437930052,"[-0.31957605718517235, 1.2014818345403264]",22.31568403431152
4271.0,24.0,7.576874941702837e-08,6.244413681273863e-05,1.4300114424946848,3.3944492408398377e-18,2.828707700699865e-15,"[1.107759167570901, 1.7522637174184685]",0.21870923373369866,0.066202096124552,0.37439569128623457,"[-0.014633114013504062, 0.4520515814809014]",23.16459226443459
4272.0,24.0,0.039795183279427916,0.08730457319132696,0.8053770560411708,0.006207957972114975,0.01361692908996485,"[0.22856067948904102, 1.3821934325933007]",0.29925627046076464,0.42759156403786136,0.836119601169068,"[-0.4400818418636776, 1.0385943827852069]",22.85692524731818
4273.0,24.0,0.0024888155891557655,0.008834986116988873,1.0204893870465548,6.55314922115482e-05,0.00023265797135020008,"[0.5194507525899233, 1.5215280215031863]",0.33209450612475333,0.19839207126764358,0.6322245738293294,"[-0.17398583877967044, 0.8381748510291771]",22.73149242663801
4274.0,24.0,0.0007926735969426791,0.00393777246369935,0.9443464007228518,7.33450261463792e-06,3.645379033120239e-05,"[0.5315473227737035, 1.357145478672]",0.016768019530794653,0.9423258317665635,0.9898324486779057,"[-0.4374975914247582, 0.4710336304863475]",23.9359508833395
4275.0,24.0,0.02911137841694443,0.06608712466956738,0.6892510206237994,0.003872630106704016,0.008797433227405761,"[0.22154280658668407, 1.1569592346609148]",0.030456416804679698,0.9325363151335758,0.9892015094756179,"[-0.6746885859410893, 0.7356014195504487]",23.883665057200037
4276.0,24.0,0.004017245048514356,0.012585354162012393,0.964510130686274,0.00015352944428847682,0.00048098196832229584,"[0.4651018618695471, 1.463918399503001]",0.02921558123646406,0.9152477445228867,0.986565242976216,"[-0.5088463475484627, 0.5672775100213908]",23.888404699941933
4277.0,24.0,0.00023605417147684992,0.0017884777861289715,1.2211074341796697,5.725628414553111e-07,4.3408858336263165e-06,"[0.7424659642181208, 1.6997489041412186]",0.1450783350330349,0.4844470422154784,0.8677556500702994,"[-0.2616169212800129, 0.5517735913460827]",23.44584158025481
4278.0,24.0,0.0033416827774508415,0.01095633697524866,1.1262415299180661,0.00011101763064868267,0.0003639922316350252,"[0.5551411402475112, 1.697341919588621]",0.16219507795180732,0.5455398939457202,0.8915641805484744,"[-0.36372578416012513, 0.6881159400637398]",23.38046043837107
4279.0,24.0,0.00012222407502292634,0.001205365631389806,1.0927723226295574,1.2817920668584354e-07,1.2640947404915536e-06,"[0.6872393039161553, 1.4983053413429595]",0.26461443035025933,0.1764106026125415,0.6027010680305482,"[-0.1190224542291724, 0.6482513149296911]",22.989247329511443
4280.0,24.0,0.0012079825889744606,0.005277337653885804,0.9795982732588603,1.690618994310579e-05,7.379393253210734e-05,"[0.5333268566897016, 1.425869689828019]",-0.3694085688698969,0.12241187535069493,0.5079198313533696,"[-0.8381170503049334, 0.09929991256513959]",1.4110367941475268
4281.0,24.0,0.00044156268784535045,0.0026696655855220704,1.1685436751872371,2.2130368481862508e-06,1.3379908392903572e-05,"[0.6846353260963078, 1.6524520242781664]",-0.16588315736125914,0.4490116288992039,0.849596270386384,"[-0.5953383840370897, 0.26357206931457144]",0.6336269872736429
4282.0,24.0,0.05714020766256816,0.12100848721424853,0.668037736950952,0.010571464744979919,0.022387684762769842,"[0.1558913551484019, 1.1801841187535023]",-0.25592932902416,0.5269210853262549,0.8839273529919359,"[-1.0487252336957806, 0.5368665756474607]",0.9775780271132914
4283.0,24.0,0.0016482783565410365,0.006579953519125894,1.0594488930797135,3.0471092441201165e-05,0.00012164108758962541,"[0.5614817159226231, 1.5574160702368038]",-0.22493520035706727,0.36492601188122786,0.7992247303574854,"[-0.711531055516897, 0.2616606548027625]",0.8591891762926348
4284.0,24.0,3.1166103232688165e-05,0.0005555455121691295,1.4296335451727251,4.255619588788537e-09,7.585774668072259e-08,"[0.9526060139021046, 1.9066610764433456]",-0.09913708514589459,0.574957328820128,0.9020009203830158,"[-0.4456367822568135, 0.24736261196502435]",0.3786757714725897
4285.0,24.0,0.00016700897885157966,0.0014560503823154286,1.263256670034731,2.637536896727826e-07,2.301515616690948e-06,"[0.7822737021150061, 1.7442396379544558]",0.2526664873578861,0.2085430721638154,0.6458441380111967,"[-0.1411188326923124, 0.6464518074080846]",23.034885109999838
4286.0,24.0,0.000449953547647315,0.002707379908567885,1.255517298475833,2.30375285343663e-06,1.386967401226147e-05,"[0.7346944047093857, 1.7763401922422801]",0.19434486669012596,0.3755560787592813,0.8058196345601851,"[-0.23551960066979882, 0.6242093340500507]",23.257657291241543
4287.0,24.0,0.002900325769310134,0.009851650031624096,0.9917553812038459,8.648442220108327e-05,0.0002937650210634622,"[0.49660449304212156, 1.4869062693655701]",-0.35057092903808407,0.18143113004202482,0.6112323308967923,"[-0.8647329826655443, 0.1635911245893762]",1.3390823102574996
4288.0,24.0,9.090776306454917e-05,0.0010076592585816402,1.1083139042804684,6.329270113738279e-08,7.015450120413136e-07,"[0.7067315629268482, 1.5098962456340885]",0.17883947153238466,0.35074816750493054,0.789522443778543,"[-0.19679470076080785, 0.5544736438255772]",23.316883538056288
4289.0,24.0,0.032096182506713776,0.07201297398858823,0.8383790440817125,0.0044958842030688876,0.010087242995442872,"[0.26001315930546376, 1.4167449288579612]",0.2506348299353425,0.4911687888552192,0.8697731756428894,"[-0.4629020928950329, 0.9641717527657179]",23.042645469715048
4290.0,24.0,0.005042467692752345,0.014993956862183602,0.9453340755170722,0.00022833145023545956,0.0006789516807477239,"[0.4425897717567481, 1.4480783792773964]",0.20662268781330617,0.4622642291264112,0.8551096307134424,"[-0.34426839004974297, 0.7575137656763553]",23.21075946910989
4291.0,24.0,3.4328819753155e-06,0.00020932207166557925,1.3064383767903784,7.070662945332249e-12,4.3113798447147857e-10,"[0.9329713216379155, 1.6799054319428413]",-0.46686559000713324,0.001756892738193215,0.03886930836710653,"[-0.7593488886979273, -0.1743822913163392]",1.7832951938195865
4292.0,24.0,7.4121181370286795e-06,0.0002840664501892035,1.4407254590040095,7.492457740848188e-11,2.880580572073407e-09,"[1.0069967967440796, 1.8744541212639394]",0.009028802821882564,0.9548933317235122,0.9927158038502051,"[-0.30382831678756467, 0.3218859224313298]",23.965512513616687
4293.0,24.0,4.727589104796459e-05,0.0007077229198797094,1.00420584927723,1.2797978561841931e-08,1.9158650541679538e-07,"[0.6582228848299673, 1.3501888137244924]",0.6225659004753261,0.00046823416209702535,0.016035416510172103,"[0.27376598314485173, 0.9713658178058004]",21.621973428933476
4294.0,24.0,0.052811368666352186,0.11282069785591152,0.8236279625299068,0.00941324728991811,0.02010947936320895,"[0.2019542387733908, 1.4453016862864227]",0.13621799055869221,0.733220706207178,0.9517402728545925,"[-0.647078838549823, 0.9195148196672074]",23.479685603148937
4295.0,24.0,3.670645510023938e-05,0.0006117742516706564,1.5123857344445513,6.534999886631054e-09,1.0891666477718424e-07,"[1.0015294947427305, 2.023241974146372]",0.1093016572115344,0.541307873667339,0.8901534294097935,"[-0.2414097629470216, 0.4600130773700904]",23.58249842319956
4296.0,24.0,0.04102441686865258,0.08978861210035584,0.6094239242537279,0.006491371192292869,0.014207422176171743,"[0.17058994963249213, 1.0482578988749638]",-0.24444687495350514,0.5201392270803631,0.8827889122205755,"[-0.9894074132030942, 0.5005136632960839]",0.9337182833332024
4297.0,24.0,0.00014142718519352042,0.0013329612176580623,1.190191041677287,1.79477210125288e-07,1.691585392321282e-06,"[0.7432585671208651, 1.6371235162337088]",0.15908440592785666,0.42340323904039856,0.8330768809375543,"[-0.23040672632296966, 0.548575538178683]",23.392342330265855
4298.0,24.0,2.8642268961664638e-06,0.0001975328893907906,1.4106686187748858,3.8592332215912826e-12,2.661540152821574e-10,"[1.0124025555790344, 1.8089346819707373]",-0.12387332581208721,0.4074047387081081,0.8248729271271676,"[-0.4169285287788856, 0.16918187715471117]",0.4731612508854372
4299.0,24.0,0.004130039974093657,0.012845601831724094,0.9928767627001248,0.0001614500757339631,0.0005023337763968983,"[0.4770736107899517, 1.508679914610298]",-0.20727739487132268,0.4502809519010087,0.8504782689258926,"[-0.7454030907667301, 0.3308483010240847]",0.7917413276395604
4300.0,24.0,0.0016818688987033114,0.006676732428357726,0.9526882968135257,3.163330611651539e-05,0.00012562869784160202,"[0.5039824169314215, 1.40139417669563]",0.19831664934322646,0.4257444476990184,0.8351205329521741,"[-0.2896883559039735, 0.6863216545904265]",23.24248619903048
4301.0,24.0,0.0002986445165139616,0.002076804704547716,1.5274348320469364,9.589315629526833e-07,6.668508782702944e-06,"[0.9164576873598094, 2.1384119767340635]",-0.12839069824649574,0.5444375342182566,0.8913963247933143,"[-0.5435604412796251, 0.2867790447866336]",0.4904163425507937
4302.0,24.0,0.008303424614638007,0.022305273090842407,0.7051225828763867,0.0005319200699276035,0.001429124314689961,"[0.30617423043189373, 1.1040709353208797]",-0.35922177785197995,0.2267121882891131,0.666800553791509,"[-0.9416341381526074, 0.22319058244864753]",1.3721261186736322
4303.0,24.0,0.0007100099723899828,0.0036788081470983565,1.015045382856551,5.879069434588152e-06,3.050892285722964e-05,"[0.5759397823640724, 1.4541509833490298]",-0.06264793547742098,0.7846946917613876,0.9608848990282411,"[-0.5120802106498181, 0.3867843396949761]",0.23929748653760802
4304.0,24.0,0.00943042798526082,0.024823448237064543,1.005226104814703,0.0006536848319864242,0.001720676051556789,"[0.4271649739861544, 1.583287235643252]",0.06195214180499953,0.8389468695388991,0.9708072590103425,"[-0.5354869607798366, 0.6593912443898357]",23.763360249518502
4305.0,24.0,0.0007410303272525806,0.0037711467035754734,0.8583542004900337,6.409313578139289e-06,3.261737189892768e-05,"[0.48552884708681915, 1.2311795538932484]",0.07858891908291898,0.7328016952220806,0.9515113229213481,"[-0.37258560794823, 0.5297634461140679]",23.699812441336906
4306.0,24.0,3.755400626243075e-07,0.00010729716074980214,1.5102022451964214,2.7683202146760266e-15,7.90948632764579e-13,"[1.1355701025508678, 1.884834387841975]",0.20474894219151274,0.11838133533971718,0.5019504201218639,"[-0.052230793971451805, 0.4617286783544773]",23.217916650177216
4307.0,24.0,0.0022381403231944612,0.008213347828646274,1.0461764886412035,5.422474337939938e-05,0.0001984800270109787,"[0.5382109806792216, 1.5541419966031853]",0.5273678370661674,0.036729161804279715,0.2661239750160832,"[0.032518726652076224, 1.0222169474802585]",21.985603245677716
4308.0,24.0,0.002017292136558606,0.007630905566400434,1.0900000002634425,4.4334107746321196e-05,0.0001680595441482987,"[0.5668499710831228, 1.6131500294437622]",0.008759942389549025,0.9725403765637293,0.9946639642340541,"[-0.49002009826721393, 0.507539983046312]",23.966539484820075
4309.0,24.0,0.009239476918974142,0.02442367676176088,0.9648205552895549,0.0006339616906858588,0.0016753744468442357,"[0.4113508665215413, 1.5182902440575685]",0.3102345544871392,0.3042802627135178,0.7514276816848787,"[-0.2816566765443378, 0.9021257855186162]",22.814991291251037
4310.0,24.0,0.004311810644694207,0.013299847762782872,0.8660802696325088,0.00017390892818514034,0.0005367559511887047,"[0.41392146839874744, 1.3182390708662703]",0.14330468333761548,0.6041116775796562,0.9122797909689765,"[-0.3983997337843991, 0.68500910045963]",23.452616430686394
4311.0,24.0,0.0013812488317915758,0.005776866715983169,0.9453040600734167,2.1732218291753005e-05,9.089175362506484e-05,"[0.5089810080879451, 1.3816271120588883]",-0.010416605951994562,0.9660501082256907,0.9940815958765544,"[-0.49008917454701006, 0.46925596264302094]",0.03978850386000943
4312.0,24.0,6.757988390960892e-06,0.00027360276886481346,1.2498665395228987,5.7029809148654737e-11,2.3088991558159812e-09,"[0.8759430356479891, 1.6237900433978083]",-0.19577066794346276,0.21581129922883935,0.6542767589910653,"[-0.5057731479314711, 0.11423181204454558]",0.7477888683744998
4313.0,24.0,0.001568377446198507,0.0063164617245207695,0.6189904934646767,2.7795419314322143e-05,0.00011194288890182096,"[0.32950048607383936, 0.9084805008555141]",-0.3041416650022706,0.21683538017102078,0.6556789944347111,"[-0.786824283199174, 0.1785409531946328]",1.161735585247456
4314.0,24.0,0.0049595193444774465,0.014783826247775465,1.026292495557047,0.0002216778657111926,0.0006607387949662968,"[0.48160525918116215, 1.5709797319329317]",0.1344308609460514,0.632389887237726,0.9223220313219056,"[-0.41636030871229535, 0.6852220306043981]",23.48651193543208
4315.0,24.0,0.0013548162119309784,0.005694897906393352,1.0878487653261317,2.096622665049837e-05,8.813041887557112e-05,"[0.5866800464651363, 1.5890174841871272]",0.14084380284420384,0.5636324496898526,0.897274934025387,"[-0.33720038745343306, 0.6188879931418407]",23.46201630176363
4316.0,24.0,6.468309972087787e-05,0.000845530715305593,0.9948112089027278,2.7503902711574053e-08,3.6047054667855896e-07,"[0.6439158810223812, 1.3457065367830743]",0.018514427999638094,0.9211408276402693,0.9877126609910672,"[-0.3480390345664046, 0.3850678905656808]",23.929280094368128
4317.0,24.0,0.0012198964828753827,0.005310824914564139,0.9584956600287234,1.711813633240087e-05,7.452408662697378e-05,"[0.5215575156940654, 1.3954338043633814]",0.01967329128953299,0.9351280270987559,0.9892015094756179,"[-0.4540543648557118, 0.4934009474347778]",23.92485356266522
4318.0,24.0,0.0014766276188201764,0.006051752536148264,0.9951335853484314,2.469773937884034e-05,0.00010125277995620864,"[0.5326782122405855, 1.4575889584562773]",0.10742140463189909,0.6625914194787976,0.93180039273632,"[-0.37509907394981895, 0.5899418832136172]",23.589680459015007
4319.0,24.0,2.0048207164617534e-05,0.0004406199376839019,1.2907853977181134,1.2971916974066941e-09,2.8572504348165066e-08,"[0.8738441515472708, 1.707726643888956]",0.0012482133405633533,0.9941851236266133,0.999042938587908,"[-0.33443733287196653, 0.33693375955309324]",23.995232176243587
4320.0,24.0,2.075027750140316e-05,0.00044070996318830403,1.4214939733295835,1.4257224855686804e-09,3.0481690204080884e-08,"[0.961179265659315, 1.881808680999852]",-0.04425442567000637,0.7965769963397284,0.9628316126547152,"[-0.380732078619882, 0.29222322727986927]",0.16903945437778503
4321.0,24.0,0.11254954827123943,0.22586704449375763,0.6160877791069701,0.02802296620393285,0.05621457613627452,"[0.06646135621732097, 1.1657142019966193]",-0.5821393977671745,0.20780105240306823,0.6441496727530771,"[-1.487935303586745, 0.3236565080523961]",2.2236087053564373
4322.0,24.0,0.004033326835058025,0.012612028877604832,1.0689849383837475,0.0001548430960903428,0.00048430879141195054,"[0.5151711920987825, 1.6227986846687126]",-0.19007663273047726,0.4877749215133793,0.8691641509504264,"[-0.7269969891329274, 0.3468437236719729]",0.7260392559676367
4323.0,24.0,0.008189452066021627,0.02205022096397853,1.0305030324048015,0.0005206795623616452,0.0014019374323146075,"[0.44842370601337156, 1.6125823587962314]",-0.44154794034766187,0.1348722905485635,0.5283995738321321,"[-1.0203603579923777, 0.13726447729705382]",1.6865888956410173
4324.0,24.0,1.1774242010015524e-05,0.0003432723618080328,1.6863333944350387,2.9526394080996605e-10,8.608278157724959e-09,"[1.1618096476550361, 2.2108571412150413]",-0.37760295383065223,0.020687369296403194,0.1882381191665441,"[-0.697483124800564, -0.05772278286074056]",1.442337039077977
4325.0,24.0,9.582352293092463e-06,0.00031654580565828786,1.2655985530090461,1.6234148873762586e-10,5.36639717621739e-09,"[0.8776100460592835, 1.6535870599588087]",0.35692953871664734,0.026653399438265835,0.21807328096627554,"[0.041318825130602144, 0.6725402523026925]",22.636629589865652
4326.0,24.0,0.003274187615518676,0.010766812283849642,0.861337191965768,0.0001069552646846712,0.0003518265285679974,"[0.4255905179446114, 1.2970838659869246]",-0.07492437918861228,0.7799084742567429,0.9596511311144862,"[-0.6004395982061523, 0.4505908398289278]",0.28619004734302017
4327.0,24.0,0.03766137012126813,0.08310099320668166,0.5316080893365742,0.005719550298946608,0.012623152281939104,"[0.15456625540859575, 0.9086499232645526]",0.317197897086519,0.39542998717148803,0.8172334993625746,"[-0.4143720753135063, 1.0487678694865443]",22.788393281767828
4328.0,24.0,1.2873442419230922e-05,0.00035670343012895637,1.2250828188756189,3.7976369373638e-10,1.0521870824990132e-08,"[0.8416478363070496, 1.608517801444188]",-0.31565409922831034,0.05533742073321867,0.3413782895325026,"[-0.6385144614357392, 0.007206262979118472]",1.2057098447857253
4329.0,24.0,0.0007233125116961271,0.003707393704234378,1.323204650561942,6.132964456294482e-06,3.1418875288393865e-05,"[0.7496586058177847, 1.8967506953060993]",0.3006693564548941,0.18780596829568985,0.6198216775435309,"[-0.14675472650890975, 0.748093439418698]",22.851527656414667
4330.0,24.0,0.014842439264872172,0.036387446101672404,0.7964548723406973,0.0013681615636302882,0.0033541592636192404,"[0.30883103161978653, 1.284078713061608]",0.4970479867040707,0.1191941111829358,0.5035661646934338,"[-0.12817211378977778, 1.1222680871979192]",22.10141654309214
4331.0,24.0,0.0028332607512332342,0.009678442568487575,1.0868813547777556,8.254108733362726e-05,0.00028199893178553896,"[0.5457834158632247, 1.6279792936922866]",-0.10350044498567357,0.6947541409348139,0.938856947209208,"[-0.6204504069708823, 0.41344951699953514]",0.3953425783603373
4332.0,24.0,2.5616181452351074e-06,0.00019127600552403012,1.5930756060368392,2.673897336057744e-12,2.0256798000437457e-10,"[1.1466321984313543, 2.039519013642324]",-0.055966439027538506,0.7063688888489262,0.9429567332117558,"[-0.3471301327338611, 0.2351972546787841]",0.2137760500436141
4333.0,24.0,0.15583282453788846,0.3040640478788068,0.5319515548184519,0.04416045539686503,0.08618355854189116,"[0.013903143053045075, 1.0499999665838589]",-0.08183101705510776,0.8740196319005469,0.9754479263760243,"[-1.0933792802129596, 0.9297172461027441]",0.3125714607013822
4334.0,24.0,3.538877490569348e-05,0.0006025385474055317,1.241886975034691,5.984941442654812e-09,1.0195811656992865e-07,"[0.8234617936921703, 1.6603121563772119]",0.30683546032684283,0.08369333743872225,0.42099264305192274,"[-0.04085768231158998, 0.6545286029652757]",22.82797487455454
4335.0,24.0,0.13497182101899557,0.2668482028845306,0.47912413120980646,0.036083357313249846,0.07133918013691151,"[0.03109362927033693, 0.9271546331492759]",-0.014019470984743876,0.9774421829004248,0.9958656983193325,"[-0.9857924958049851, 0.9577535538354973]",0.05355043456212935
4336.0,24.0,0.01721352143147178,0.04142564456396919,0.7328586268276622,0.0017197610567504483,0.004141009045871534,"[0.2746538736462622, 1.1910633800090622]",-0.06704832759802315,0.839667971981479,0.9708072590103425,"[-0.7165811268048405, 0.5824844716087942]",0.25610574631848315
4337.0,24.0,0.010165021501659093,0.02640951286479369,0.7965287898846164,0.0007397857288576292,0.0019225200853888492,"[0.3338774109809077, 1.259180168788325]",-0.16619413457800292,0.5886639992009894,0.9077706636973603,"[-0.7685438624131709, 0.436155593257165]",0.6348148327432525
4338.0,24.0,0.2380149564390649,0.4402976070774471,0.40470712328887015,0.07993670243452848,0.14789399155324418,"[-0.048283836550736425, 0.8576980831284767]",-0.14833159926648776,0.8023147738066132,0.9644549957475566,"[-1.3095926756428364, 1.012929477109861]",0.5665849737597044
4339.0,24.0,0.021997082565548307,0.051515415844375426,0.8812672710431741,0.0025256600336844358,0.00591350979556178,"[0.30937685359464906, 1.4531576884916992]",0.27198907372824,0.4266885657187195,0.8358910120462743,"[-0.3986717159242251, 0.9426498633807051]",22.96107826677995
4340.0,24.0,2.6506272480020318e-05,0.0005143391584132497,1.696452643503856,2.7780885219311386e-09,5.3838924843626716e-08,"[1.1370862656552094, 2.2558190213525027]",0.22216912505101316,0.20212295856981521,0.6360067922272348,"[-0.11921421055368953, 0.5635524606557158]",23.151376453097516
4341.0,24.0,0.001063348394541742,0.004826758129230164,1.1120124677737964,1.311018951668561e-05,5.959177053038914e-05,"[0.6119263133795207, 1.612098622168072]",0.014441078010191788,0.9517072133574486,0.9915249937717022,"[-0.4529065847655536, 0.4817887407859372]",23.944839145226457
4342.0,24.0,0.0058518318725084935,0.016907922197366348,0.9998416782800994,0.000294165584881647,0.0008499439031541376,"[0.45855837010134415, 1.5411249864588545]",-0.012847434074245712,0.9643006903968755,0.9938808419181301,"[-0.5754474682731379, 0.5497526001246464]",0.04907358333512288
4343.0,24.0,2.6665774282935605e-05,0.0005143391584132497,1.4228153865558586,2.8361477299695064e-09,5.4751886678948003e-08,"[0.9534069622516467, 1.8922238108600706]",0.3204145516382608,0.06493392486918205,0.3712631496236824,"[-0.01983394108216857, 0.6606630443586903]",22.776106566436738
4344.0,24.0,0.010247337499262455,0.02656723439028307,0.8201022484901586,0.0007490830526423421,0.0019426427713753686,"[0.34327261316604346, 1.2969318838142736]",-0.08854662174329775,0.773812223841418,0.9594231226648312,"[-0.6924194483729776, 0.5153262048863821]",0.33822318106881927
4345.0,24.0,8.832912097212137e-05,0.00099469730824461,1.2643752965313206,5.892485827900517e-08,6.644710172775235e-07,"[0.807327202755461, 1.7214233903071803]",-0.07716713034426625,0.6871007994029725,0.9372486972514004,"[-0.45265762641331736, 0.29832336572478485]",0.29475672572415756
4346.0,24.0,0.0575286734933419,0.12180536416121511,0.5096478512545979,0.01069087583004192,0.022635773512686683,"[0.11833143604317159, 0.9009642664660242]",-0.3876011249297404,0.33575349692091405,0.7765781593921399,"[-1.1768099538856132, 0.4016077040261322]",1.4805272395331388
4347.0,24.0,0.0002176905092912002,0.0017073765434603937,1.1110644766671016,4.774446501355957e-07,3.753495677166633e-06,"[0.678576640407403, 1.5435523129268003]",0.011216370814676857,0.9566604419677971,0.9932738004330776,"[-0.3933057764202332, 0.4157385180495869]",23.95715661939102
4348.0,24.0,0.0034241519612815082,0.011142700817707478,1.092303099120496,0.00011580977741505863,0.00037698495252297734,"[0.5369285726296381, 1.6476776256113541]",0.04612947946279977,0.8641162894918879,0.9730053822856072,"[-0.48217406591352885, 0.5744330248391284]",23.823798367709745
4349.0,24.0,0.0079443613480048,0.02152360159307722,0.9849800123191059,0.0004930157024332198,0.0013360859144531704,"[0.43095137353192525, 1.5390086511062866]",0.21205605903080738,0.4755669047340545,0.8615157119619586,"[-0.3704960835004206, 0.7946082015620354]",23.190005519823846
4350.0,24.0,0.010372968491216203,0.026810463921468602,0.8528263356571395,0.0007649558060882401,0.001977453239955277,"[0.35611822433290635, 1.3495344469813726]",0.19918261585485642,0.5176777792837993,0.8812796782833903,"[-0.4042694548939193, 0.8026346866036321]",23.239178450609412
4351.0,24.0,0.0011151721031262322,0.004978446888956394,0.9465108256586504,1.4439963994016258e-05,6.443535918793511e-05,"[0.5187726568109514, 1.3742489945063494]",0.2699880433898212,0.25723831806401976,0.706034507547217,"[-0.19708486564824923, 0.7370609524278916]",22.96872163965122
4352.0,24.0,0.0005098781179371999,0.0029381730847622438,1.0847919736968845,2.9836621062278462e-06,1.7206817221613878e-05,"[0.6297020969054288, 1.5398818504883403]",-0.037740199067838986,0.8652597562365312,0.9734244302898619,"[-0.4736683939182537, 0.39818799578257574]",0.14415694163804918
4353.0,24.0,6.318292684294108e-07,0.00012239946415804818,1.7058744978014406,2.0015644577953702e-14,4.084825424072184e-12,"[1.2688520107744905, 2.1428969848283907]",-0.1554115821121611,0.251708023785442,0.6997720983748734,"[-0.4211577759011454, 0.11033461167682318]",0.5936285161651781
4354.0,24.0,0.00606172866447366,0.017378809244477236,1.0322151971453364,0.00031242206442784834,0.0008957054599422257,"[0.47098628523008124, 1.5934441090605915]",-0.08041249401035166,0.7801947184550033,0.9596987437192043,"[-0.6451749232518217, 0.48434993523111836]",0.30715310179427746
4355.0,24.0,0.00011705431788373379,0.00117470824818685,1.0759929676653268,1.1632095615551244e-07,1.1678810858987193e-06,"[0.6780246751194745, 1.4739612602111791]",-0.3726630806122522,0.05488807168267117,0.3400730386483406,"[-0.7531303083817968, 0.007804147157292551]",1.4234681132950415
4356.0,24.0,9.733958314107386e-05,0.0010545888772681012,1.36477125373365,7.443295646969412e-08,8.064242304408898e-07,"[0.8675892950842699, 1.8619532123830302]",-0.10355588286281225,0.5915761101795494,0.9080402567325063,"[-0.48183283391969906, 0.27472106819407455]",0.39555433545268476
4357.0,24.0,0.00022258403510206514,0.0017257776509662641,1.345130149113527,5.0225574324117e-07,3.894888446620847e-06,"[0.8205189972337155, 1.8697413009933386]",-0.1206548198082329,0.5591483830142614,0.8959434689226791,"[-0.525510669777242, 0.2842010301607763]",0.4608674635282126
4358.0,24.0,0.00010649700908397399,0.0011126134539436927,1.3100117160354636,9.348958060955573e-08,9.748652826856698e-07,"[0.8290971670673049, 1.7909262650036224]",-0.48244376227340435,0.011737976809206012,0.1301327805898671,"[-0.857682039466912, -0.10720548507989663]",1.8427994287119254
4359.0,24.0,0.1735791777445719,0.33503026007444875,0.5785653113917055,0.051363227110865065,0.09913767054789628,"[-0.00342412809182302, 1.160554750875234]",0.029781041196049962,0.9554695117440115,0.9927885629812778,"[-1.0155285282564404, 1.0750906106485403]",23.886244801997407
4360.0,24.0,0.001884695293022397,0.0072488280500861415,1.010594506755414,3.9155077957779636e-05,0.00015059645368376782,"[0.5289477302161841, 1.4922412832946441]",-0.20748754548075699,0.4100808479181024,0.8261870702682022,"[-0.7011657769192723, 0.2861906859577584]",0.7925440438384062
4361.0,24.0,0.00043494658271614803,0.0026440521745662495,1.175554479702478,2.1421044711654565e-06,1.3021911678817364e-05,"[0.6894213463442534, 1.6616876130607023]",0.12171450453660437,0.5783994485121048,0.9032205836784882,"[-0.30755611062156957, 0.5509851196947784]",23.535084838968444
4362.0,24.0,0.05401801961967761,0.11510338721431411,0.7487638833927183,0.009726961691062347,0.020726532476160978,"[0.18113127188478417, 1.3163964949006524]",0.0740812547837919,0.8537181709111795,0.9710102122541093,"[-0.7134196383566901, 0.8615821479242739]",23.717030450657024
4363.0,24.0,0.00021794872105197784,0.0017077831878555031,1.3760623763182598,4.810169404005591e-07,3.7683166382820632e-06,"[0.8402707190145603, 1.9118540336219594]",0.2604204897658686,0.20484796343624723,0.639272616713638,"[-0.14215928640344289, 0.6630002659351801]",23.00526700251239
4364.0,24.0,0.001979419357234381,0.007546394804553493,0.7695007892826591,4.297906790940717e-05,0.00016385462413041243,"[0.40082607318719765, 1.1381755053781206]",-0.2980211004704767,0.23762116669243827,0.6797658366055854,"[-0.7926304028193805, 0.19658820187842702]",1.1383567508535057
4365.0,24.0,0.011651111332856255,0.029556345339564322,0.7189298494719273,0.0009267079671110895,0.0023502611390085965,"[0.2934687874703424, 1.1443909114735122]",0.39383667957082924,0.20429300633058434,0.639272616713638,"[-0.21424307892622219, 1.0019164380678807]",22.495654696209687
4366.0,24.0,0.00014042704470388641,0.0013288561892403018,1.3613075857310573,1.7788130833243204e-07,1.6812978103254445e-06,"[0.8502805348143421, 1.8723346366477724]",0.37125923704442165,0.059537496517010964,0.3531286863405158,"[-0.014927740142294477, 0.7574462142311378]",22.58189417414051
4367.0,24.0,1.1989330545269983e-05,0.0003465124435049128,1.3370868447292488,3.074466349506672e-10,8.885740894527955e-09,"[0.9207799526875373, 1.7533937367709602]",-0.14940302291099083,0.36465468499638665,0.79915556650534,"[-0.47241948296049097, 0.1736134371385093]",0.5706775106197411
4368.0,24.0,0.00022032330032646685,0.0017145782126573295,1.1909637315272092,4.9151362314577e-07,3.8250087404340076e-06,"[0.7268616671509056, 1.6550657959035129]",-0.17309239323941927,0.4011119425032562,0.8206211468997754,"[-0.577141825785795, 0.23095703930695644]",0.6611642398958338
4369.0,24.0,0.0030905825369240197,0.010320230038908959,1.0354020566609552,9.672441316666401e-05,0.00032295296549804343,"[0.5148775561107856, 1.5559265572111247]",-0.2550667948055638,0.3362583430167966,0.7765781593921399,"[-0.7749604841504583, 0.2648268945393306]",0.9742833890858797
4370.0,24.0,3.08996913154708e-05,0.000553228714567388,1.5887658628798063,4.166636464378154e-09,7.462005665043274e-08,"[1.0589561650203754, 2.118575560739237]",0.15841764325534768,0.36936633440716193,0.8019243039669169,"[-0.18747339221465403, 0.5043086787253495]",23.39488917607063
4371.0,24.0,6.884704417896512e-05,0.0008759165926076987,1.421536880795374,3.208907441027875e-08,4.0870548854370447e-07,"[0.9176773757550407, 1.9253963858357075]",0.03393983753445262,0.8566765200648901,0.9711734295148989,"[-0.33437963285382494, 0.4022593079227302]",23.870359370127744
4372.0,24.0,1.4467161408357333e-06,0.00016397729653569806,1.6225949297980569,3.9311014796669495e-13,4.5185074478930454e-11,"[1.1844210483004716, 2.060768811295642]",0.2552814825240919,0.07318972781548093,0.3954064171554886,"[-0.023982712630739866, 0.5345456776789237]",23.024896564235124
4373.0,24.0,0.04303262324324492,0.09371215863075985,0.6916738498022538,0.00696663859040565,0.01517125128572659,"[0.18928785875227405, 1.1940598408522334]",-0.2191313058130948,0.5679558394420682,0.8995219012698192,"[-0.9712168866239627, 0.532954274997773]",0.8370199321520597
4374.0,24.0,7.225888197646549e-07,0.0001224726813160432,1.3769431522017965,3.2973901854133486e-14,5.588796924429405e-12,"[1.02119151182134, 1.7326947925822531]",-0.20364614964397454,0.13589647167575922,0.5291918678962587,"[-0.47130062183776633, 0.06400832254981725]",0.7778709925792889
4375.0,24.0,3.891625315130015e-05,0.0006345221783325694,1.1349371990595192,7.607644765516374e-09,1.2407870275205457e-07,"[0.7498820768653478, 1.5199923212536905]",0.1217474458707839,0.4980599343995762,0.8728067218963704,"[-0.2304364617117703, 0.4739313534533381]",23.534959012340444
4376.0,24.0,0.009805830145698165,0.0256093761966523,0.7477277167095212,0.0007028458311432498,0.0018351066087291118,"[0.31522547916396393, 1.1802299542550785]",0.6620583756515384,0.026256850611177034,0.21575062129151218,"[0.07817812907061317, 1.2459386222324635]",21.471123285592
4377.0,24.0,0.006780023923513387,0.019002309202672048,0.969831845838155,0.0003803819734178518,0.001064899141707312,"[0.43488754211433733, 1.5047761495619727]",-0.5310272384395809,0.06404122954934877,0.36868871358289446,"[-1.093043736985074, 0.030989260105912297]",2.028374637938348
4378.0,24.0,0.027614526064818665,0.06314110697598418,0.8135670704488963,0.0035747266087503286,0.008174380273362711,"[0.26625421064982413, 1.3608799302479686]",-0.09786212025173313,0.7836588369881111,0.9607862641660785,"[-0.7964720973411692, 0.6007478568377029]",0.37380576430840334
4379.0,24.0,0.0007592053587070993,0.0038151657677505317,0.938493346955955,6.749303227403166e-06,3.391609662011641e-05,"[0.5298660814385149, 1.347120612473395]",0.2404249492360231,0.29557818545704895,0.7458445255035301,"[-0.21009223902691243, 0.6909421374989586]",23.081644341275254
4380.0,24.0,0.0003575262633079118,0.0023246180969305062,1.1546924590954004,1.4153755952342738e-06,9.20408167091209e-06,"[0.685433345286814, 1.6239515729039868]",-0.19331582311896067,0.3682863275114455,0.8007965373156024,"[-0.6144529994056218, 0.22782135316770052]",0.7384120518542662
4381.0,24.0,0.00019045322695532114,0.0015818374331837304,0.9988739755771086,3.5513759578533157e-07,2.9520997155887912e-06,"[0.6143633956797143, 1.3833845554745028]",0.23474279262577724,0.24813550161773512,0.6956431059120598,"[-0.16363925682061897, 0.6331248420721735]",23.103348580761885
4382.0,24.0,0.002637413942098962,0.009199211517610611,1.1098776844418228,7.251597144220401e-05,0.00025293328023091735,"[0.5616447874449167, 1.658110581438729]",0.1092569214152288,0.6762870668880748,0.9341755514903409,"[-0.40360927482448694, 0.6221231176549445]",23.582669301354326
4383.0,24.0,0.006818969177701474,0.019063374832824918,1.0172603871001038,0.0003829507192921114,0.0010699936275275536,"[0.45587547507622483, 1.5786452991239828]",-0.3785807847600413,0.1910499194459293,0.6237346374336575,"[-0.9460885082546273, 0.1889269387345447]",1.4460720781000669
4384.0,24.0,0.008512532356255558,0.02275469755748612,0.7252953990158764,0.0005563548361916981,0.001485990481281245,"[0.3134951932694901, 1.1370956047622627]",0.5701661229505355,0.05275769744718279,0.3316596141321209,"[-0.006789669731818937, 1.1471219156328898]",21.822125835573143
4385.0,24.0,0.005405964930338575,0.01584397693534166,0.7524208933746115,0.0002570277075121105,0.0007533051216650366,"[0.3489583092943035, 1.1558834774549194]",0.10724230448031236,0.7057850953978528,0.9428256382390439,"[-0.44952150716936023, 0.664006116129985]",23.590364571201413
4386.0,24.0,0.001592983896280828,0.006402668393411689,0.9999939716707115,2.8639423332065025e-05,0.00011511022239575975,"[0.5315568141253659, 1.468431129216057]",0.3232439240918499,0.18966941357157818,0.6216631057737732,"[-0.15980493442909233, 0.8062927826127921]",22.765299159752658
4387.0,24.0,0.00041284264124242484,0.0025591199801066047,1.194832023258354,1.9196364184744308e-06,1.1893658107028692e-05,"[0.7030276242531481, 1.68663642226356]",0.14117970639201083,0.5170714908480339,0.8811227277424873,"[-0.2859256712293592, 0.5682850840133808]",23.460733244722775
4388.0,24.0,0.0030551824678362936,0.010231442353991375,1.0162712060957773,9.453725553792195e-05,0.0003167077237451322,"[0.5060887001142474, 1.526453712077307]",-0.11431937577827878,0.6672626272282176,0.9332201550489372,"[-0.6355050789020779, 0.4068663273455203]",0.43666784991103097
4389.0,24.0,0.011824911813917842,0.0299192644505169,0.9253485370874981,0.0009453328387678402,0.0023920365353437252,"[0.37680664124264884, 1.4738904329323472]",0.10260079907834019,0.7439037261470776,0.9543661614745291,"[-0.5129521075601918, 0.7181537057168722]",23.608093815876092
4390.0,24.0,0.0013199012943203828,0.0055951729305654205,1.0157485178211647,1.9921258521548306e-05,8.448370874278332e-05,"[0.5490497015366285, 1.482447334105701]",-0.00868283432630701,0.9715686244929139,0.9946639642340541,"[-0.48616797130080347, 0.46880230264818945]",0.03316598407391394
4391.0,24.0,0.02017037181660923,0.04772922815099203,0.6299676883870253,0.0022196464307129298,0.005246150864365233,"[0.22635451105640347, 1.033580865717647]",-0.6935645521942266,0.035129086336192994,0.26059600417286444,"[-1.3387696688643715, -0.04835943552408162]",2.6492214440406725
4392.0,24.0,0.31416454919070236,0.5543754176649063,0.4569532210212901,0.11816829023701528,0.20852001100585016,"[-0.11623531901161155, 1.0301417610541916]",0.19193048457580808,0.7722889797063347,0.9589249382121035,"[-1.1080007046028626, 1.4918616737544788]",23.266879551593696
4393.0,24.0,0.09682373902561729,0.19695634464120687,0.7038209241560441,0.022582120740230662,0.0459453117807338,"[0.09890743248592315, 1.3087344158261651]",-0.26476957177666627,0.5591741534070724,0.8959434689226791,"[-1.1532590692598306, 0.6237199257064979]",1.0113452670859397
4394.0,24.0,0.0002731102056369973,0.0019591836846269534,1.2346340822361026,7.912217606396173e-07,5.675909330269852e-06,"[0.7445422563240982, 1.724725908148107]",-0.2354015442136106,0.261386691815073,0.7100969622794703,"[-0.646202440067345, 0.1753993516401237]",0.8991676649534754
4395.0,24.0,0.0007549323222910903,0.0037993574347815317,1.2929847915236425,6.673321384888192e-06,3.360181966207549e-05,"[0.7303098715451253, 1.8556597115021598]",-0.24096800321554301,0.29422144273395234,0.7437346884073618,"[-0.6912358684057924, 0.2092998619747064]",0.9204299721296977
4396.0,24.0,4.5830522398539994e-05,0.0006975726392471841,1.499669687027391,1.1599731296857258e-08,1.7682517220818988e-07,"[0.9845009925348356, 2.0148383815199464]",0.17679038087178878,0.33059461581993554,0.7724312767886506,"[-0.17935800875666275, 0.5329387705002403]",23.32471048783574
4397.0,24.0,0.011162100831361006,0.02850588617733385,0.6933352830262377,0.0008635214977218087,0.002205111076919838,"[0.28544799647261054, 1.101222569579865]",0.32548219764052533,0.29294309765919413,0.7419559278609591,"[-0.28109873347150227, 0.9320631287525529]",22.756749584570333
4398.0,24.0,0.00028813207276873263,0.002027671166563917,0.8794529634238001,8.963226053239151e-07,6.30325320199659e-06,"[0.5286185763023011, 1.2302873505452991]",0.4568123292309796,0.02836127898600459,0.22743607847638003,"[0.048403302413402904, 0.8652213560485562]",22.255105433701615
4399.0,24.0,0.01636276630863193,0.03958095381865489,0.8478969487852636,0.0015875359636437886,0.003840193429230258,"[0.3216939737855179, 1.3740999237850091]",-0.021930419731925,0.9468617004109127,0.9904370601691201,"[-0.6668506735623111, 0.6229898340984611]",0.08376803290598164
4400.0,24.0,2.2907825058699783e-05,0.0004723262898700986,1.2132355871186697,1.8701576955758842e-09,3.855995248610071e-08,"[0.8174931307142828, 1.6089780435230567]",-0.14493879313247238,0.4012641082959171,0.8206211468997754,"[-0.48337864619373977, 0.19350105992879502]",0.5536254089473592
4401.0,24.0,0.00010076809201584042,0.0010765821796564147,1.2840123044498335,8.085408545388588e-08,8.638256992936526e-07,"[0.8149501766309406, 1.7530744322687264]",-0.10944976833732056,0.5716837474847911,0.900856834990216,"[-0.4887419462691254, 0.2698424095944843]",0.4180673196275372
4402.0,24.0,0.00017003138104580161,0.0014632648971239382,1.5330351770176245,2.741642648132183e-07,2.3594170810087632e-06,"[0.9485091158970929, 2.117561238138156]",0.18181720707749438,0.3672701706576921,0.7999730025151883,"[-0.2134309711817769, 0.5770653853367657]",23.305509426106898
4403.0,24.0,0.001992117702705982,0.007580356555197801,1.1166947285475752,4.33739884054981e-05,0.00016510844463455692,"[0.5813986757872557, 1.651990781307895]",0.16663999756176207,0.5111702797129645,0.8782994496786332,"[-0.3304683284081401, 0.6637483235316642]",23.36348209610938
4404.0,24.0,0.028413039571116662,0.06475168544010178,0.7935795867413191,0.0037380318187360375,0.008518759842151407,"[0.25713965506703285, 1.3300195184156054]",-0.24733413855432307,0.4881479266959351,0.8693640724771774,"[-0.9465922877165004, 0.45192401060785425]",0.9447468179111099
4405.0,24.0,0.0010548743900472804,0.00480361744101676,1.2423378035357777,1.2947602412983058e-05,5.895993812833816e-05,"[0.6839925541138868, 1.8006830529576687]",0.24070766667279297,0.3103308690723343,0.7561717851819718,"[-0.2243148373926368, 0.7057301707382228]",23.08056444021381
4406.0,24.0,0.01433914461877652,0.03537036166447094,0.8964189517743013,0.0012890785407919394,0.0031797694642129734,"[0.3505114228514735, 1.4423264806971292]",0.19048278699160726,0.5541595945945084,0.8948702936230022,"[-0.4406499863769061, 0.8216155603601206]",23.272409349032763
4407.0,24.0,1.6017077070575175e-05,0.0004004269267643794,1.32799033499966,7.051677049711892e-10,1.762919262427973e-08,"[0.9057932389260279, 1.750187431073292]",-0.35467391965797024,0.03370106678880385,0.2545397793716303,"[-0.6820134273582783, -0.02733441195766223]",1.354754579984249
4408.0,24.0,0.11610679084413504,0.23226003369500908,0.6618488902009514,0.029241135546924358,0.058482271093848716,"[0.0668631504842001, 1.2568346299177027]",0.39325907730071386,0.4040513756386118,0.8226879185845731,"[-0.5304785457422123, 1.31699670034364]",22.497860974364006
4409.0,24.0,0.00452114219330786,0.013779768952477477,0.9806156247828035,0.00018903384446928876,0.0005763209761620928,"[0.46578873015912803, 1.4954425194064789]",-0.2041224815739504,0.46197673291389374,0.8550833639977362,"[-0.7479982411135765, 0.33975327796567567]",0.7796904465282848
4410.0,24.0,0.0003179266420166906,0.0021612960028327024,1.3528296518793188,1.0969438930826894e-06,7.457130476428888e-06,"[0.8087540645197864, 1.8969052392388512]",-0.035679383426884925,0.8671085238400538,0.9734244302898619,"[-0.4535919502138119, 0.38223318336004203]",0.1362852057326348
4411.0,24.0,0.045669619986939226,0.09887339248092494,0.6662740619273192,0.007621433556193993,0.01649797862691473,"[0.1768890188715433, 1.155659104983095]",-0.3916524080197208,0.30916315453792476,0.7553460897579398,"[-1.1464607115486234, 0.3631558955091817]",1.4960020010443784
4412.0,24.0,0.004506577457875642,0.013747948315666999,1.1965551347540413,0.00018792652392292578,0.0005732962901858627,"[0.5686079353232124, 1.8245023341848703]",0.18686173684138385,0.5007444835900536,0.8731021700276606,"[-0.3570741589798849, 0.7307976326626526]",23.286240741766964
4413.0,24.0,0.024641822246922122,0.056975311553577164,0.8485523919148028,0.0030025401305404814,0.006943894843988162,"[0.28809928421276065, 1.4090054996168448]",0.0004529866552775985,0.9989679494990223,0.9998296237857246,"[-0.6859394518345928, 0.686845425145148]",23.99826971843179
4414.0,24.0,0.0023707594014694034,0.008515658769645846,1.0116851768659332,6.009985738577019e-05,0.0002156435500027635,"[0.5175027875885236, 1.5058675661433427]",0.41861797024449476,0.10163871090456761,0.46304651892741505,"[-0.08260128055392246, 0.919837221042912]",22.400997138443824
4415.0,24.0,0.009862803064678427,0.02574472217352761,0.9695918664254922,0.0007099141104281705,0.0018521109064131764,"[0.4083037684305859, 1.5308799644203985]",-0.8055489111273371,0.006302877493150049,0.08889813107404863,"[-1.383543629269434, -0.22755419298524004]",3.07697018659703
4416.0,24.0,0.0014812045253241538,0.006068023454830617,1.3242871095023792,2.4884089834944e-05,0.00010190044977454544,"[0.7086209855146408, 1.9399532334901175]",-0.20817280242002312,0.39684013589707945,0.8177212773481959,"[-0.6897280320688763, 0.27338242722883016]",0.7951615325385396
4417.0,24.0,0.0015195506959762132,0.006162442776601052,1.0663182999866918,2.606400643429215e-05,0.00010586517641873334,"[0.5693492199964321, 1.5632873799769516]",0.033500595850527226,0.8921562435283164,0.9795465253756226,"[-0.4508020594403187, 0.5178032511413732]",23.872037149772755
4418.0,24.0,0.00022374445163327134,0.0017304288602727868,1.0705128355679872,5.099965101564113e-07,3.944288554960645e-06,"[0.6527605158918824, 1.488265155244092]",0.26115713598498047,0.20456663092354843,0.639272616713638,"[-0.14231063013793882, 0.6646249021078998]",23.002453221222435
4419.0,24.0,0.0007721596653737551,0.0038607983268687755,1.1984689739848449,6.962695864735722e-06,3.481347932367861e-05,"[0.6758778466295764, 1.7210601013401132]",0.09222715906832857,0.6897776446789341,0.9373185088522442,"[-0.36063220157621917, 0.5450865197128762]",23.64771820192687
4420.0,24.0,0.0006780891399117748,0.0035557899313674608,0.8555876598812989,5.4264219940677036e-06,2.8440366845218572e-05,"[0.4868381204975344, 1.2243371992650633]",0.5702665716955595,0.01070875337913039,0.12399750058524074,"[0.1323061904672202, 1.0082269529238987]",21.82174214962999
4421.0,24.0,0.010337670029845685,0.02673304895227744,0.761638082911274,0.0007650766585386968,0.001977453239955277,"[0.3180346224968511, 1.2052415433256969]",-0.5435085392579397,0.07240792777057921,0.39309407041573946,"[-1.1364562977137287, 0.04943921919784933]",2.0760496952533574
4422.0,24.0,0.0024468871779957276,0.008723305447400097,1.0039831870533746,6.36476526213043e-05,0.00022682698724627332,"[0.5119005238342298, 1.4960658502725195]",0.4045851558876663,0.1151426410896461,0.49715946948138906,"[-0.09873172399033536, 0.907902035765668]",22.45459854093295
4423.0,24.0,7.205564156909872e-06,0.00028146734987929186,1.3074077838703952,6.927396983403095e-11,2.706014446641834e-09,"[0.9145243966536849, 1.7002911710871056]",-0.22875221317118033,0.14948620335982882,0.555917453922755,"[-0.5398123390131473, 0.08230791267078658]",0.8737690912657036
4424.0,24.0,0.03291254211646782,0.07356401903546674,0.8369563874793244,0.004664689841638879,0.010428548718173215,"[0.25716907259834154, 1.4167437023603073]",0.14240782772756422,0.6977869634140501,0.93921592772905,"[-0.5763852235542753, 0.8612008790094038]",23.4560421667723
4425.0,24.0,0.0005422665718166054,0.003060195100545177,1.0534934335298305,3.3912789856144914e-06,1.9147253000041495e-05,"[0.609025639119112, 1.497961227940549]",0.09525953114836305,0.6700154432659611,0.9333950467214768,"[-0.3428852759094337, 0.5334043382061597]",23.63613539378692
4426.0,24.0,0.0003188397035639938,0.0021626498918014114,1.3167921216769458,1.110417821963722e-06,7.543599333992677e-06,"[0.7869478026510107, 1.846636440702881]",0.30823330448420183,0.14566909010796003,0.5463956868265567,"[-0.10697351240583519, 0.7234401213742389]",22.82263550317896
4427.0,24.0,0.0005842282366582529,0.0032129785982328647,0.9405056393365695,3.976994388520885e-06,2.188769613935545e-05,"[0.5408688262503083, 1.3401424524228307]",-0.3376191239765971,0.1307312748737185,0.5223251886007398,"[-0.7754900988827375, 0.10025185092954325]",1.2896100591175408
4428.0,24.0,0.0021948953575436298,0.008099244861784611,1.1791001108807777,5.182716914459007e-05,0.00019124416658520318,"[0.6080939195911965, 1.750106302170359]",0.07726489766619427,0.7633821764955461,0.9565635162989086,"[-0.4257752912114464, 0.580305086543835]",23.704869830614456
4429.0,24.0,0.005450177026653168,0.015954850780600608,0.8272893885515819,0.00026054020656269736,0.0007627055227245238,"[0.3832576826693263, 1.2713210944338373]",-0.047369561715519204,0.867781634184689,0.9734244302898619,"[-0.6050602454487237, 0.5103211220176853]",0.18093839757891558
4430.0,24.0,1.0030438697768071e-05,0.0003248576044199919,1.3464469644394632,1.8473512691688594e-10,5.997893731067725e-09,"[0.9323921703934414, 1.7605017584854852]",-0.28651228210871427,0.07706080814485003,0.40478983322809736,"[-0.604133081086188, 0.031108516868759484]",1.0943963028993955
4431.0,24.0,0.0007548443687808021,0.0037993574347815317,0.993102197147221,6.649381532671272e-06,3.3498143741416986e-05,"[0.5610019760602725, 1.4252024182341696]",0.015204912027088291,0.9474511703774688,0.9904370601691201,"[-0.43695774196598003, 0.4673675660201566]",23.941921514198675
4432.0,24.0,0.04541203867974074,0.09842227715591838,0.6123614306486329,0.007565136628302099,0.016396048175773947,"[0.1629950359969971, 1.0617278253002687]",-0.47232361214590757,0.21742595728555603,0.6562811870979657,"[-1.2228798353291168, 0.2782326110373017]",1.8041433026889688
4433.0,24.0,0.003004353824334882,0.010102063968846274,0.9568652334756856,9.236821822434058e-05,0.0003103770773667359,"[0.47719467827132805, 1.4365357886800432]",-0.45612737638667955,0.08152958401778836,0.4166049259978965,"[-0.9693622949129636, 0.05710754213960445]",1.7422782391554603
4434.0,24.0,0.0075943035521947805,0.0207664849663516,0.839492801294749,0.00045658689057816583,0.0012485285495711397,"[0.37005768746605394, 1.308927915123444]",0.00858235284788833,0.9769077704345053,0.9957270109412958,"[-0.5725405727023255, 0.5897052783981022]",23.967217826901596
4435.0,24.0,1.6559143901824109e-06,0.00016648684428322347,1.5796672718832245,6.194874189693804e-13,6.257448676458388e-11,"[1.1494229649913486, 2.0099115787751005]",0.027838405697811375,0.8471330033662222,0.9708072590103425,"[-0.25519354737989514, 0.3108703587755179]",23.893665123009498
4436.0,24.0,0.11099161214524934,0.22291948613225415,0.6178097586538098,0.027403983657926526,0.05503913166886227,"[0.06883355187999862, 1.166785965427621]",-0.23962835857787823,0.6094835882133217,0.9143882220641197,"[-1.1590744782469256, 0.6798177610911692]",0.915312906543996
4437.0,24.0,0.0003240752719688941,0.002183795633213572,1.3801551206300822,1.1435046679015472e-06,7.705557061331181e-06,"[0.8241526307261299, 1.9361576105340346]",0.06467088955316491,0.7619997314535334,0.9565635162989086,"[-0.35385370351229717, 0.483195482618627]",23.75297539808313
4438.0,24.0,0.019977649484574016,0.04734040162221331,0.8451767979495715,0.002170874040021407,0.005144251279671581,"[0.3048560696387521, 1.3854975262603908]",0.034408109891390204,0.9191412161217867,0.9874079467440474,"[-0.6299103887269412, 0.6987266085097216]",23.868570701480067
4439.0,24.0,0.0005251080425413504,0.0029937744728697284,1.2377265622808153,3.1849697190402654e-06,1.8164245257035107e-05,"[0.7169814458920784, 1.7584716786695522]",0.2671503774031798,0.2285937744361689,0.6687703725178837,"[-0.1677415156709091, 0.7020422704772687]",22.979560725298047
4440.0,24.0,0.003109959870406299,0.010369989564542511,0.9671627793670678,9.756367836402541e-05,0.00032542921402276654,"[0.48068285471268307, 1.4536427040214526]",0.07844836507912589,0.7685442199626229,0.9585289470195746,"[-0.44403414145060105, 0.6009308716088528]",23.700349318084307
4441.0,24.0,0.0077616792444505445,0.021120215631157943,0.8974635919935333,0.00047355472275125625,0.001289285931803039,"[0.3942153557572655, 1.400711828229801]",-0.054193794295042785,0.8553368083867512,0.9710102122541093,"[-0.6368054052736285, 0.5284178166835429]",0.207005045927074
4442.0,24.0,4.6119139775920944e-05,0.0006992983719288072,1.2301829769101988,1.1831949478847912e-08,1.795439981615768e-07,"[0.8073384776154735, 1.6530274762049242]",-0.2751955155388961,0.12886926136982543,0.5193573340339577,"[-0.6303791261875424, 0.07998809510975019]",1.0511694387537074
4443.0,24.0,0.054329788738831916,0.11559529518900408,0.6680143026933401,0.009845529809590543,0.020943479705574437,"[0.16077735219547418, 1.175251253191206]",0.48996016168451373,0.21576229072503228,0.6542767589910653,"[-0.28580800073047874, 1.265728324099506]",22.128490040395327
4444.0,24.0,0.004798271814906641,0.014409224669389311,0.8616870762784324,0.00020928748518222505,0.0006284909464931682,"[0.4061617260249722, 1.3172124265318927]",-0.09065256446140779,0.7462301634973525,0.9548690511802336,"[-0.6396883651094533, 0.4583832361866377]",0.3462672897117535
4445.0,24.0,0.0006966785790211788,0.0036304251121478835,1.0265565117070008,5.668848518209881e-06,2.954458655885367e-05,"[0.5832233121697326, 1.469889711244269]",0.18803268461162137,0.41030188474233265,0.8263884889070144,"[-0.25956760362313536, 0.6356329728463781]",23.281768050749307
4446.0,24.0,0.00022213867901533943,0.0017257776509662641,1.2481874328844051,4.998110902666677e-07,3.883536054908063e-06,"[0.7614753627054808, 1.7348995030633296]",-0.09486151584910107,0.6461419916967552,0.9292995709718901,"[-0.49981396604697687, 0.3100909343487747]",0.36234429975779064
4447.0,24.0,0.0004050086661250195,0.002528143983302244,1.0547971818104112,1.8481533182672345e-06,1.15365375672112e-05,"[0.6213289595820896, 1.4882654040387329]",-0.24678248084551502,0.25521220343431616,0.7046292623147469,"[-0.6718950833309664, 0.17833012163993633]",0.9426396406810726
4448.0,24.0,0.005242629191545628,0.015446756604436146,1.1310846939721004,0.00024462825099522584,0.0007207667972752677,"[0.5266695733421841, 1.7354998146020169]",0.3148796972559387,0.26289969513283806,0.7122055216654198,"[-0.2363643443904041, 0.8661237389022814]",22.797248152858508
4449.0,24.0,0.0012089368037098253,0.00527920001620011,0.9963201694015156,1.688502258485283e-05,7.373372307795996e-05,"[0.5424601044263367, 1.4501802343766945]",-0.2677062390715177,0.2651394342377562,0.7149504046858919,"[-0.7385690494655907, 0.20315657132255527]",1.0225625098745454
4450.0,24.0,0.00600422468229266,0.01724360908182843,0.9282593236419165,0.0003087953203297721,0.0008865400070400481,"[0.4239766575264341, 1.432541989757399]",-0.3751633015626421,0.18818781172837518,0.6201030127992849,"[-0.9339243054057106, 0.18359770228042638]",1.433018253848877
4451.0,24.0,0.0021460390980370613,0.007968953204742151,0.9763554360846655,5.0284945876493424e-05,0.0001864477043993082,"[0.504357276393939, 1.448353595775392]",-0.6252040388008933,0.012271327420289307,0.13412871104599164,"[-1.1145242722152835, -0.13588380538650313]",2.388103517188303
4452.0,24.0,0.03563017672199353,0.07895009244846782,0.7751111812950124,0.005256972904845985,0.0116485107574695,"[0.2307645968763935, 1.3194577657136315]",0.1845501428696652,0.6192623071665264,0.9174210890671123,"[-0.5433920127919134, 0.9124922985312438]",23.295070380335456
4453.0,24.0,0.00032207128543896755,0.00217762870479356,1.0308169746486837,1.1317174817401358e-06,7.651909950913696e-06,"[0.6157219358620885, 1.445912013435279]",-0.22067731442473182,0.2995667546473365,0.7487297041922931,"[-0.6376187552150551, 0.19626412636559143]",0.8429252500545718
4454.0,24.0,0.005557195182198954,0.016212370339869903,0.8028118969558322,0.0002694438647958497,0.0007864677898302676,"[0.3708964480020449, 1.2347273459096195]",0.09973957713594306,0.7264097742553377,0.9490709376786874,"[-0.4589429654623647, 0.6584221197342508]",23.619022878646064
4455.0,24.0,0.018535078393946407,0.04431049102067035,0.8921885068949583,0.0019315335860412633,0.004617579694098167,"[0.32820785320098034, 1.4561691605889364]",-0.08273782515466443,0.8049239449818353,0.964880279922775,"[-0.7393228251185157, 0.5738471748091868]",0.3160352124969073
4456.0,24.0,0.0014714643752169897,0.006038015491247393,0.9896057819275086,2.4647131579716493e-05,0.00010113718333900899,"[0.5297697140900905, 1.4494418497649266]",0.3311543099921792,0.1753953951453464,0.6006691614566658,"[-0.14782517482385438, 0.8101337948082128]",22.735083711325412
4457.0,24.0,0.0004817979230042171,0.002837443598375837,1.0469897731071978,2.656867542001465e-06,1.5647040883400853e-05,"[0.6099815762208594, 1.4839979699935362]",-0.17497438866147697,0.4280924873274323,0.836530005194272,"[-0.6077324911837095, 0.2577837138607556]",0.668352932878957
4458.0,24.0,2.9431563000275293e-05,0.0005410213786815312,1.3268045109725861,3.6908297333013225e-09,6.772164648259308e-08,"[0.8858557181987643, 1.767753303746408]",0.3334997858148645,0.05635923551469658,0.34470480437123285,"[-0.00903836526573415, 0.6760379368954632]",22.726124653619422
4459.0,24.0,0.006608290314815376,0.01863829533148359,0.8277105774921384,0.0003616160885147625,0.0010203614235743863,"[0.37285887051066313, 1.2825622844736135]",0.08659851483134329,0.7661796275167518,0.9575323787835143,"[-0.48416069910776527, 0.6573577287704518]",23.669218039204196
4460.0,24.0,7.39940381280854e-05,0.000920323857314495,1.4797737292573692,3.8369157410291965e-08,4.777848698672742e-07,"[0.9522730609677903, 2.007274397546948]",0.14066084128648182,0.4560819100013793,0.8520462075951002,"[-0.22923718431822188, 0.5105588668911856]",23.462715163435004
4461.0,24.0,0.00034767352032258927,0.0022813223118280136,0.9953994730072011,1.34440719945459e-06,8.810007860121822e-06,"[0.5917335910625975, 1.3990653549518046]",0.4479452149507157,0.03455497252909078,0.2576806303437046,"[0.032548099584428, 0.8633423303170034]",22.288975315349568
4462.0,24.0,0.008237295658785828,0.02215692112573511,0.771476661978572,0.0005228349569867717,0.001406983199641474,"[0.33556888874949264, 1.2073844352076515]",-0.0675548839431439,0.8215390045044707,0.9661754727795728,"[-0.6545456202407883, 0.5194358523545005]",0.2580406490292159
4463.0,24.0,8.139401584283835e-05,0.0009587045446741855,1.3526083816206196,4.9046943971011883e-08,5.77508331130634e-07,"[0.8665965967880767, 1.8386201664531625]",0.47160432544669106,0.01190260947076067,0.13152054663823945,"[0.10408120550014238, 0.8391274453932398]",22.198604170119363
4464.0,24.0,0.0005858967141140933,0.00321819392460008,1.0474192348257365,3.990758827873855e-06,2.1927246306999202e-05,"[0.6022837330372668, 1.4925547366142062]",0.25885478996101163,0.24827502450001415,0.6956431059120598,"[-0.18057733318161778, 0.6982869131036411]",23.011247535232577
4465.0,24.0,0.022887336054734614,0.053362872592060184,0.8223003608807002,0.0026799856353384613,0.006249966500322904,"[0.2854752801055854, 1.3591254416558152]",0.014696654118083963,0.9661335878152788,0.9940815958765544,"[-0.6637363531529135, 0.6931296613890814]",23.943862916404683
4466.0,24.0,0.01271378419404074,0.03188010078746425,0.7646644176804117,0.0010640518927926273,0.0026681341343847225,"[0.3067646761066792, 1.2225641592541443]",-0.24173977759458598,0.444438909238551,0.8474209762881348,"[-0.8613154360928184, 0.3778358809036464]",0.9233779331067304
4467.0,24.0,0.0059630919210600306,0.017155040049079487,0.9127512090285193,0.0003045563439503278,0.0008761689987063514,"[0.4173857556014826, 1.408116662455556]",-0.2660984706108662,0.3525534430420143,0.7911915453943417,"[-0.827110275018693, 0.2949133337969606]",1.0164212867259073
4468.0,24.0,9.711393807900105e-07,0.00013123505145810953,1.442161869730672,9.632891820550643e-14,1.301742137912249e-11,"[1.0625425087270275, 1.8217812307343164]",-0.19263007409629918,0.1663429219328142,0.5846851386039164,"[-0.46541487851472074, 0.08015473032212239]",0.7357926835340178
4469.0,24.0,9.297487939981759e-06,0.0003119962395967033,1.2963910186898169,1.4718336410930127e-10,4.944132036581943e-09,"[0.8998907075928599, 1.6928913297867738]",-0.17548713452115283,0.27807220981822955,0.7279377220372502,"[-0.4925896553336306, 0.14161538629132492]",0.6703114777937726
4470.0,24.0,0.033373853109173665,0.0744453560320626,0.7582782020652028,0.004761594455271333,0.010623816276821359,"[0.23176824476700664, 1.284788159363399]",-0.06803044443482253,0.8533478072982061,0.9710102122541093,"[-0.7893626010232858, 0.6533017121536407]",0.25985715630097267
4471.0,24.0,0.00044569252247298315,0.0026897557180023124,1.238702952732236,2.254030748563324e-06,1.3603082369120845e-05,"[0.7253366953662037, 1.7520692100982682]",0.09605456440980564,0.66180446831884,0.9314630095972414,"[-0.33433753769129926, 0.5264466665109105]",23.633098590423373
4472.0,24.0,0.00028093971452570517,0.001998148751960919,1.1047134214800631,8.40118001455467e-07,5.97948755484318e-06,"[0.6651514566367744, 1.5442753863233518]",-0.16783199836752427,0.4253277248118389,0.8349582348092637,"[-0.5804506431424465, 0.24478664640739806]",0.6410710115803775
4473.0,24.0,0.011935779842303028,0.03016370948269656,0.7805179271486583,0.0009614461812495816,0.0024297351055081666,"[0.31716683979086296, 1.2438690145064537]",0.26246218276491184,0.40194023775151,0.8206211468997754,"[-0.351281920552148, 0.8762062860819717]",22.99746830971862
4474.0,24.0,0.0007485323157778851,0.0037891288074396222,1.048244003840903,6.538135198258052e-06,3.310448201649647e-05,"[0.5925138686542698, 1.5039741390275365]",-0.01888961451956117,0.934689935991328,0.9892015094756179,"[-0.47068865232249363, 0.4329094232833713]",0.07215301257332636
4475.0,24.0,0.00021356004778433856,0.0016922349269757413,1.1629436733084288,4.621452825924591e-07,3.6620069936011017e-06,"[0.7108214421320862, 1.6150659044847715]",0.40466734582178265,0.04696128453887164,0.30954314005372513,"[0.005435603259559552, 0.8038990883840058]",22.45428459851006
4476.0,24.0,0.0023075220669179614,0.008351509471291934,1.0910210905781248,5.680618376406241e-05,0.00020574496111576388,"[0.559843336606201, 1.6221988445500486]",0.044976019900175856,0.8616673064295165,0.9726270526004133,"[-0.46090802014302956, 0.5508600599433813]",23.8282042586949
4477.0,24.0,0.14601492903672608,0.2864722955399766,0.5372657349855116,0.04032878762278392,0.07913812327861836,"[0.02368825547481257, 1.0508432144962105]",0.22174042139086048,0.6605752798756048,0.9312199247162837,"[-0.7679757948404738, 1.2114566376221947]",23.153013980456752
4478.0,24.0,8.378769884127065e-06,0.000302482667297006,1.3818127815717547,1.0880144240012088e-10,3.927849906141548e-09,"[0.9621931901053827, 1.8014323730381268]",0.26663777900358365,0.0959437775228773,0.449524991159006,"[-0.04726567249971042, 0.5805412305068778]",22.981518706956848
4479.0,24.0,0.00022241726694056498,0.0017257776509662641,1.1721676144358653,5.01828210944855e-07,3.894888446620847e-06,"[0.7150280525462436, 1.629307176325487]",0.16026441932636448,0.4374277455020007,0.8442921163906595,"[-0.24423605592058145, 0.5647648945733104]",23.387835011098964
4480.0,24.0,0.00047593436571302916,0.0028158245601044626,1.1741444298018304,2.592679908024669e-06,1.535038429854748e-05,"[0.6845833931058648, 1.6637054664977962]",0.22044849978709458,0.3169120665697629,0.7602537785596664,"[-0.21126703143073217, 0.6521640310049213]",23.15794875748059
4481.0,24.0,0.00015893337935167393,0.0014152571625260367,1.3800255048189252,2.3662859625707705e-07,2.103365300062907e-06,"[0.8566495331611386, 1.9034014764767118]",0.3775058138340226,0.05782222735967745,0.3476983004189865,"[-0.012521029702947717, 0.7675326573709929]",22.558034008377277
4482.0,24.0,0.006513565652911395,0.018456433793726593,1.0016145443420932,0.0003528542860367414,0.0010001538719862284,"[0.45218723203906963, 1.5510418566451167]",-0.06176283074755684,0.8317847862998087,0.9692738932231153,"[-0.6316567695583892, 0.5081311080632755]",0.23591663550772254
4483.0,24.0,0.00014946490436086119,0.0013691160379294132,1.0721099874326387,2.0400522183959577e-07,1.8681796871757855e-06,"[0.6676761315661861, 1.4765438432990914]",0.17568832246934996,0.37862846142521334,0.8068133370878681,"[-0.21542086931158394, 0.5667975142502839]",23.32892004085152
4484.0,24.0,0.0010631083881442816,0.004826758129230164,1.0623307203659542,1.3151646347348502e-05,5.9698803210842045e-05,"[0.5845113029936008, 1.5401501377383076]",-0.25883633866252254,0.27535676559879196,0.7255777749638787,"[-0.723912921450484, 0.20624024412543895]",0.9886819859987598
4485.0,24.0,0.0033499684176436805,0.010972710178983559,1.0130805249783654,0.00011149689939729636,0.000365324047828625,"[0.49922260929552065, 1.52693844066121]",0.155062696716751,0.5635205159558438,0.897274934025387,"[-0.3710914473090611, 0.6812168407425631]",23.407704127880873
4486.0,24.0,0.011724623023231481,0.029690106414868276,0.8534382386475923,0.0009325338865040371,0.002362041252543154,"[0.34810783426088143, 1.3587686430343031]",-0.12050493662701012,0.7007883651247051,0.9400237903147177,"[-0.7351603866009443, 0.49415051334692406]",0.460294951947942
4487.0,24.0,0.015353228937883044,0.03746385752338672,0.7868418658519061,0.001437407845233531,0.0035075838097450734,"[0.3029491297071529, 1.2707346019966592]",0.21637050092724852,0.505469699680317,0.8752594956712603,"[-0.4204714995173091, 0.8532125013718062]",23.173525565715813
4488.0,24.0,4.379739150417878e-05,0.0006790293256461826,1.4862192912047287,1.0300598344983695e-08,1.5969919914703403e-07,"[0.9774719765074804, 1.994966605901977]",-0.04741118515777565,0.7938920041387497,0.9628316126547152,"[-0.40308833525129895, 0.30826596493574765]",0.1810973874169223
4489.0,24.0,0.004486491844994673,0.013703395983490142,0.9052928862582946,0.00018682485986666118,0.000570806171300523,"[0.43038704084742313, 1.3801987316691662]",-0.2924326627609313,0.29001340046813284,0.7394949536115938,"[-0.8341222012028368, 0.2492568756809742]",1.1170104911982586
4490.0,24.0,0.00016388432705358104,0.0014421599344137798,1.4619954477137234,2.521653086581248e-07,2.2197650410046193e-06,"[0.9062524863972425, 2.017738409030204]",-0.19615198499332465,0.32904012283584727,0.7709468670005794,"[-0.5900366961464831, 0.19773272615983384]",0.7492453922153974
4491.0,24.0,0.012252384039149421,0.030862428310200054,0.9111014374486232,0.0010023550641511706,0.002524218962780274,"[0.36830528223793557, 1.4538975926593107]",0.22381845723323135,0.47694173441764853,0.8629305851594872,"[-0.3929667298105266, 0.8406036442769893]",23.145076468227103
4492.0,24.0,0.11094348166568706,0.22286758068639423,0.6486006421374169,0.027369219693625345,0.054980352940187514,"[0.07239382480673351, 1.2248074594681002]",-0.11912182915335201,0.800142794791017,0.9643261963868218,"[-1.0413542907976931, 0.803110632490989]",0.45501187055770126
4493.0,24.0,0.006390724098840174,0.01817612087269674,1.0842740479824835,0.0003416234494801945,0.0009716252829357067,"[0.49090914222951787, 1.6776389537354492]",0.0062853748670121945,0.9827180785947451,0.9971100704756963,"[-0.5624278789336343, 0.5749986286676587]",23.975991636497508
4494.0,24.0,0.009071000482006014,0.02402277670022779,0.9453951643488476,0.0006134342979407034,0.0016249915177237175,"[0.4044860178127836, 1.4863043108849117]",0.12045920597591309,0.6909912047258744,0.9373185088522442,"[-0.4734768884222462, 0.7143953003740724]",23.539879726272208
4495.0,24.0,0.00012758674948691056,0.0012363057120824666,0.8025862220645319,1.4096323835388926e-07,1.3685751296494104e-06,"[0.5037557673597572, 1.1014166767693065]",0.014526037206928244,0.9413449246883336,0.989535293480851,"[-0.3724089262516126, 0.4014610006654691]",23.944514624999535
4496.0,24.0,0.0046567041620350505,0.01407709843420511,1.074746113091828,0.00019933153993440293,0.000602392082001822,"[0.5084714536228672, 1.641020772560789]",-0.30032431140478977,0.2791357762959856,0.7293853574496619,"[-0.8442077757533746, 0.24355915294379504]",1.1471543685778074
4497.0,24.0,0.004971150456861981,0.014808312352880493,1.1438696330418312,0.0002224067473510236,0.0006625163757849973,"[0.5366431108036093, 1.7510961552800532]",0.0018440779750772407,0.9947726887392871,0.999042938587908,"[-0.5498343033592025, 0.553522459309357]",23.99295614099567
4498.0,24.0,0.0029692558738840884,0.010014353706185796,0.8888350541844163,8.978313255456967e-05,0.0003028098905719045,"[0.44404705177811205, 1.3336230565907206]",-0.06744954213469079,0.7992687999467246,0.9642437759616215,"[-0.5873159923570166, 0.452416908087635]",0.2576382729605066
4499.0,24.0,5.481484461666938e-05,0.0007792399182767602,1.3736198180393735,1.820048615112945e-08,2.588973847955825e-07,"[0.8952781990721363, 1.8519614370066106]",-0.03711362603811441,0.8406812077896927,0.9708072590103425,"[-0.39897100745552966, 0.32474375537930084]",0.14176360896071963
4500.0,24.0,0.005735698508519657,0.01662521306817292,0.8414257537398465,0.00028433732236591175,0.000824282128878413,"[0.38700626878809347, 1.2958452386915995]",0.06978890954871808,0.8073811705957533,0.964880279922775,"[-0.49124658498460505, 0.6308244040820412]",23.73342600173588
4501.0,24.0,0.018505477081587198,0.04425030387753993,0.764260940872947,0.0019289591718018298,0.004612527909617001,"[0.28120889116052844, 1.2473129905853657]",0.21755206145167705,0.5147323245390826,0.8803357696922911,"[-0.4369419895180673, 0.8720461124214214]",23.169012336963213
4502.0,24.0,0.0037360733471515977,0.011917299352955655,0.9456839594110678,0.0001351327981300695,0.0004310456080703971,"[0.4600801760498622, 1.4312877427722732]",-0.036354425748007735,0.8937686932884773,0.9795722237604156,"[-0.5699395562213583, 0.4972307047253428]",0.13886367746550493
4503.0,24.0,0.002454895223317735,0.008744537390992712,1.0322601921938916,6.374485083289518e-05,0.0002270924504200042,"[0.5262724020699786, 1.5382479823178046]",-0.21203449463902935,0.41301282831050656,0.8276810186583298,"[-0.7197040981454201, 0.29563510886736144]",0.8099121102670441
4504.0,24.0,0.0003005155009627545,0.002085464961573591,1.2229997404094304,9.763964934116228e-07,6.774883962634522e-06,"[0.7334428477854413, 1.7125566330334194]",-0.2940118716251652,0.1632492130286387,0.5803578345239557,"[-0.7073253989617628, 0.11930165571143247]",1.1230426247242753
4505.0,24.0,9.158299274615226e-05,0.0010108498095601794,1.0743416886900299,6.439234007954232e-08,7.107322304585245e-07,"[0.6848465112220882, 1.4638368661579717]",0.1585882429415877,0.40847838865613806,0.8249322780995372,"[-0.21745447252525513, 0.5346309584084306]",23.39423753327011
4506.0,24.0,0.006112746644571445,0.017510016168924218,0.8730093745902305,0.00031689198062098017,0.0009079999444727226,"[0.39785620632975804, 1.348162542850703]",0.07583711135482751,0.7926254473273818,0.9628316126547152,"[-0.48953522278572215, 0.6412094454953772]",23.710323572593648
4507.0,24.0,0.0009044061440223221,0.004312857148413553,0.8897001277049635,9.665868821339203e-06,4.603802044962444e-05,"[0.4955824069263347, 1.2838178484835923]",-0.6192464993372493,0.006816016338894768,0.09362659806174133,"[-1.0678179973991069, -0.17067500127539165]",2.3653473926850075
4508.0,24.0,3.854947941898963e-06,0.0002186098267406235,1.1056871832199255,1.0033612934943237e-11,5.715020179261069e-10,"[0.7872768315696776, 1.4240975348701734]",0.15944169418525345,0.2954556078551065,0.7457943993876991,"[-0.13925024286992266, 0.45813363124042955]",23.390977589651296
4509.0,24.0,0.0005984076474054052,0.003266259574336787,1.0017851512895881,4.166286185901867e-06,2.272932998309802e-05,"[0.575215245539467, 1.4283550570397092]",0.2492143683022583,0.2674334513721689,0.7164035664938894,"[-0.19123155078908816, 0.6896602873936047]",23.048071233484116
4510.0,24.0,0.00012461731844784407,0.0012229373743654962,1.2489960375086928,1.337532899241105e-07,1.3125936204525073e-06,"[0.784801842305787, 1.7131902327115986]",0.1778440997746351,0.36564705570753575,0.7995780793954423,"[-0.20745991912637013, 0.5631481186756404]",23.320685578107327
4511.0,24.0,0.0008155942518799391,0.004019685815081021,1.0101297806468224,7.821007748522813e-06,3.8507767480134535e-05,"[0.5672200580572787, 1.4530395032363659]",0.3772011720932644,0.10111164031887042,0.4619576032715271,"[-0.07373268814391987, 0.8281350323304487]",22.559197654111205
4512.0,24.0,0.003185064711977861,0.010550784702254198,1.0513957140281256,0.000101794459263986,0.00033738758595318883,"[0.5211455187901237, 1.5816459092661275]",-0.036608359412648284,0.8910990706935967,0.9795465253756226,"[-0.5606691828800026, 0.487452464054706]",0.13983363261618453
4513.0,24.0,0.008162001709094273,0.021997515263815517,0.9044319396960012,0.0005151120552743553,0.0013891910875791673,"[0.3939884545156156, 1.4148754248763868]",0.11973732603906839,0.6887415342643428,0.9373183645404775,"[-0.46613945880188823, 0.705614110880025]",23.542637104518633
4514.0,24.0,0.02368780475937261,0.055036721095196584,0.9108141579934904,0.0028316754013263342,0.006580700444634753,"[0.31285844094117676, 1.508769875045804]",0.28433566066739324,0.4111968355087766,0.8267833441897668,"[-0.3938036963304713, 0.9624750176652578]",22.91391777857963
4515.0,24.0,0.0002742211202606215,0.001964334672354022,1.3225200269156079,7.952099568108006e-07,5.700429797926885e-06,"[0.7974372849148043, 1.8476027689164116]",0.003695064989148733,0.9859960346893752,0.9971100704756963,"[-0.4089122357162166, 0.41630236569451406]",23.985885891406348
4516.0,24.0,0.00041435636615203274,0.002565674093820636,1.2919677676173886,1.932264328658893e-06,1.1964485007175807e-05,"[0.7600335563552081, 1.8239019788795692]",-0.05069801527815798,0.8163226101541365,0.966095377463714,"[-0.4784895658192212, 0.37709353526290523]",0.19365215367521457
4517.0,24.0,7.099168921166794e-07,0.00012239946415804818,1.523576586100426,3.091623623743265e-14,5.330385558178043e-12,"[1.1303729832399338, 1.9167801889609182]",-0.21391404128846148,0.11672631222933934,0.49852374971028296,"[-0.4811885415682638, 0.05336045899134084]",0.8170914496277385
4518.0,24.0,5.951162657639862e-06,0.00025597823220029986,1.1341295991495826,3.8710738293127374e-11,1.668456437005911e-09,"[0.7977887500271799, 1.4704704482719853]",0.15383904199183895,0.32703566549423824,0.7687404811771833,"[-0.15380130086345434, 0.46147938484713225]",23.41237814463545
4519.0,24.0,0.005539366639647655,0.01617805677467189,1.2214540560788985,0.0002680758646614655,0.0007828288740506652,"[0.564543866154038, 1.878364246003759]",-0.14153306467341054,0.6191288744809538,0.9174210890671123,"[-0.6995855536440095, 0.41651942429718847]",0.5406164844892367
4520.0,24.0,0.00032344642245697106,0.002181495878545224,1.2443928964188067,1.1385615552799628e-06,7.682601587584095e-06,"[0.7431711691364105, 1.745614623701203]",-0.04717642648825926,0.8251435304547547,0.9669028334941271,"[-0.4656902787089607, 0.37133742573244216]",0.18020067535242928
4521.0,24.0,0.00021164950406664062,0.0016815450888626655,1.244410442181649,4.5002196494293664e-07,3.5772811203731055e-06,"[0.761103417140371, 1.7277174672229272]",0.22623737486563744,0.27008367797927446,0.7202045575339596,"[-0.1758201267001615, 0.6282948764314364]",23.135836883471992
4522.0,24.0,0.011246220160344437,0.028664492775757878,0.8985821719814537,0.0008713016589526478,0.0022215748570949714,"[0.36955214808278003, 1.4276121958801276]",-0.03560908741300306,0.9091728297534161,0.9847157609726442,"[-0.6473844663246566, 0.5761662914986505]",0.1360166947384999
4523.0,24.0,0.01101376986830403,0.028182625046837335,0.7080280316403736,0.0008449546048281216,0.002162115160767967,"[0.2922514321139725, 1.1238046311667749]",0.32390598815329685,0.2944468963416328,0.7441164931555037,"[-0.2816207822737913, 0.929432758580385]",22.76277026132011
4524.0,24.0,0.00049428895552655,0.0028838328793847723,1.190957637318746,2.8014256930082483e-06,1.6344373938204482e-05,"[0.6927077696383954, 1.6892075049990967]",-0.15796661892444153,0.4755521028780061,0.8615157119619586,"[-0.5919118052466771, 0.27597856739779403]",0.6033880378881266
4525.0,24.0,0.007876182496815463,0.021385236211825854,0.8432826826202916,0.00048713096410281056,0.0013222881761748386,"[0.3693923859130812, 1.317172979327502]",0.3481956864706639,0.23836042224523724,0.681029777843535,"[-0.23059661694673317, 0.926987989888061]",22.669990448038032
4526.0,24.0,0.0014662392317988508,0.006026031579899067,1.0973715519914904,2.4360639547045362e-05,0.0001002001506665788,"[0.5877788936804514, 1.6069642103025292]",-0.07534977259085363,0.7594882813881366,0.9564591353912479,"[-0.5577325030752877, 0.4070329578935804]",0.28781493044842954
4527.0,24.0,3.603621002236031e-05,0.0006082610377283698,1.2537359353871025,6.255432656288578e-09,1.0548790314146e-07,"[0.8307807584147462, 1.6766911123594588]",0.23968545619818116,0.17837269047832816,0.6054741699875362,"[-0.10938646520399892, 0.5887573776003612]",23.084468996611765
4528.0,24.0,0.0025508314760884524,0.008978639479368012,1.2834148464632151,6.845295416367616e-05,0.0002410315287453386,"[0.6516469709176871, 1.9151827220087432]",0.28201582171166883,0.27705869626165713,0.7267135463699592,"[-0.22650859125765654, 0.7905402346809942]",22.922778910667166
4529.0,24.0,0.0049305569629135015,0.014726872649084533,1.0247767742916591,0.00022025694237714157,0.000657091116876914,"[0.48113457853579034, 1.568418970047528]",0.34849777019377637,0.21125479404584613,0.6495912003621981,"[-0.19788313789447431, 0.894878678282027]",22.66883657321177
4530.0,24.0,0.00681252703310512,0.01905069080845951,0.9994369789246828,0.00038104386731177786,0.0010661551967313314,"[0.44809197843361837, 1.5507819794157471]",0.1855838430747223,0.5246902720616378,0.8839273529919359,"[-0.38621186148857556, 0.7573795476380202]",23.291121936400017
4531.0,24.0,0.0028128319011458155,0.009626392543277944,0.9397702408872337,8.186334493781526e-05,0.00028006618179204673,"[0.4721458166778453, 1.4073946650966223]",0.36151827322587415,0.16651568287486807,0.5847239461865604,"[-0.15063901435971772, 0.873675560811466]",22.619101915153337
4532.0,24.0,0.020223065678633793,0.047808665906935686,1.0033982209386192,0.0022130369282140723,0.005234240605993548,"[0.36071998049669185, 1.6460764613805465]",0.09509972333793915,0.7793098463916184,0.9596392629361795,"[-0.570066954399174, 0.7602664010750523]",23.636745814658287
4533.0,24.0,0.008110202923125628,0.021901709217190462,0.7422388953101132,0.0005105755557363812,0.0013788159755235786,"[0.3236200687597243, 1.160857721860502]",0.25400609561981913,0.3933668637679807,0.8163177410562709,"[-0.3292707406666423, 0.8372829319062806]",23.029768183359195
4534.0,24.0,0.006699545012689256,0.018829525049716852,1.1656242167245405,0.0003703356845082708,0.001040853525880469,"[0.5239541430011367, 1.8072942904479443]",-0.1596963962492639,0.5835675563109465,0.9053173383663459,"[-0.7306740959046286, 0.4112813034061008]",0.6099953005687768
4535.0,24.0,0.0001895270474215647,0.001578076997681638,1.1820957012958637,3.503916207958214e-07,2.9174989241950157e-06,"[0.7272827805329756, 1.6369086220587519]",-0.14482569896104813,0.4770549232753275,0.8629792389206359,"[-0.5440300171735042, 0.254378619251408]",0.55319342103335
4536.0,24.0,0.006536719585178368,0.018496659833555088,0.8389042919370444,0.0003573641054474133,0.0010100737858886753,"[0.3783016187298971, 1.2995069651441917]",-0.48450806241198574,0.09058871062200481,0.43678259702027394,"[-1.0456485961062278, 0.07663247128225625]",1.8506844744178577
4537.0,24.0,0.04950382992373937,0.10645984929836423,0.8313750208169752,0.008557537046650599,0.018407264028071843,"[0.21162798740055466, 1.4511220542333958]",0.0020066963644680413,0.9959492193866387,0.9991900609698904,"[-0.7726855831806507, 0.7766989759095868]",23.992334984503447
4538.0,24.0,0.010183530514239082,0.026450728608413198,0.6197350952330658,0.0007469558510399185,0.001938634443394546,"[0.25948805926644514, 0.9799821311996865]",0.9893935642606131,0.0007058991817701624,0.020884591176632026,"[0.4169055751390329, 1.5618815533821933]",20.220794966030752
4539.0,24.0,7.048153556396685e-06,0.00027861431118372923,1.3116732150493358,6.443605855612642e-11,2.5495573997440588e-09,"[0.9181624733939628, 1.7051839567047087]",-0.041588597579750086,0.7937228794214413,0.9628316126547152,"[-0.35332318159898024, 0.27014598643948007]",0.15885674114584467
4540.0,24.0,0.0006724601957146916,0.0035336846858365295,1.086426197212658,5.271659905035972e-06,2.771640328620385e-05,"[0.6188135802470982, 1.554038814178218]",-0.13786368164703244,0.5452006941773098,0.8915268848960768,"[-0.5845123361927096, 0.3087849728986447]",0.526600473767343
4541.0,24.0,1.4644926463971317e-06,0.00016397729653569806,1.3453671458392968,4.070159394002198e-13,4.625181129547952e-11,"[0.9818216153038726, 1.708912676374721]",-0.11462500124278563,0.42323552786979257,0.8330768809375543,"[-0.3951633416781142, 0.16591333919254292]",0.4378352531928955
4542.0,24.0,0.0025303259200508514,0.008928461256354452,1.1225999548128358,6.738076321687107e-05,0.00023784243987600096,"[0.5705140549555665, 1.6746858546701051]",-0.22968162448856333,0.376517700920599,0.8059627565530977,"[-0.7387306640728747, 0.27936741509574803]",0.8773191809935529
4543.0,24.0,5.07565170552718e-07,0.00011535572058016317,1.4474703400665383,8.79405192848112e-15,1.9986481655638906e-12,"[1.0816705310992216, 1.813270149033855]",-0.16296252792927035,0.2229858302736557,0.662664232788248,"[-0.4250613563198758, 0.09913630046133509]",0.6224710046086662
4544.0,24.0,0.0018110256690267773,0.00703037914994867,1.0440426862942849,3.6408896407599476e-05,0.00014133888356987375,"[0.5484732645973305, 1.5396121079912393]",0.28446916126384547,0.25547341112484945,0.7048644437930052,"[-0.2058326994073872, 0.7747710219350781]",22.913407843863684
4545.0,24.0,0.00033735083667499793,0.002236301564046778,1.170476507446615,1.2474564325863321e-06,8.283243244265154e-06,"[0.6972675914389495, 1.6436854234542806]",-0.10876935608530935,0.6115492382728567,0.9157510960143309,"[-0.5285359254469734, 0.31099721327635466]",0.41546833626958823
4546.0,24.0,1.8512139292049556e-05,0.0004245903507350816,1.2852604628087063,1.0484383473274705e-09,2.4046751085492442e-08,"[0.8724247237188855, 1.6980962018985273]",0.24972805066130288,0.14069819221548266,0.5364018002877723,"[-0.08251421976809548, 0.5819703210907012]",23.046109111405208
4547.0,24.0,0.0005001999347332093,0.0029013917327912375,1.1764340245230203,2.891524633724399e-06,1.6752749905703356e-05,"[0.6835777215167178, 1.6692903275293227]",0.3958218157133677,0.0714800252443474,0.39006400564206756,"[-0.03459859094482992, 0.8262422223715653]",22.4880720346946
4548.0,24.0,0.0002098649331861176,0.0016735640604953555,1.2211996689237563,4.40651122133291e-07,3.5139642913340587e-06,"[0.7472848982046447, 1.695114439642868]",0.14694470134804405,0.4744180458940773,0.8615157119619586,"[-0.2556872639953714, 0.5495766666914594]",23.438712586063115
4549.0,24.0,0.0016137461985949607,0.006465329321293913,1.162748573773156,2.923289948250395e-05,0.00011721290891140316,"[0.6174630179878783, 1.7080341295584338]",-0.13771223188966353,0.579149813191346,0.9033376518630002,"[-0.6243654454696286, 0.3489409816903015]",0.5260219783069751
4550.0,24.0,0.0043763764209356825,0.013440959523758239,1.1919994299065035,0.0001800648438281156,0.0005526852173975311,"[0.5682370378741786, 1.8157618219388285]",-0.61080234046028,0.023956544904917554,0.20510740500785576,"[-1.1410251695402875, -0.08057951138027253]",2.3330930816724567
4551.0,24.0,4.2615863702237356e-07,0.00010996435020225141,1.2538813868860843,4.486025862236734e-15,1.2124394222261442e-12,"[0.9404385059236671, 1.5673242678485015]",0.01988787945612014,0.8807251759322741,0.9766268042296392,"[-0.23988906321490433, 0.2796648221271446]",23.924033896246627
4552.0,24.0,0.020222934998962612,0.047808665906935686,0.8457327853443393,0.002212454293944014,0.005234100529794213,"[0.3040534796362664, 1.3874120910524121]",-0.023880250343114362,0.943938162026504,0.9899335969107845,"[-0.6894627274088252, 0.6417022267225965]",0.09121583722508593
4553.0,24.0,0.00019155834653696244,0.001587061694589581,1.5687191234969056,3.595138755048193e-07,2.978573947844402e-06,"[0.9645745040855772, 2.172863742908234]",0.20857963899647824,0.30544901846202177,0.751652013858742,"[-0.19032878715784907, 0.6074880651508056]",23.203284466209297
4554.0,24.0,0.0005314709754347076,0.0030197214513335664,1.3332273381051172,3.2571553022189468e-06,1.8506564217153106e-05,"[0.7717460385292981, 1.8947086376809361]",0.16813793867318338,0.4504984883837774,0.8504782689258926,"[-0.26858508153822647, 0.6048609588845932]",23.35776038253314
4555.0,24.0,4.525533552036288e-05,0.000695632641351312,1.2542770121311557,1.1198464101994471e-08,1.7228406310760725e-07,"[0.8238580795300636, 1.6846959447322478]",-0.013727501509917417,0.9398598752642777,0.9892015094756179,"[-0.37034567948098973, 0.3428906764611549]",0.05243519331851553
4556.0,24.0,0.004628509072829177,0.014008804699846176,1.1849054681206188,0.00019694853464146225,0.0005964522551225386,"[0.5610979963204855, 1.8087129399207522]",-0.2205506491555118,0.4277719880967311,0.8361454028474024,"[-0.7656526291749485, 0.32455133086392485]",0.8424414243654254
4557.0,24.0,0.014507531036647077,0.035697061766313036,0.9645718411670494,0.0013145296664922336,0.0032337140001842666,"[0.3761341150587686, 1.5530095672753301]",0.26405241586513206,0.41186608142239745,0.8271241167372688,"[-0.3666133129303263, 0.8947181446605904]",22.991394066712978
4558.0,24.0,0.015018400363768208,0.03678275866707864,0.8177896352404875,0.0013863266582207013,0.003396194655121757,"[0.316508371559578, 1.319070898921397]",-0.08695284497294686,0.7889378014418728,0.9619333365324607,"[-0.7236009208422383, 0.5496952308963445]",0.33213540224034616
4559.0,24.0,0.0001849443791996591,0.0015476517087837582,1.200524826523795,3.327112138764187e-07,2.7865260793669908e-06,"[0.7395083421070462, 1.6615413109405441]",-0.26700606809279925,0.1873764391673597,0.6190273600963575,"[-0.663949466499865, 0.12993733031426646]",1.0198880537400048
4560.0,24.0,0.001350890272737993,0.005683173213033206,0.9323377951924616,2.085593007595537e-05,8.774055564137724e-05,"[0.5029316439412471, 1.361743946443676]",-0.15857780737201832,0.5153010191035117,0.8807058948957643,"[-0.6362969057310459, 0.3191412909870092]",0.6057226057903469
4561.0,24.0,0.00016909235727003886,0.001459298747635282,1.2069426129328331,2.712688602752809e-07,2.3405423664821477e-06,"[0.7469298181368511, 1.6669554077288151]",-0.24736560016995135,0.2188110515971743,0.657423017751728,"[-0.6416319539712311, 0.14690075363132837]",0.9448669924305875
4562.0,24.0,0.0036343162518689947,0.011682148029151383,0.9371847857005549,0.00012907610243576768,0.00041490229005389803,"[0.45736624419226046, 1.4170033272088491]",0.26671011004546763,0.32327462739719304,0.7656907328213951,"[-0.26251459150918066, 0.7959348116001159]",22.981242422728332
4563.0,24.0,0.0001922272181261972,0.001589038590159661,1.088702835555371,3.6146096552530746e-07,2.989751575891708e-06,"[0.6693375218796622, 1.5080681492310797]",0.10110548110101014,0.6203076588484546,0.9175486145824342,"[-0.2988891835525441, 0.5011001457545644]",23.61380550981816
4564.0,24.0,1.1933653714650648e-05,0.0003465124435049128,1.5004457046579613,3.027331794932423e-10,8.800383124803556e-09,"[1.0334541870066078, 1.9674372223093148]",-0.06542078997473766,0.691693726359395,0.9377626441965766,"[-0.38875942483800824, 0.2579178448885329]",0.24988901053094903
4565.0,24.0,0.0064487593604110076,0.018299544155536345,1.1098371966086955,0.00034697110067625743,0.0009851536078258304,"[0.5017938006411328, 1.7178805925762584]",-0.0775592935029028,0.7893818822869803,0.9619333365324607,"[-0.6466563337095165, 0.49153774670371086]",0.29625467864885047
4566.0,24.0,0.001234458785070982,0.005350910546144803,0.9850265249961526,1.7608787373800635e-05,7.626153041923186e-05,"[0.5353385430277018, 1.4347145069646035]",-0.3296369707756446,0.16980849930716335,0.5896128448165394,"[-0.8002572085304711, 0.14098326697918195]",1.2591204797947795
4567.0,24.0,0.0022540216385269264,0.008241395387667006,0.9797761444520668,5.463765969181904e-05,0.0001996260858305409,"[0.5038410005647336, 1.4557112883394001]",0.3072466636471063,0.22962368013420176,0.6703174076703508,"[-0.19402525412827298, 0.8085185814224856]",22.826404193569683
4568.0,24.0,0.0001305566178733505,0.0012589837789136983,1.395837640964317,1.4887949239243418e-07,1.4370607373787084e-06,"[0.8751252680568677, 1.9165500138717662]",-0.10713026532588898,0.5877595112595808,0.9077706636973603,"[-0.4944702841667546, 0.2802097535149766]",0.4092074707526762
4569.0,24.0,0.0019242311863592145,0.0073668881560459976,1.1755451240451724,4.0659848340681006e-05,0.00015572519471727692,"[0.6140939135247229, 1.7369963345656219]",-0.153295665803733,0.5442360003768145,0.8913963247933143,"[-0.6487510690650928, 0.34215973745762684]",0.5855463112134559
4570.0,24.0,0.0020393128042505405,0.007683987519629077,0.9975131309100921,4.529446206885163e-05,0.000170657012941508,"[0.5181679617503616, 1.4768583000698225]",-0.16222547237429463,0.5234951290420846,0.8837210016087154,"[-0.6606149785753201, 0.3361640338267309]",0.6196556597708809
4571.0,24.0,0.00015595162297629868,0.0014037049772844166,0.902937425224977,2.2440564579686415e-07,2.0198527974515225e-06,"[0.5611526933129645, 1.2447221571369895]",-0.01989624483569319,0.9210313444301452,0.9877011736516302,"[-0.4132593642456104, 0.373466874574224]",0.07599805714961198
4572.0,24.0,0.001463793331468279,0.006021362943102752,0.9172407164002944,2.4298416512781473e-05,9.99934835916933e-05,"[0.49135460411926996, 1.3431268286813187]",0.13103229504526404,0.5940774798701489,0.9090257716643009,"[-0.3508610240257435, 0.6129256141162716]",23.499493500932893
4573.0,24.0,0.0024066814602472088,0.008616833011984277,1.2664741708534224,6.149407142927596e-05,0.00022009331220213302,"[0.6469977850555577, 1.885950556651287]",0.2254788722254597,0.38280386544233946,0.809701846218668,"[-0.28089140026703463, 0.731849144717954]",23.138734150140774
4574.0,24.0,0.03334426268586882,0.07441254783724352,0.9576059069131825,0.0047555945363164905,0.010612797447704733,"[0.2927881014908795, 1.6224237123354854]",-0.08670829199726526,0.8136771190649761,0.9660181871838728,"[-0.8077772510284358, 0.6343606670339053]",0.3312012786820847
4575.0,24.0,1.3390949237476705e-05,0.0003638844901488235,1.096055219322099,4.20901221605738e-10,1.1437533195808098e-08,"[0.7521225043661224, 1.4399879342780755]",-0.09418902633774628,0.5710614832682861,0.9008246509973031,"[-0.4200684965263169, 0.23169044385082432]",0.359775579039961
4576.0,24.0,0.002753170942831651,0.009470832276682665,0.9682494314360098,7.83410731074748e-05,0.0002694911355606288,"[0.4877397787029621, 1.4487590841690576]",0.036224329979007486,0.8904946459404163,0.9795465253756226,"[-0.47945872485624574, 0.5519073848142607]",23.861633251767575
4577.0,24.0,2.7408507125584648e-05,0.0005200855242046424,1.4714416845439562,3.0232781324591712e-09,5.74767705790717e-08,"[0.9851326482672854, 1.957750720820627]",-0.02820586784112411,0.872120514092691,0.9752862410683755,"[-0.37164877527174117, 0.31523703958949295]",0.10773847898667908
4578.0,24.0,0.006827067855401345,0.019070021942461858,0.956787936246954,0.00038226248685830407,0.001068667841370713,"[0.42884568834068226, 1.4847301841532259]",-0.15400396416500506,0.597962672897435,0.9110092270106063,"[-0.7263984090015774, 0.41839048067156726]",0.5882518116625841
4579.0,24.0,0.004961452088753446,0.014783826247775465,1.1662453937585835,0.00022175131855972218,0.0006607607823591245,"[0.5472664277858493, 1.7852243597313175]",-0.0992284211598875,0.7241859373144587,0.9485258871013498,"[-0.6503780155050429, 0.4519211731852679]",0.3790246493472125
4580.0,24.0,0.005261204029044567,0.015485957153224813,1.0196840564794993,0.00024713823159285675,0.0007270941789428851,"[0.47440958395476096, 1.5649585290042376]",-0.5160706355230804,0.06366089203457129,0.3673450203956797,"[-1.0614758834011293, 0.02933461235496848]",1.971244623073779
4581.0,24.0,3.5221889678680587e-06,0.0002119682796890759,1.604005839188771,7.52016578237659e-12,4.5576762317433876e-10,"[1.144883919549788, 2.063127758827754]",-0.1324245664939223,0.3822776946936316,0.809701846218668,"[-0.42948903194763416, 0.16463989895978953]",0.5058245842634188
4582.0,24.0,0.00533071276910428,0.015655544108969983,1.1345295142991976,0.0002508338347448642,0.0007370961937844967,"[0.5272119071406289, 1.7418471214577662]",-0.05469570826216774,0.8471565039279245,0.9708072590103425,"[-0.6108713471306617, 0.5014799306063262]",0.2089222160600692
4583.0,24.0,0.00025636066879700456,0.0018817333530467887,1.1206633673989235,6.911629310087809e-07,5.063712317874077e-06,"[0.6781704440361418, 1.5631562907617051]",-0.3421499437006039,0.09925196545764349,0.4575932017410949,"[-0.7489471816904941, 0.06464729428928628]",1.3069165156455556
4584.0,24.0,1.832352551822007e-05,0.0004231761089658215,1.3882510796348224,1.0200074093997565e-09,2.3556753103920475e-08,"[0.9426546509603565, 1.8338475083092884]",-0.2660908685328458,0.11599000095170504,0.49852374971028296,"[-0.5978879114317286, 0.06570617436603704]",1.016392248926834
4585.0,24.0,0.006418892944463311,0.018235491319498046,1.0263144927811505,0.0003442913832649602,0.0009782865770914632,"[0.46434881674423456, 1.5882801688180663]",0.0920321685881067,0.7510941045650187,0.9552799279805988,"[-0.4766356299279053, 0.6606999671041187]",23.648463010697668
4586.0,24.0,0.009484150398818699,0.024932046263981857,0.9674633857221496,0.0006597776242689727,0.0017348872581356106,"[0.4107042828002525, 1.5242224886440467]",-0.04858657957405477,0.873466357500837,0.9752862410683755,"[-0.646537789632013, 0.5493646304839035]",0.18558706337132475
4587.0,24.0,0.006218973173633212,0.017793914659894744,0.860843060643543,0.0003295615853963994,0.0009426818804244833,"[0.39098031456236615, 1.33070580672472]",-0.7763662299648573,0.005337885182839785,0.07955119497525759,"[-1.3225625194680486, -0.23016994046166595]",2.9655005555646285
4588.0,24.0,0.00031880248675899935,0.0021626498918014114,1.0639323250936723,1.1112475882241112e-06,7.54411125746172e-06,"[0.6358195135423421, 1.4920451366450025]",-0.33673066353252956,0.11148121691863175,0.4902428184636401,"[-0.751402790911294, 0.0779414638462349]",1.2862163902035817
4589.0,24.0,0.0011420722712531723,0.005069117937208932,1.1688968214011863,1.5102724435972863e-05,6.700410131310055e-05,"[0.6394542906189429, 1.6983393521834298]",0.20962673990093528,0.38115640432827735,0.8092048786820804,"[-0.2595169863927287, 0.6787704661945992]",23.19928483537265
4590.0,24.0,0.05108545080601416,0.10950793313186315,0.6700449165339555,0.008990981336808392,0.019273271890264506,"[0.16734032446314118, 1.17274950860477]",0.42725805639346337,0.2764503897220504,0.7263340040658952,"[-0.3421887464774901, 1.196704859264417]",22.36799444037947
4591.0,24.0,2.1078487138167265e-06,0.00018329119250580232,1.3090171922998268,1.4065820293203744e-12,1.2231148081046734e-10,"[0.9468145855434966, 1.671219799056157]",0.1757426550503043,0.22987262828141652,0.6703174076703508,"[-0.11113416354510042, 0.462619473645709]",23.328712505679604
4592.0,24.0,0.00011903185277862722,0.0011867582530271906,1.2355222595358408,1.2166091886194056e-07,1.2123133309818917e-06,"[0.7778418440003001, 1.6932026750713816]",0.5051291099238764,0.008831017007391953,0.10956596783364705,"[0.12704071545881424, 0.8832175043889385]",22.070548926144138
4593.0,24.0,0.0012565638463262958,0.005402252133818984,0.8733455689641313,1.8125295395757727e-05,7.79247437478836e-05,"[0.4740454403090661, 1.2726456976191964]",-0.03514882274260511,0.8847090312003765,0.977795127321371,"[-0.5102475752709943, 0.4399499297857841]",0.1342586132003144
4594.0,24.0,0.002238673335347091,0.008213347828646274,1.221131929318346,5.379494037007019e-05,0.00019748509680642508,"[0.6284918919442092, 1.813771966692483]",-0.15867145086778134,0.536712882111444,0.8887546089143881,"[-0.6620619985289117, 0.344719096793349]",0.606080297596085
4595.0,24.0,0.004485774510090631,0.013703395983490142,0.8866129831269997,0.00018733133899405077,0.0005717940129095621,"[0.42142157860637774, 1.3518043876476216]",-0.431049193306686,0.11632772811760693,0.49852374971028296,"[-0.9690356667082328, 0.10693728009486081]",1.646486635932792
4596.0,24.0,0.0027768760866929863,0.009535975572434706,0.9773897681057957,7.956408170147508e-05,0.0002733221631792342,"[0.49188803021416166, 1.4628915059974297]",0.035831474152532294,0.891776236631759,0.9795465253756226,"[-0.48033755402752365, 0.5520005023325882]",23.86313385048852
4597.0,24.0,0.052831277307788964,0.1128391228274006,0.8875835872651405,0.009422158050257822,0.020124216254288386,"[0.21755233550167363, 1.5576148390286075]",0.19377769144963608,0.6273173717553777,0.920090014308269,"[-0.5884931796336773, 0.9760485625329495]",23.259823741076502
4598.0,24.0,0.0030952485991747494,0.010331270357726133,1.0668114289887556,9.69450045314537e-05,0.0003235814570475758,"[0.530420681592271, 1.6032021763852402]",0.23365592500048837,0.37882635455258595,0.8068961035933379,"[-0.286714008183091, 0.7540258581840678]",23.107500109283116
4599.0,24.0,0.002941394233294622,0.00994722432632608,0.9564147164119469,8.826224034167559e-05,0.0002984857637527074,"[0.4783114694578625, 1.4345179633660312]",0.04044139566534266,0.8787173107014643,0.9766268042296392,"[-0.47899530604358465, 0.55987809737427]",23.845525247383815
4600.0,24.0,0.0024805248236283986,0.00881807615936153,1.0515278669656631,6.483065350488821e-05,0.0002305499769021629,"[0.5355793771198306, 1.5674763568114956]",0.037044742146713716,0.8867606611620387,0.978668406393285,"[-0.47281596599779185, 0.5469054502912193]",23.85849950812286
4601.0,24.0,0.00014124457457088797,0.0013324959865178112,1.0133063438472316,1.7868153221999368e-07,1.6856748322640913e-06,"[0.6328563943570762, 1.393756293337387]",0.084551254141644,0.6708729321312471,0.9335673496623571,"[-0.30541770728737583, 0.4745202155706638]",23.67703799900972
4602.0,24.0,0.0003678809057077827,0.002368546561742544,1.2519247532746176,1.5006663882764941e-06,9.663016022385667e-06,"[0.741915921566513, 1.7619335849827222]",0.02640230741911953,0.9027114892397694,0.982851517978372,"[-0.39693645064460803, 0.4497410654828471]",23.89915061436517
4603.0,24.0,0.04178401494435186,0.09129127145368551,0.8364819065655034,0.006701718482534991,0.014642164043117743,"[0.2318029286439437, 1.4411608844870631]",0.7308451789964163,0.04846492164189524,0.3157323885465488,"[0.0049278197775664, 1.4567625382152662]",21.208377051068144
4604.0,24.0,0.16215606536044525,0.3153560197597146,0.6262080305500507,0.04669517192220635,0.09081130284365295,"[0.009158523715343092, 1.2432575373847583]",0.09514539709663072,0.8554006843469792,0.9710102122541093,"[-0.9281742282822352, 1.1184650224754966]",23.63657135375112
4605.0,24.0,6.522763952188902e-07,0.00012239946415804818,1.6939563950972494,2.2439952588362398e-14,4.315375497762e-12,"[1.259150900299656, 2.128761889894843]",-0.023282739019658827,0.8641619836187981,0.9730053822856072,"[-0.29002175311900896, 0.2434562750796913]",0.08893351208873404
4606.0,24.0,0.00016754752432567873,0.0014561729098701026,1.4350959505371033,2.664049965902173e-07,2.3183829941060833e-06,"[0.8884861318170147, 1.9817057692571918]",-0.3244568180010603,0.1054079458393316,0.47457951325467035,"[-0.7172004247227401, 0.0682867887206196]",1.2393337537136686
4607.0,24.0,0.006324630844975156,0.018030266210927164,0.8788915274670382,0.0003357960640792736,0.0009575023212981853,"[0.3985238774509081, 1.3592591774831684]",0.09913690340491677,0.7320931539614233,0.9512605204558294,"[-0.46843726351991744, 0.666711070329751]",23.62132492272681
4608.0,24.0,0.003915049616524855,0.0123581111632729,1.0292809684659554,0.00014700830853410342,0.00046404137794855873,"[0.4978487502910883, 1.5607131866408226]",0.21005105259235357,0.4413936928749871,0.846978439121565,"[-0.3247243449399311, 0.7448264501246382]",23.19766408027851
4609.0,24.0,9.441090573822793e-05,0.0010352072997612712,1.1758918061575123,6.966509048278843e-08,7.630349450469707e-07,"[0.7484638355195037, 1.603319776795521]",-0.31877494455428224,0.09561021269972099,0.4490850760907515,"[-0.6936807495074359, 0.056130860398871385]",1.2176305958318132
4610.0,24.0,1.5152776097809096e-06,0.00016397729653569806,1.1483135931462338,4.569993055170555e-13,5.021999515928027e-11,"[0.83734290119906, 1.4592842850934078]",-0.04506170153964284,0.7536181691206963,0.9552799279805988,"[-0.3264479973714717, 0.236324594292186]",0.1721230210599799
4611.0,24.0,0.0009480623835630031,0.004446821686505643,0.8681577525569331,1.0549386978640947e-05,4.941164861190139e-05,"[0.4819311702134554, 1.2543843349004107]",-0.4049366596813,0.08233741435722382,0.4179564180569737,"[-0.8617774533292701, 0.05190413396667015]",1.5467441046575878
4612.0,24.0,2.815468685355417e-05,0.0005272413268455837,1.4565576692618687,3.2510762310426275e-09,6.088157736034882e-08,"[0.9741966890859934, 1.938918649437744]",-0.10365371143374347,0.5546596632536733,0.8948702936230022,"[-0.44752680587203647, 0.24021938300454954]",0.3959280130680284
4613.0,24.0,6.67892774437521e-06,0.00027260929568878405,1.492051893548749,5.489231179433788e-11,2.2405025222178726e-09,"[1.0460617413525182, 1.9380420457449798]",0.12702666530418227,0.4222833876742337,0.8326729046370046,"[-0.1832265498560391, 0.43727988046440364]",23.514793879496633
4614.0,24.0,0.0007706438743902813,0.0038551469454241186,1.2333503089299784,6.95991908177427e-06,3.481347932367861e-05,"[0.6955593681138746, 1.7711412497460821]",-0.26756008749377,0.24462434880627226,0.6899722244086041,"[-0.7182739025771463, 0.18315372758960624]",1.0220042519696042
4615.0,24.0,0.20891101335280896,0.39536527886602757,0.5013024445631288,0.06657813248224007,0.12602334371046767,"[-0.03428146737840154, 1.036886356504659]",0.079116514550015,0.8888745986517679,0.9792024038600581,"[-1.030647399357742, 1.188880428457772]",23.697797175099918
4616.0,24.0,0.0011074318842221916,0.004954952502112715,1.4219218669458078,1.439209221939225e-05,6.427910772394931e-05,"[0.7794486183766025, 2.064395115515013]",0.6905541905609818,0.0029410248505418067,0.054245655435977605,"[0.23543108693128162, 1.1456772941906819]",21.36227729038553
4617.0,24.0,7.934415807003706e-06,0.0002885242111637711,1.588757908902182,9.182946696183743e-11,3.3392533440668157e-09,"[1.1082034802920797, 2.069312337512284]",0.047290485272054816,0.7680572414827574,0.9583740532091365,"[-0.2669932962608514, 0.361574266804961]",23.81936365218571
4618.0,24.0,0.09971401089855458,0.20227649890825494,0.5231603938087364,0.023590336996061077,0.04786029011170841,"[0.07020325418023715, 0.9761175334372356]",-0.48662536163455616,0.28103083763397907,0.7309347944023468,"[-1.371377121066569, 0.39812639779745673]",1.8587719617124987
4619.0,24.0,3.140187957564782e-05,0.0005557854792150056,1.1046876956049703,4.3618299995273755e-09,7.733741133913787e-08,"[0.7358286664210463, 1.4735467247888943]",-0.24450572726297626,0.16535591194041055,0.5828548182601712,"[-0.5899456292163141, 0.10093417469036164]",0.9339430825963553
4620.0,24.0,0.0007497941761101661,0.0037903298631495196,1.5900352189853193,6.56111493264362e-06,3.320402293847986e-05,"[0.8986440254070693, 2.2814264125635693]",-0.047948543063890625,0.8352259554615961,0.9707873627483405,"[-0.49975467153282255, 0.4038575854050413]",0.18314994342414734
4621.0,24.0,2.5290376902336598e-05,0.0005046308064450724,1.2678127011660303,2.4415508172266003e-09,4.8733549246039927e-08,"[0.851260489894484, 1.6843649124375766]",-0.1296616561017352,0.45613019083910455,0.8520462075951002,"[-0.4706715003191264, 0.21134818811565603]",0.49527104395374166
4622.0,24.0,0.0009768057503084647,0.004546774998920297,1.225400260575409,1.111466331227602e-05,5.174424260836136e-05,"[0.6788381527848063, 1.7719623683660117]",-0.14798175280558823,0.5308082080614236,0.8847149201939244,"[-0.6107314586456098, 0.3147679530344334]",0.5652486587138956
4623.0,24.0,0.006356231743634105,0.018101673714171925,1.0772254974541375,0.00034057486001941615,0.000968918520681127,"[0.4878500139417723, 1.6666009809665028]",-0.44257614051661154,0.12179284364283782,0.5066249294290442,"[-1.0031899620497808, 0.11803768101655776]",1.6905163309860476
4624.0,24.0,5.774448398114215e-06,0.00025332447423595387,1.4573891230686709,3.5203314219457394e-11,1.5508067938086958e-09,"[1.0260982233817515, 1.8886800227555902]",0.03381169548918361,0.8293777630049683,0.9686729303958986,"[-0.2737047982648746, 0.3413281892432418]",23.870848836685884
4625.0,24.0,5.5627809752362224e-05,0.0007857035275757376,1.166576612662814,1.9231561336166597e-08,2.70867061072769e-07,"[0.7596466384192857, 1.5735065869063425]",-0.5285333065667004,0.0035671593906846173,0.061952115691995296,"[-0.8840140191787927, -0.17305259395460804]",2.0188485198910673
4626.0,24.0,0.2289326284783625,0.426092784550381,0.4411945728064144,0.0756929123584958,0.14091439857285815,"[-0.04563385509477663, 0.9280230007076054]",0.13912566937087956,0.8117687921202392,0.9656985281831257,"[-1.0058974692708478, 1.284148808012607]",23.46857908820774
4627.0,24.0,0.009773422827576869,0.025551432228959132,0.7489737235347788,0.0006944380950889799,0.001815524431605176,"[0.3161721456133183, 1.181775301456239]",0.24270052862227764,0.4262412193484152,0.8356032529865031,"[-0.35516308024667564, 0.8405641374912309]",23.072952268289963
4628.0,24.0,0.00031526749845397947,0.0021475987633104866,1.0921390413744603,1.0838096908190102e-06,7.382899801219415e-06,"[0.6531211845163871, 1.5311568982325334]",-0.31076075597945785,0.14195773383377755,0.5393530920736229,"[-0.7255128875133068, 0.10399137555439109]",1.1870186503945197
4629.0,24.0,0.0034134773766069633,0.011118818816309326,1.0176279955837437,0.00011516385453151308,0.0003752144548904243,"[0.5004051193631436, 1.5348508718043439]",-0.03389165162576191,0.8999136178153219,0.9819188762660309,"[-0.5620475587787731, 0.4942642555272493]",0.12945657325892349
4630.0,24.0,0.00024461314749075146,0.001825471249930981,1.0617128605400925,6.204554051256811e-07,4.629910972984468e-06,"[0.6442548934249994, 1.4791708276551856]",0.2068594821990546,0.3195200281262842,0.7628347551089013,"[-0.20043299278787668, 0.6141519571859859]",23.209854981182172
4631.0,24.0,0.0014679666651342019,0.0060286105344320405,1.2195203314169132,2.4407850280190253e-05,0.00010027876039519413,"[0.6531461843966602, 1.7858944784371662]",0.012773554409456267,0.9586301077810119,0.9938808419181301,"[-0.4698636482012968, 0.4954107570202093]",23.951208616197164
4632.0,24.0,0.0014433860599063202,0.0059570204701045,1.1699365296416608,2.3636020442203332e-05,9.754857797029853e-05,"[0.62752057704997, 1.7123524822333516]",-0.017640222979548703,0.9427931544509675,0.9899283388510246,"[-0.4994455752537798, 0.4641651292946824]",0.06738068842652203
4633.0,24.0,0.002603017824039857,0.00911740043446535,0.8096289969600423,7.11955046755604e-05,0.0002491967262007714,"[0.4101471527403965, 1.209110841179688]",0.38657416753719076,0.13521045294965006,0.5285831755590654,"[-0.12061394028677441, 0.8937622753611559]",22.523395448755718
4634.0,24.0,0.02006986347789195,0.04752513255479978,0.8179572096045679,0.002191016018411991,0.005188292726526145,"[0.2945663084949137, 1.341348110714222]",-0.27730564736437024,0.4110397382613772,0.8267833441897668,"[-0.9384563946228843, 0.38384509989414384]",1.0592295486081011
4635.0,24.0,6.2341133706109e-05,0.0008257103802133643,1.293622352202239,2.5141642736787198e-08,3.3344353762317243e-07,"[0.838611132165104, 1.748633572239374]",-0.1364325914864848,0.463810969164531,0.8557397955065147,"[-0.5014449772727296, 0.22857979429976005]",0.5211341120138709
4636.0,24.0,0.0009101347623266999,0.004333975058698571,0.9528909212092948,9.667984294421132e-06,4.603802044962444e-05,"[0.530776551837209, 1.3750052905813805]",-0.1477726452027941,0.5285730863801228,0.8840013597459259,"[-0.6073658366037511, 0.31182054619816296]",0.5644499265069488
4637.0,24.0,8.956779234999672e-06,0.000308854456379299,1.1445541519904106,1.314065712700123e-10,4.5312610782762865e-09,"[0.7954338164861006, 1.4936744874947205]",0.004189115630879314,0.979336120923197,0.9967274161587315,"[-0.31280419072371574, 0.32118242198547436]",23.98399875696389
4638.0,24.0,0.00567650095280948,0.01649666071726091,0.7058622214111923,0.00028113468508659146,0.0008163028022258753,"[0.32496185516202075, 1.0867625876603637]",-0.4591092325439119,0.10330771564773891,0.4678791469553393,"[-1.0114872082760233, 0.09326874318819944]",1.753668090683761
4639.0,24.0,0.0004955647471752394,0.002887571068722717,0.8271509710770566,2.859810985905452e-06,1.6617146925656317e-05,"[0.4807910283289723, 1.173510913825141]",0.8009028072692388,0.00017458416708544423,0.008155485501129392,"[0.38266336167694687, 1.2191422528615308]",20.9407766228862
4640.0,24.0,0.0038533752640930894,0.012201948271352403,1.251898265902567,0.00014271107670382237,0.00045190334611723353,"[0.6067750941148151, 1.897021437690319]",-0.05716206285784953,0.8342477274368425,0.9707873627483405,"[-0.5925594917608931, 0.478235366045194]",0.21834299666775325
4641.0,24.0,0.00016720232640960375,0.0014561729098701026,1.2872754863564537,2.675035578273598e-07,2.320872782161914e-06,"[0.7968949899094055, 1.777655982803502]",0.5535031547435576,0.005122978952196388,0.07766380892613771,"[0.16594699212295505, 0.9410593173641602]",21.88577368573451
4642.0,24.0,0.05207367002024461,0.11148291590718178,0.5855605345621037,0.00921795926119202,0.019738670794843725,"[0.1448009577219163, 1.026320111402291]",-0.04842441856647195,0.9034117644976953,0.982851517978372,"[-0.8305265057354404, 0.7336776686024965]",0.18496765394891912
4643.0,24.0,0.0011823261074988055,0.005190193623787557,1.1688211869557599,1.611303225815262e-05,7.073324081717568e-05,"[0.6376588958065282, 1.6999834781049916]",-0.004554630082124866,0.9849191764750961,0.9971100704756963,"[-0.47682461390287506, 0.46771535373862533]",0.017397405396605226
4644.0,24.0,0.015692438623613705,0.03819040794259845,1.0481162802806925,0.00148592076479805,0.003616258858111584,"[0.4015946798005179, 1.694637880760867]",-0.0030030307367825415,0.9926741726502917,0.999042938587908,"[-0.6440430584454927, 0.6380369969719276]",0.01147073246438011
4645.0,24.0,0.00022643008216100411,0.0017457986288435165,1.2982700178753852,5.213692771213713e-07,4.019809384127766e-06,"[0.7912110402395507, 1.8053289955112197]",-0.06507566989550817,0.7532610371042248,0.9552799279805988,"[-0.47083063612087195, 0.3406792963298556]",0.24857074893327769
4646.0,24.0,0.004625021899499433,0.014004316481842914,1.0266667937422,0.00019748275845729766,0.0005976874571410722,"[0.48606665580982256, 1.5672669316745775]",0.41777442999527903,0.1296629849642368,0.5209440938699751,"[-0.12254854171904161, 0.9580974017095997]",22.404219224852458
4647.0,24.0,8.87354526593077e-06,0.0003071388681463553,1.519160462078203,1.2842682107832106e-10,4.443834639388272e-09,"[1.056026349668146, 1.9822945744882603]",0.19565278724824253,0.22478532810598006,0.6635832884002506,"[-0.12024797289781208, 0.5115535473942971]",23.252661402713645
4648.0,24.0,1.9691363261799562e-05,0.0004375858502622125,0.98270906690156,1.2388820748560048e-09,2.7530712774577886e-08,"[0.6656665106776125, 1.2997516231255075]",0.17516697412751725,0.3047083972924097,0.7514276816848787,"[-0.15932711864180654, 0.5096610668968411]",23.33091144482773
4649.0,24.0,0.0036940232363231866,0.011805762979620283,0.9805688537265674,0.00013247288577745387,0.0004233713191992773,"[0.47769797259693325, 1.4834397348562016]",-0.05911863627387426,0.8278422141596234,0.9680100726843118,"[-0.5919299980949084, 0.4736927255471599]",0.22581655660413402
4650.0,24.0,0.000899838911518372,0.004296291298522153,0.983964679230331,9.455316078972146e-06,4.5154327024699836e-05,"[0.5485575126131674, 1.4193718458474947]",-0.1632336975777866,0.4857217413608439,0.8681044865937313,"[-0.6221615711078347, 0.29569417595226144]",0.6235067963681348
4651.0,24.0,0.1040414403365244,0.21022719809360357,0.592161431576864,0.024999861495259474,0.05051497574309855,"[0.07435445452878775, 1.1099684086249402]",-0.20838417016409938,0.6520431668883204,0.9299133911664488,"[-1.114133282387551, 0.6973649420593523]",0.7959688978492577
4652.0,24.0,0.0018380844368996593,0.007107035191530084,0.760067001209185,3.729502213322343e-05,0.0001442473018294716,"[0.3988065376051207, 1.1213274648132494]",-0.0606515814163604,0.8097633154440986,0.9652974790766282,"[-0.5544588890233337, 0.4331557261906129]",0.23167197573010312
4653.0,24.0,0.001726025585796479,0.006805393492647469,1.107533734572281,3.317262183691617e-05,0.00013085846878467915,"[0.5845322325811441, 1.6305352365634183]",-0.12571624136299953,0.6151762603468842,0.9172188963428358,"[-0.6158694892317323, 0.3644370065057333]",0.48020066975652403
4654.0,24.0,4.353171192326369e-06,0.0002327899033329609,1.4893066567641908,1.4675535564944754e-11,7.847879981253879e-10,"[1.0569328328822607, 1.921680480646121]",-0.0544307720867625,0.723582395153717,0.9484629638926688,"[-0.35607020582309395, 0.24720866164956895]",0.20791023441399867
4655.0,24.0,0.005954131310523175,0.01714405790533595,1.0027302689117414,0.0003031462162566297,0.0008731169823059611,"[0.4587129105656055, 1.5467476272578775]",0.11901085252096255,0.6787586026926871,0.9353156989013188,"[-0.4441972511024799, 0.682218956144405]",23.545412028953
4656.0,24.0,1.9062975369878256e-05,0.00043226701518998313,1.1495840098953287,1.1308115152750584e-09,2.5641984473357332e-08,"[0.7795950745993574, 1.5195729451913]",-0.10591472821492953,0.5344802703365098,0.8875013753432418,"[-0.44009899360888277, 0.2282695371790237]",0.4045644609993761
4657.0,24.0,0.001225227867209645,0.005327077683520196,0.9005340301413892,1.726281928487953e-05,7.505573602121535e-05,"[0.4898399511230837, 1.3112281091596947]",0.01807108604801755,0.9404270601629094,0.9892015094756179,"[-0.4558644415208538, 0.4920066136168889]",23.930973535882057
4658.0,24.0,8.949341308886015e-05,0.001002165880054425,1.0325200853181336,6.121447201419156e-08,6.854924077737016e-07,"[0.6588135031094545, 1.4062266675268127]",-0.29874211425814146,0.11709035222125293,0.49868122751811295,"[-0.6723763677469413, 0.0748921392306584]",1.141110820653768
4659.0,24.0,1.0773439390535053e-05,0.0003311127243035013,1.0838146001992215,2.2583568648665499e-10,6.970237237242438e-09,"[0.7489017173026892, 1.4187274830957537]",0.14034435299354975,0.3909779432801922,0.8145373818337338,"[-0.1803077588361095, 0.460996464823209]",23.463924059665025
4660.0,24.0,1.0217384678946533e-05,0.0003248576044199919,1.6539312028162962,1.9324472925936267e-10,6.213656889368574e-09,"[1.144768121733874, 2.1630942838987184]",-0.050810419363456205,0.7555416675936147,0.9553874318273853,"[-0.37067418275543107, 0.26905334402851866]",0.19408150565438903
4661.0,24.0,3.421816180453542e-06,0.00020932207166557925,1.5037218069822804,6.873370113177038e-12,4.264998436143821e-10,"[1.0741113943463731, 1.9333322196181877]",-0.19220162372204808,0.2032487503225594,0.6375431315011274,"[-0.48827442329707893, 0.10387117585298278]",0.7341561236556586
4662.0,24.0,0.15509266859318302,0.3028562167412283,0.7421260607761707,0.04397294157697001,0.08586788044711972,"[0.020036391082782656, 1.4642157304695589]",0.4996542074593826,0.32425427987527744,0.7664141157578481,"[-0.493803728506952, 1.493112143425717]",22.09146151310822
4663.0,24.0,0.00041523059441630155,0.002566320113821394,1.1131524224997558,1.950344841594698e-06,1.2046601862845574e-05,"[0.6546597222132888, 1.5716451227862227]",-0.28359094627221726,0.1914233192835998,0.6240808668977081,"[-0.7090628498301457, 0.1418809572857112]",1.0832376219679556
4664.0,24.0,1.3960314632976902e-05,0.0003733662596979804,1.3085324087973709,4.732727881615307e-10,1.26882785029901e-08,"[0.8967161238324463, 1.7203486937622956]",-0.04312921210882337,0.7960254802067559,0.9628316126547152,"[-0.37014499661868266, 0.28388657240103593]",0.1647414551706736
4665.0,24.0,0.003574351653257538,0.011526448414245527,0.914315920958407,0.00012500516303102637,0.00040311242512423856,"[0.4471675726665526, 1.3814642692502614]",0.08967670569353725,0.7404730720266679,0.9527445599931393,"[-0.44096585946186817, 0.6203192708489427]",23.657460216208236
4666.0,24.0,0.0002594793300901578,0.001889871304371142,0.8474902089443914,7.048629234696494e-07,5.144984842844155e-06,"[0.5126023197145677, 1.1823780981742151]",0.08945210195602282,0.6692352679276508,0.9332201550489372,"[-0.32095005979827174, 0.4998542637103174]",23.65831813928973
4667.0,24.0,1.5181384983080946e-05,0.0003882707156798196,1.457678805772991,6.073324769280364e-10,1.5532799921433155e-08,"[0.9960175667346272, 1.919340044811355]",-0.3682271598878799,0.026777471033996306,0.21859160027752086,"[-0.694093790706436, -0.04236052906932386]",1.4065241442442986
4668.0,24.0,4.78752903310378e-06,0.0002413319386198876,1.1677028824911466,1.999703046576856e-11,1.0150776886176933e-09,"[0.826420405178617, 1.5089853598036762]",-0.32941388075835487,0.032123256343956345,0.24691203953848076,"[-0.6307099387717741, -0.028117822744935683]",1.2582683386986329
4669.0,24.0,0.08652111785738005,0.17780747607353073,0.6566738853799833,0.01926368060807911,0.03958832841775403,"[0.10674079954820459, 1.206606971211762]",0.4235024116137218,0.3339298716976311,0.7747226475057227,"[-0.4355588800223186, 1.282563703249762]",22.382339946728106
4670.0,24.0,0.0018604027620621728,0.007174711770390177,0.9221206842300399,3.8358496369799905e-05,0.0001478169416947973,"[0.48314640746372556, 1.3610949609963543]",0.3611860867216201,0.14852822523679834,0.553177747623085,"[-0.12880311916465847, 0.8511752926078987]",22.62037077413367
4671.0,24.0,0.01479577182494045,0.03628193189048664,0.7945019054590963,0.0013593285670070153,0.0033333216454316215,"[0.30835707648073746, 1.280646734437455]",-0.40442785137317294,0.2071313870186976,0.6430654673042459,"[-1.032781880336988, 0.22392617759064204]",1.5448006000817964
4672.0,24.0,0.003964350979089908,0.012478284479351301,1.2266705382609646,0.0001500807038606153,0.00047239755700539916,"[0.592465646152404, 1.8608754303695252]",0.11451808093139348,0.6758280496267042,0.9341755514903409,"[-0.42223765884553666, 0.6512738207083236]",23.562573152312904
4673.0,24.0,0.0014283538239834295,0.0059194107914771225,1.077619326598073,2.3172839293843684e-05,9.603331659280433e-05,"[0.578529910517303, 1.5767087426788429]",0.05620894257204068,0.8189104067381194,0.966095377463714,"[-0.42498402719291684, 0.5374019123369982]",23.78529765464859
4674.0,24.0,0.000523379902831868,0.002989034282306499,1.1602081931567392,3.1860086180839577e-06,1.8164245257035107e-05,"[0.6720701197507539, 1.6483462665627244]",0.48814388714414836,0.02604617523916734,0.21433894524739827,"[0.05824736071867448, 0.9180404135696223]",22.135427698101996
4675.0,24.0,3.288372489345328e-05,0.0005758971084667824,0.9822906118342927,4.911296473049284e-09,8.60121974264323e-08,"[0.653195769136996, 1.3113854545315893]",0.17519463732141016,0.32289044711121595,0.7656907328213951,"[-0.1721628144085362, 0.5225520890513565]",23.330805779210536
4676.0,24.0,0.0017458501006629567,0.0068491569268848826,1.1121232013566862,3.3868538299103515e-05,0.00013287148381899668,"[0.5863522125734378, 1.6378941901399346]",-0.05581649568075964,0.8237534468073464,0.9666963285808975,"[-0.5470087056818231, 0.4353757143203039]",0.21320330864784773
4677.0,24.0,0.0007809776467392135,0.00389320860787245,1.11074979482379,7.123643641538258e-06,3.552939472088906e-05,"[0.6258836870002008, 1.5956159026473795]",-0.099891760455324,0.6658070001514305,0.9325641276687483,"[-0.5531907374639049, 0.35340721655325685]",0.38155841881479197
4678.0,24.0,0.0007838061776858898,0.003903417219551244,1.1975820486349675,7.1850749584998825e-06,3.5787126235819827e-05,"[0.6745987194250045, 1.7205653778449306]",-0.18108619380800395,0.4330316338581037,0.8403805664106482,"[-0.6337850181449634, 0.2716126305289554]",0.6916983088857792
4679.0,24.0,0.002892979845960218,0.009833378130388232,0.973452732747194,8.581401117261638e-05,0.00029178514509560147,"[0.48767148119238335, 1.4592339843020046]",0.19869965653541222,0.4513290901603151,0.8506966171255329,"[-0.3183524038372094, 0.7157517169080339]",23.241023219321455
4680.0,24.0,1.524988857781992e-06,0.00016397729653569806,1.513137623636431,4.670459549813065e-13,5.021999515928027e-11,"[1.103203107010426, 1.9230721402624358]",0.02177164708460566,0.8795277352548723,0.9766268042296392,"[-0.259763149270856, 0.3033064434400673]",23.916838433933584
4681.0,24.0,0.0001500351839232424,0.0013726915272025838,1.0627477325194514,2.0617338795518908e-07,1.8863073005964235e-06,"[0.6616937928426754, 1.4638016721962275]",0.2352321766651997,0.2377890134921241,0.6797856303376905,"[-0.15530946995849626, 0.6257738232888956]",23.10147927142722
4682.0,24.0,0.207825060106635,0.39360806838377843,0.5050826630184063,0.06624334617711332,0.12546088291119947,"[-0.033875381037180574, 1.0440407070739932]",0.5342483446188684,0.3354031554351925,0.776272952420873,"[-0.5527659454118032, 1.62126263464954]",21.95932164276587
4683.0,24.0,1.9476736314364814e-05,0.0004370714136795862,1.3490630213357362,1.1998030156026995e-09,2.702259044150224e-08,"[0.9141950118825185, 1.783931030788954]",-0.11136826140105516,0.5142674434732715,0.8803357696922911,"[-0.4460437200974851, 0.2233071972953748]",0.4253954233326782
4684.0,24.0,0.011809800934726946,0.02989066295805352,0.950091624914258,0.0009452270108771889,0.0023920365353437252,"[0.3868874958029993, 1.5132957540255167]",-0.2704354389844985,0.3869615135063865,0.812261783178813,"[-0.883103019439197, 0.3422321414702]",1.0329872856386302
4685.0,24.0,0.0006489645847885761,0.00344278294317547,1.1970356106058122,4.911045092525196e-06,2.6067118325505284e-05,"[0.6834929113280129, 1.7105783098836116]",0.20631176213841673,0.36287430057662995,0.7977012542902394,"[-0.23809182460322753, 0.650715348880061]",23.21194711770412
4686.0,24.0,0.001075363253433658,0.004861497529085252,0.8907945117354307,1.3401208390046587e-05,6.058412472896287e-05,"[0.48975041305206224, 1.291838610418799]",0.023509324799157127,0.9215453510062641,0.9878688510655973,"[-0.4443421334890172, 0.49136078308733144]",23.910200993987072
4687.0,24.0,0.00640977404627556,0.018214760006466497,0.6990122316377626,0.00034418972729825836,0.0009782865770914632,"[0.31627144907228727, 1.0817530142032379]",0.2568225384964107,0.37399662320028404,0.8058196345601851,"[-0.309382324908944, 0.8230274019017654]",23.019010164021303
4688.0,24.0,0.002116505168668873,0.007882582383421573,1.002910739909756,4.845473296736706e-05,0.0001805990792671154,"[0.5191083257849873, 1.4867131540345249]",-0.03595470544555379,0.8882002420573021,0.979163537493745,"[-0.5372277998123753, 0.46531838892126776]",0.13733685837775136
4689.0,24.0,1.8208145426361748e-05,0.0004224627709132656,1.5221123968686652,1.0144083273628684e-09,2.348167424451084e-08,"[1.0336198998039965, 2.010604893933334]",0.484547650413643,0.0037860869381445973,0.06395417125244252,"[0.15655230037191076, 0.8125430004553753]",22.14916431055452
4690.0,24.0,0.0017424909504640618,0.006844323637757904,0.9756269494058051,3.3868941225462257e-05,0.00013287148381899668,"[0.5143860702564091, 1.436867828555201]",-0.280345250749896,0.2605960008565362,0.7092977704315085,"[-0.7687671390868455, 0.20807663758705341]",1.070839978300388
4691.0,24.0,0.0009838439226479351,0.004571765439813825,0.959641159167852,1.126825793981487e-05,5.238613640081297e-05,"[0.531324165282343, 1.387958153053361]",0.12260676218498645,0.6039879969536144,0.9122797909689765,"[-0.3406992307326018, 0.5859127551025747]",23.531676665802408
4692.0,24.0,0.00150974288349908,0.006139661990642863,0.9024537839644519,2.5934188832561566e-05,0.00010542353183968116,"[0.4819684135467187, 1.3229391543821851]",0.4095117161214805,0.09335733723904707,0.4419538536594276,"[-0.06882755691731152, 0.8878509891602726]",22.435780467005312
4693.0,24.0,0.014512126996305422,0.035697061766313036,1.1053251545865594,0.0013141076684355113,0.0032335326487094277,"[0.4310401261775254, 1.7796101829955935]",-0.20183025147986733,0.531372617456189,0.8851838874703138,"[-0.8338359965080309, 0.4301754935482962]",0.7709347725240291
4694.0,24.0,0.000302342957217128,0.002089446836331223,1.0361104967441395,9.849828814889853e-07,6.811776497157574e-06,"[0.6212179682008946, 1.4510030252873842]",0.13287787115142624,0.5308683247541156,0.8847149201939244,"[-0.282701696362747, 0.5484574386655995]",23.49244391948934
4695.0,24.0,0.00044930065165811107,0.0027066304316753676,0.9318930573267649,2.311071718524522e-06,1.3905365334082564e-05,"[0.5452655936805778, 1.3185205209729518]",-0.395144429669287,0.06923877701137879,0.383582200383129,"[-0.8214125377300082, 0.031123678391434262]",1.5093405412102754
4696.0,24.0,0.0003624660145082347,0.0023430253038670633,1.0426074965769272,1.464168036147163e-06,9.464563905282244e-06,"[0.6183040209066717, 1.4669109722471827]",-0.3409416283097766,0.11100862240117143,0.4885942887375503,"[-0.7602447440977835, 0.0783614874782303]",1.3023010908312151
4697.0,24.0,0.024284606416109862,0.05629255080229453,0.7296981918413606,0.002936098472985379,0.006805976988839543,"[0.24885965048001407, 1.2105367332027073]",0.04086304564368337,0.9068854724317428,0.9841405018250058,"[-0.6438554265591103, 0.7255815178464771]",23.84391466310443
4698.0,24.0,9.486005227738202e-06,0.00031514967534013963,1.455539466936373,1.5598904414474574e-10,5.18236027058956e-09,"[1.0097468797444946, 1.9013320541282515]",-0.15664685866929506,0.33383700242202774,0.7747226475057227,"[-0.47433903182894466, 0.16104531449035453]",0.5983469250488599
4699.0,24.0,7.79278627801161e-05,0.0009377600815898448,1.2272343224727886,4.3472868342719694e-08,5.232673420243313e-07,"[0.7879943611550226, 1.6664742837905546]",-0.03728669908226934,0.844218925539417,0.9708072590103425,"[-0.40919830945254543, 0.33462491128800675]",0.14242469929255686
4700.0,24.0,0.0004249120185039704,0.0026036275643625635,1.3481342099929976,2.0385888281286757e-06,1.2491353113533552e-05,"[0.7918102468260279, 1.9044581731599672]",0.09683918228920163,0.6578382353402022,0.9301211184160023,"[-0.33170317278822997, 0.5253815373666333]",23.630101570888716
4701.0,24.0,8.474662842195153e-05,0.0009774697626522668,1.1573280460415527,5.3305179732492944e-08,6.150959003894881e-07,"[0.7403509152896636, 1.574305176793442]",0.05874573768876701,0.7583943673397676,0.9562405337785495,"[-0.31558225832344466, 0.4330737337009787]",23.77560781107007
4702.0,24.0,0.00032506591226568203,0.0021845827437209815,1.2943126478498388,1.1509892272544507e-06,7.740344500702425e-06,"[0.7727538945200606, 1.815871401179617]",0.05789636606459059,0.7863592563735,0.9609669514524013,"[-0.3607659782014468, 0.47655871033062797]",23.7788521716903
4703.0,24.0,0.0008302775365045307,0.004069987924041818,0.9394415972301857,8.049611215361432e-06,3.946664031833563e-05,"[0.5269574173391733, 1.351925777121198]",-0.08797339750524724,0.7053552415182844,0.9424842885065265,"[-0.5440009981552835, 0.368054203144789]",0.3360336257651595
4704.0,24.0,0.031597123052629274,0.07102073061953085,0.7069990374613113,0.004387707191866979,0.009862232393497369,"[0.22059542832310503, 1.1934026465995176]",0.1801564897949639,0.6205381280421003,0.9175486145824342,"[-0.5330507720956024, 0.8933637516855302]",23.311852898857126
4705.0,24.0,3.361746582051608e-07,0.00010500246353468055,1.6433168992351053,1.797911200413552e-15,5.799713549721136e-13,"[1.2384110288988759, 2.0482227695713346]",0.23269959836806997,0.07370263188843093,0.3959736121910263,"[-0.02231539258283738, 0.4877145893189773]",23.11115300794135
4706.0,24.0,0.0003901497912821229,0.002470866315909581,1.2250157170360854,1.7022159389168437e-06,1.0780341601753285e-05,"[0.723336623961382, 1.7266948101107888]",-0.11638958422090617,0.5915725558274457,0.9080402567325063,"[-0.5415423974708498, 0.3087632290290374]",0.44457546367602435
4707.0,24.0,0.00021955328415351793,0.0017125841197622301,1.1106029799170036,4.867053250645174e-07,3.796809587808626e-06,"[0.6779785026837599, 1.5432274571502473]",-0.052359405208554755,0.799840212160165,0.9642437759616215,"[-0.4570960185916026, 0.3523772081744931]",0.1999981957510325
4708.0,24.0,3.990528880451906e-05,0.000645716647322315,1.2070252556873329,8.10580395249765e-09,1.3116187625400728e-07,"[0.7967536239675208, 1.617296887407145]",0.01044543003777143,0.953782331487247,0.9927151416642309,"[-0.34278926909617086, 0.3636801291717137]",23.960101396242436
4709.0,24.0,0.0036549741568044315,0.011719391546483389,1.0489816306471536,0.00013048981422577468,0.00041823658405697016,"[0.5115489163683935, 1.5864143449259136]",-0.30851718788490157,0.2527139912284847,0.700620990375616,"[-0.8371865441342515, 0.2201521683644484]",1.1784488515366343
4710.0,24.0,0.13038775637079617,0.25870586581507177,0.5418918220781951,0.03443136399432532,0.06831619840143913,"[0.0397183933751285, 1.0440652507812618]",0.3726526291792194,0.44356722852101105,0.8471322596985049,"[-0.5806254018940425, 1.3259306602524812]",22.57657180823847
4711.0,24.0,0.00017367147479399706,0.0014799590885019407,1.0806065469663197,2.8713468052485464e-07,2.449954611986814e-06,"[0.6678876987891046, 1.4933253951435348]",-0.08301387186500087,0.6817045851179182,0.9356843168376249,"[-0.4797196802625709, 0.31369193653256916]",0.3170896332602905
4712.0,24.0,0.0001510015871195618,0.00138027044899051,1.0180984202056664,2.0861412343637024e-07,1.9068932672428724e-06,"[0.6337318939603163, 1.4024649464510166]",0.12323039017372484,0.5376857229572349,0.8891776466962708,"[-0.2686578187092946, 0.5151185990567443]",23.52929458235301
4713.0,24.0,0.0022099758253919482,0.008142873343374902,0.8701796592565473,5.250199714086366e-05,0.0001934487735477659,"[0.44845951137601126, 1.2918998071370833]",-0.11269966189492475,0.6606600619048838,0.9312199247162837,"[-0.6158574171031713, 0.3904580933133218]",0.43048099860870226
4714.0,24.0,0.002488223072907819,0.008834986116988873,1.1404165126521935,6.531488311263099e-05,0.0002320244515546394,"[0.5806062726829704, 1.7002267526214165]",0.1983216411786497,0.44472652835601323,0.8474209762881348,"[-0.310295066940224, 0.7069383492975234]",23.242467131623698
4715.0,24.0,0.0002716361925979299,0.0019542172129347474,1.2554715028217724,7.858808329355182e-07,5.645695638904585e-06,"[0.7572415102034789, 1.753701495440066]",0.38081939398608977,0.0673751379349577,0.37808719379886474,"[-0.02723179968343703, 0.7888705876556166]",22.54537706452449
4716.0,24.0,0.006812055051955089,0.01905069080845951,1.0448518984637498,0.00038130023862873716,0.0010665740940663977,"[0.4684247963156961, 1.6212790006118034]",-0.23830419092049837,0.4132615557502659,0.8278476677689622,"[-0.8091746266289802, 0.33256624478798347]",0.91025495866829
4717.0,24.0,1.5133682807513834e-06,0.00016397729653569806,1.4264272966565739,4.588991083154524e-13,5.021999515928027e-11,"[1.040111585561162, 1.8127430077519857]",-0.24590293119943762,0.08538851186902115,0.4251236536262876,"[-0.5260733761742998, 0.034267513775424585]",0.939280008508242
4718.0,24.0,0.015287958224940723,0.03732411676010919,0.7027774091401995,0.001425680059218079,0.003481514186124735,"[0.2709036969803099, 1.134651121300089]",-0.0019954299369802087,0.9951138004439791,0.999042938587908,"[-0.6406274969911716, 0.6366366371172112]",0.007621980913534786
4719.0,24.0,1.7645353576960746e-06,0.0001680509864472452,1.0619331153015432,7.71029537970391e-13,7.413745557407605e-11,"[0.7714935513192163, 1.3523726792838702]",-0.12873750682914942,0.37407751101812226,0.8058196345601851,"[-0.41260723538771044, 0.1551322217294116]",0.4917410537564583
4720.0,24.0,0.000813672760035007,0.004014172471805659,1.183156404766133,7.828629128711351e-06,3.8507767480134535e-05,"[0.664355842214145, 1.7019569673181207]",-0.5770969007144311,0.01109543338842231,0.12622791113108428,"[-1.022463916085099, -0.13172988534376312]",2.204347785401147
4721.0,24.0,0.0002786266702347151,0.0019887699517110286,1.0965195460160797,8.31978584198513e-07,5.938462413979394e-06,"[0.6603863993093462, 1.5326526927228132]",-0.41982214336401746,0.04376879268316839,0.29782820915864144,"[-0.8279146767401516, -0.011729609987883305]",1.6036024640596254
4722.0,24.0,0.00013262237161251015,0.0012752151116587516,0.8676444942811893,1.5465297209457817e-07,1.488479038446373e-06,"[0.5435404331470284, 1.1917485554153502]",0.17304091855916504,0.38121641834712805,0.8092048786820804,"[-0.2142727099377587, 0.5603545470560888]",23.339032378899525
4723.0,24.0,9.399644676929483e-05,0.0010329279864757675,1.2982772038130508,6.848461350039917e-08,7.525781703340569e-07,"[0.82663152724834, 1.7699228803777616]",0.12376928466709458,0.5200323385749988,0.8827573223136969,"[-0.2533254078649008, 0.5008639771990899]",23.527236157014816
4724.0,24.0,0.00012030757884494361,0.0011949692105713795,1.1697117405429445,1.2309941141461042e-07,1.2224537074776428e-06,"[0.7362336916791353, 1.6031897894067537]",-0.1587764674798482,0.418170207563368,0.8300968696624468,"[-0.5431591556605264, 0.22560622070082997]",0.6064814315060979
4725.0,24.0,2.067811444529533e-05,0.00044070996318830403,1.4139960695149625,1.4199197090708764e-09,3.0481690204080884e-08,"[0.9561590450472564, 1.8718330939826686]",0.2340005851739404,0.17111211268486726,0.592121168563822,"[-0.10110069630323493, 0.5691018666511157]",23.10618360439611
4726.0,24.0,0.027012466116042095,0.06189840998176465,0.9532750168674731,0.0034606470875426835,0.007929988743223381,"[0.31419419408832705, 1.592355839646619]",0.23572909788235563,0.5054480824011763,0.8752594956712603,"[-0.45805571074158247, 0.9295139065062937]",23.099581172194316
4727.0,24.0,6.937015724856766e-05,0.0008797980368220109,1.2828683598253512,3.287180994932664e-08,4.171549485955158e-07,"[0.8278114434094228, 1.7379252762412796]",-0.2552325328479874,0.172660056739795,0.5949691824252068,"[-0.6220612366036726, 0.11159617090769786]",0.9749164617749219
4728.0,24.0,8.136359983873114e-05,0.0009587045446741855,1.1878418442421823,4.9145958979216954e-08,5.77508331130634e-07,"[0.7610050187462946, 1.61467866973807]",-0.5436678513154813,0.0035818569005339074,0.06206910268078874,"[-0.9094889126059135, -0.17784679002504922]",2.0766582224882026
4729.0,24.0,0.004641563597951905,0.014039817295680292,0.7754926464283636,0.0001975357045851244,0.0005976874571410722,"[0.3671429697448872, 1.18384232311184]",-0.04355653277618021,0.8760121192125276,0.9758245413490894,"[-0.590702215923874, 0.5035891503715135]",0.16637369988655767
4730.0,24.0,0.0025632944419312336,0.009006656507137152,1.0221953330460154,6.946628664857547e-05,0.00024374135666166834,"[0.5185722934024306, 1.5258183726896002]",0.5276528310789583,0.039433827070777215,0.2793064684768364,"[0.02553350571021029, 1.0297721564477063]",21.984514648736422
4731.0,24.0,7.735557715866595e-06,0.000285444934164819,1.2267577940336751,8.51791725749061e-11,3.1547841694409664e-09,"[0.856346051004522, 1.5971695370628283]",0.07435401202655445,0.6422025174183,0.9267530297802351,"[-0.2393016817298767, 0.3880097057829856]",23.71598859473423
4732.0,24.0,0.00234435941221656,0.00844814202600562,1.1355246943635353,5.886314915499002e-05,0.0002119666876305006,"[0.5815269707430536, 1.689522417984017]",0.4062037519919066,0.11200581662027388,0.49103821403013537,"[-0.09475509071225385, 0.9071625946960671]",22.448415959232328
4733.0,24.0,0.0027393421951229283,0.009439497571064536,1.0251949733246704,7.791907297875109e-05,0.0002684775176065483,"[0.5165916450745737, 1.533798301574767]",-0.29419887293769786,0.26029871930668036,0.709067609116536,"[-0.8064372049492191, 0.21803945907382338]",1.1237569171223774
4734.0,24.0,0.015819342430741942,0.03845246094006306,0.9475983006668295,0.0015065099814106251,0.003661910504158058,"[0.36234494964770436, 1.5328516516859545]",-0.18066013566838635,0.580233926905202,0.903509696208661,"[-0.8209129237900269, 0.4595926524532542]",0.6900708866706269
4735.0,24.0,0.002701911645118038,0.009349412375824775,0.7065726544316306,7.571803244793958e-05,0.0002623632447953554,"[0.3566460362424571, 1.0564992726208042]",0.011617215373154188,0.9647124891270276,0.9938808419181301,"[-0.5030511998399354, 0.5262856305862438]",23.955625505961585
4736.0,24.0,0.0005574440996213273,0.00312468665707022,0.9530895190815265,3.59165742673498e-06,2.015520441489888e-05,"[0.549952479758344, 1.356226558404709]",0.12685147464589974,0.5711884249258059,0.9008246509973031,"[-0.3121797710570908, 0.5658827203488903]",23.515463058518613
4737.0,24.0,1.381405263807629e-05,0.00037234643229316146,1.4201932027372592,4.634567138065953e-10,1.2492094711768068e-08,"[0.9734710138143863, 1.8669153916601322]",-0.29441857544772176,0.07560829530004329,0.4017443958557029,"[-0.6191956462907369, 0.030358495395293283]",1.1245961188938973
4738.0,24.0,0.020092449526854607,0.047567352099561096,0.8701557433790286,0.0021964070506881243,0.005199827298030597,"[0.31323054815494666, 1.4270809386031105]",0.32732476658805787,0.3309321261722503,0.7726587671904179,"[-0.3325390823994545, 0.9871886155755702]",22.749711489626634
4739.0,24.0,8.157714706662581e-07,0.00012374671217748142,1.6936453281848458,5.1484914630529785e-14,7.903649757472397e-12,"[1.25269941672781, 2.134591239641882]",-0.23474955512218632,0.08770926859220268,0.43100678499487416,"[-0.5041913203022592, 0.03469221005788664]",0.8966772500716634
4740.0,24.0,1.2876993827655325e-05,0.00035670343012895637,1.2006964643694862,3.7858173775696137e-10,1.0521870824990132e-08,"[0.8249232533789383, 1.576469675360034]",-0.24235419431419292,0.1423846313578796,0.5401541402043991,"[-0.5661549442688198, 0.08144655564043396]",0.9257248320997805
4741.0,24.0,0.004239431843377084,0.013112996731757144,1.1383818329053068,0.00016908244831914595,0.0005231511396013179,"[0.5451743826785032, 1.7315892831321105]",-0.2355289227343791,0.39198722582925394,0.8157973331678248,"[-0.7748021897789429, 0.3037443443101847]",0.8996542150628525
4742.0,24.0,0.00036807213569479134,0.002368546561742544,1.2111030251690647,1.5032199926348965e-06,9.673230325835883e-06,"[0.7176892937377134, 1.704516756600416]",0.09535482922103,0.6586881709446237,0.9301211184160023,"[-0.3277409981113775, 0.5184506565534375]",23.63577138196295
4743.0,24.0,0.0012260669375099807,0.005328409115645288,0.9985813545508134,1.7444708265445355e-05,7.574775625464765e-05,"[0.5429257318504117, 1.4542369772512151]",0.4636238281300642,0.05165843920470801,0.3279900901886223,"[-0.0033342329057218234, 0.9305818891658502]",22.22908742442991
4744.0,24.0,0.025539320283703395,0.05884636010069907,0.7591068347191988,0.0031718854709049797,0.007308491868444653,"[0.2548577418179897, 1.2633559276204078]",-0.027496153650361066,0.9377713635976872,0.9892015094756179,"[-0.7177817533929679, 0.6627894460922458]",0.10502757046726142
4745.0,24.0,0.012974366029102007,0.03239082972604607,1.0913581187802248,0.0010979700018094766,0.0027408137838479197,"[0.4360483643925853, 1.7466678731678642]",-0.13907379971877099,0.661772853773249,0.9314630095972414,"[-0.7621602676685447, 0.48401266823100275]",0.5312227843155515
4746.0,24.0,0.00017750846273345325,0.0015006639796998802,1.2199089271746442,3.0201557364609067e-07,2.555123296498229e-06,"[0.7531203155655838, 1.6866975387837044]",0.1338270306599476,0.5089232707856846,0.8773513518309436,"[-0.2632814117902173, 0.5309354731101126]",23.48881839722781
4747.0,24.0,0.030472522365744756,0.06877120822781484,0.7152662923856128,0.004156376813873273,0.009380223005807433,"[0.2261263409913532, 1.2044062437798724]",-0.24260700905370847,0.5015487649546978,0.8731021700276606,"[-0.9501400105759464, 0.4649259924685295]",0.9266905132713098
4748.0,24.0,0.0019220423280114937,0.007364855086291106,1.0689407949038159,4.0567246924993324e-05,0.0001554300648467177,"[0.5584703772887336, 1.5794112125188982]",0.14219805905382188,0.5738086214323024,0.9015914605161814,"[-0.3533170334086245, 0.6377131515162683]",23.456843424084266
4749.0,24.0,0.001947501430304673,0.00744173263394984,1.2037577559380352,4.1549706008454937e-05,0.00015882003593580845,"[0.6281293280080978, 1.7793861838679725]",0.09746982538740934,0.7004610624509464,0.9400237903147177,"[-0.39912041025040956, 0.5940600610252282]",23.627692691694957
4750.0,24.0,0.041766797298740985,0.0912735954955004,0.8281624979085814,0.0066607387943849765,0.01455899190029503,"[0.22994602358789307, 1.4263789722292697]",-0.14006573344404227,0.7141787109984329,0.9463571189696999,"[-0.8896192331630799, 0.6094877662749953]",0.5350116920498671
4751.0,24.0,0.00896330623046786,0.023794282533761247,0.8065760660360619,0.0006054392633814036,0.001606365782386319,"[0.3455718238621109, 1.267580308210013]",0.5287966673280113,0.07517309028534717,0.40006966623388596,"[-0.05365722430634923, 1.111250558962372]",21.980145516101434
4752.0,24.0,0.0001940310911250306,0.0015982791690694448,1.188432591849155,3.699251402036817e-07,3.0471593097502615e-06,"[0.7302561351467765, 1.6466090485515334]",0.1958073285174189,0.33671921961759754,0.7770308561449937,"[-0.20368072171889273, 0.5952953787537305]",23.25207109854802
4753.0,24.0,0.11522217108772452,0.23076741655863112,0.6394825665641072,0.028870267282462038,0.05783228870254713,"[0.06592768207586353, 1.213037451052351]",-0.07712882105905283,0.8711029386975091,0.9747752097735655,"[-1.0087932608873766, 0.854535618769271]",0.2946103950335648
4754.0,24.0,0.00024964074870312665,0.0018500754267593458,1.3249747591532948,6.471489199661297e-07,4.8008080116181725e-06,"[0.8031507996669277, 1.8467987186396617]",-0.06230195873810995,0.7653704229303918,0.9575323787835143,"[-0.4714670692946549, 0.34686315181843497]",0.23797595273946004
4755.0,24.0,0.0024210668373235637,0.00864975647489662,0.8420930882751912,6.20501236482145e-05,0.00022184527582486414,"[0.42997738606488384, 1.2542087904854986]",0.10056833853094549,0.6981191990810028,0.93921592772905,"[-0.4076305430819609, 0.6087672201438519]",23.615857243302262
4756.0,24.0,0.10850491618477305,0.21867173757511701,0.5772503484176335,0.026533309661819656,0.053473014231801,"[0.06722832710239168, 1.0872723697328752]",0.20752057400567203,0.6567396040335358,0.9301211184160023,"[-0.7076805223239818, 1.1227216703353258]",23.207329796489514
4757.0,24.0,0.03621284186765285,0.08015237243836398,0.8208693736410204,0.005386097166729847,0.01192141913840161,"[0.24275871976461416, 1.3989800275174267]",-0.1807640141792577,0.6274776289040399,0.9201900995806422,"[-0.9108391101814646, 0.5493110818229492]",0.6904676733542957
4758.0,24.0,0.0057307636099963,0.01661687706603103,0.9977295974373807,0.00028437733446305246,0.000824282128878413,"[0.45889143353775574, 1.5365677613370057]",-0.2150948106600099,0.45098131157064736,0.8505871587526356,"[-0.7743800930265183, 0.3441904717064985]",0.8216016563989411
4759.0,24.0,8.186778228222181e-05,0.0009620185932105971,1.3105329833142414,4.913734954074922e-08,5.77508331130634e-07,"[0.8396112457317153, 1.7814547208967675]",0.17420467319097366,0.3594403676589659,0.7958303853764245,"[-0.19836513268070477, 0.5467744790626521]",23.33458716364676
4760.0,24.0,0.0006098294954463134,0.0033042004136473757,0.9649887625274127,4.323125057254487e-06,2.3416344012087328e-05,"[0.5533986521486157, 1.3765788729062098]",-0.17830318785205446,0.4293387722515376,0.8378976819897299,"[-0.6204863641082844, 0.2638799884041755]",0.681068009176734
4761.0,24.0,0.026076854374261844,0.06001577531475683,0.7733046229053875,0.003275238975625289,0.0075379493109903085,"[0.2578917125095036, 1.2887175333012713]",-0.08738069455698927,0.8045977378434175,0.964880279922775,"[-0.7796287812798806, 0.604867392165902]",0.33376966726914997
4762.0,24.0,0.0004621658440821709,0.0027526256347955385,1.009835453653101,2.433736394274565e-06,1.4520224020923131e-05,"[0.5899356919046131, 1.4297352154015885]",0.1355494206518557,0.5381106500400219,0.8892239089696594,"[-0.29596563969499207, 0.5670644809987035]",23.48223935208035
4763.0,24.0,0.038988293821259457,0.08565090909767016,0.6521248110319907,0.006020527712914123,0.013226115362289374,"[0.18678124901150445, 1.117468373052477]",-0.2858573650689058,0.44716183094880113,0.8489224398758114,"[-1.0229044224575814, 0.4511896923197699]",1.0918947040785805
4764.0,24.0,0.06511546106449834,0.1363674577266981,0.7462596041604925,0.012769536800248685,0.026742485445546985,"[0.15888452883743742, 1.3336346794835476]",-0.12562915177330325,0.7631184611774743,0.9565635162989086,"[-0.9426106414787226, 0.6913523379321161]",0.47986801202791585
4765.0,24.0,0.0027066468880185715,0.00935261536979465,1.0548892643474417,7.596231312914891e-05,0.00026257280722139274,"[0.532358940403688, 1.5774195882911952]",-0.034361959711348256,0.8958998623122355,0.9799823477491091,"[-0.5490890381098086, 0.48036511868711207]",0.13125301781725518
4766.0,24.0,0.0005787217809954266,0.0032014997783936998,1.207164696959893,3.876673436873914e-06,2.1477415162736364e-05,"[0.6948092936411987, 1.7195201002785874]",-0.07040962772316828,0.7542890311334808,0.9552799279805988,"[-0.5113207822748227, 0.3705015268284862]",0.2689449670416572
4767.0,24.0,0.0038303676942421025,0.01215218177107266,0.8506187230351382,0.00014206034518257662,0.000450270507710227,"[0.4124116726232669, 1.2888257734470094]",-0.4115351362125734,0.12718892445539795,0.5159794095553669,"[-0.9403516838934416, 0.11728141146829474]",1.5719484284214604
4768.0,24.0,0.00019916657966536686,0.001624404948091364,1.2169589272830985,3.922470067159031e-07,3.1967971207490064e-06,"[0.7467548982804966, 1.6871629562857005]",-0.1883898538473323,0.3565001368792544,0.793582666635651,"[-0.5888404992350496, 0.21206079154038499]",0.7195962352359038
4769.0,24.0,0.006940745544915418,0.019306663546357215,0.8864584697338705,0.00039324529133173767,0.0010941716508952079,"[0.39629357212333394, 1.3766233673444073]",0.1963916194083648,0.5017020433707264,0.8731021700276606,"[-0.3765652354933452, 0.7693484743100748]",23.249839271744076
4770.0,24.0,3.2378015706222666e-05,0.0005700354877856103,1.0891327733701057,4.707996859642335e-09,8.28872686556749e-08,"[0.7246806140267372, 1.4535849327134742]",0.1223153017785723,0.49008802586384703,0.8697731756428894,"[-0.22503968972473798, 0.4696702932818826]",23.53278996254792
4771.0,24.0,0.0016859343593453224,0.006684910227380343,1.1181716041238292,3.172561837482236e-05,0.00012584537237136993,"[0.5914406555307864, 1.644902552716872]",-0.0851578844744445,0.7330040509818705,0.9515825665089842,"[-0.5744297262015805, 0.40411395725269156]",0.3252791581765539
4772.0,24.0,0.002863526999245157,0.009759805723398627,0.9932899961556231,8.484154042472175e-05,0.00028887143488158577,"[0.49795506843480036, 1.4886249238764457]",0.5125369484831177,0.048313398247460504,0.3151558920251827,"[0.003799361435941506, 1.021274535530294]",22.042253067160217
4773.0,24.0,0.03375495811440717,0.07522834436016754,0.8182072227771021,0.0048450723582697626,0.0107980217478711,"[0.24896089840359015, 1.387453547150614]",0.1279271992093829,0.7284248622434345,0.9499529938388005,"[-0.5941843283272864, 0.8500387267460522]",23.511354093358204
4774.0,24.0,0.016845180183132153,0.04061368230314145,0.8779246536895849,0.00166684959241401,0.0040184416403423575,"[0.3306189701816824, 1.4252303371974875]",-0.3269081214672518,0.31882803648204217,0.7621994656515472,"[-0.9696486013290609, 0.31583235839455737]",1.248697043241573
4775.0,24.0,0.00017461660298289308,0.0014838396740250994,1.0942953286792392,2.9109365731863953e-07,2.477392828243741e-06,"[0.6761382595860894, 1.512452397772389]",-0.15596180855573571,0.4405992035883267,0.8466548877562005,"[-0.5523398652905315, 0.24041624817906004]",0.5957302263647326
4776.0,24.0,0.03955784908304715,0.08680677876464155,0.7385046212878995,0.006141384166314805,0.013476814058184784,"[0.21026709099182572, 1.2667421515839732]",0.05755091394717127,0.8793581023008611,0.9766268042296392,"[-0.6856003575626533, 0.8007021854569958]",23.780171701580432
4777.0,24.0,0.0035340097422674158,0.011403710042811925,0.9524521057525673,0.0001238429991434844,0.00039949354562414326,"[0.4661098697116441, 1.4387943417934905]",0.6868870717002737,0.008876731799531067,0.10990215992128215,"[0.1724069030526163, 1.2013672403479312]",21.37628465263162
4778.0,24.0,0.008757380105233402,0.023303299907486433,0.9116097803752284,0.0005792945667316471,0.0015422246068639263,"[0.3923839995742514, 1.4308355611762056]",0.19247740595800433,0.5227348948572439,0.8835951569595062,"[-0.3977712673666388, 0.7827260792826475]",23.264790465798676
4779.0,24.0,0.0006840079658511972,0.003577447520142245,1.1180048833648488,5.459997705305303e-06,2.855647335410723e-05,"[0.6360185502028224, 1.5999912165268753]",0.16961924922363636,0.4570830199053971,0.8524487502898118,"[-0.2774240627547971, 0.6166625612020697]",23.35210219302053
4780.0,24.0,0.00010910257920140178,0.0011294262857287967,1.2507393994444254,9.756514495591708e-08,1.0110377715639076e-06,"[0.790917307609494, 1.7105614912793567]",0.03661878171297683,0.8509770309283569,0.9708072590103425,"[-0.34540468093782767, 0.41864224436378134]",23.86012655712904
4781.0,24.0,0.00656137239155977,0.01853495025864342,0.8448999447675111,0.00035843822595963467,0.0010122514147405666,"[0.3809031379271863, 1.3088967516078358]",-0.3149962181570318,0.27580623035160845,0.7259969211676979,"[-0.8815108459572856, 0.2515184096432219]",1.2031969241986715
4782.0,24.0,0.0029876866685194536,0.010062939267495633,0.9686408408794235,9.080651068758696e-05,0.0003059518554163981,"[0.4835780372534193, 1.4537036445054277]",0.09580205630231564,0.7180529843307417,0.9468743958763655,"[-0.4242429773945908, 0.6158470899992221]",23.634063100346843
4783.0,24.0,4.343685279481661e-06,0.0002327899033329609,1.1622335273099216,1.466936071261962e-11,7.847879981253879e-10,"[0.8248182556917196, 1.4996487989281235]",-0.2306289632730243,0.13251106144031966,0.5256399803586529,"[-0.5311225775442261, 0.06986465099817757]",0.880937748601464
4784.0,24.0,1.042620543673835e-05,0.0003248576044199919,1.3819971641987188,2.0638859572013317e-10,6.447334146078519e-09,"[0.955872681358148, 1.8081216470392896]",0.25511799982473793,0.11685396693209033,0.49852374971028296,"[-0.06374996654591558, 0.5739859661953914]",23.025521022148215
4785.0,24.0,0.00012646551011169047,0.0012302092423316193,1.1234634906357601,1.406845185079996e-07,1.367196486958208e-06,"[0.7051882892732229, 1.5417386919982974]",-0.6081722438946748,0.0015821618249771251,0.03610553450846261,"[-0.9854845184420373, -0.23085996934731234]",2.3230468528110544
4786.0,24.0,1.7751785068194833e-05,0.0004182254996226117,1.5113864588195416,9.339157052421408e-10,2.202631380288068e-08,"[1.0273813273457666, 1.9953915902933166]",0.2566933596955323,0.1286966855853086,0.5189382483278573,"[-0.07446078254212263, 0.5878475019331872]",23.019503590694164
4787.0,24.0,0.0019492037174460488,0.007442549512966967,1.0861547580284405,4.176418167283065e-05,0.00015946613849878062,"[0.5666121504659755, 1.6056973655909057]",-0.2933246553863942,0.2444254573769442,0.6899722244086041,"[-0.7872314613754905, 0.20058215060270207]",1.1204176520513132
4788.0,24.0,0.06441613936124085,0.1350160120755415,0.7196680711384819,0.012595078080241053,0.026399241417398977,"[0.1543320439377781, 1.2850040983391855]",0.3546193509246862,0.39016193175899994,0.813966605760538,"[-0.45420406000811686, 1.1634427618574894]",22.64545385722312
4789.0,24.0,0.005656686614875492,0.016448638019411144,0.9757614681385582,0.00027831300267480984,0.0008095200775881613,"[0.44959381154117284, 1.5019291247359436]",0.25380697067426006,0.3723892146341379,0.804817840142939,"[-0.30387089188759053, 0.8114848332361106]",23.030528784624284
4790.0,24.0,0.0010411691199033464,0.004757648943028551,0.8995675654969929,1.2586843944694019e-05,5.7562315680281234e-05,"[0.4958458860651623, 1.3032892449288236]",-0.09054088754415268,0.7034107029597985,0.941521487029579,"[-0.5566489863172204, 0.375567211228915]",0.34584071530990357
4791.0,24.0,7.648786799352456e-07,0.00012374671217748142,1.2226507856149182,4.047088674516636e-14,6.634571597568256e-12,"[0.9056509326230413, 1.5396506386067952]",-0.13459052613655054,0.32689634463464423,0.7687404811771833,"[-0.4036610557559074, 0.1344800034828063]",0.5140979406713029
4792.0,24.0,0.047416790909739576,0.10234576065128335,0.7567989008684357,0.008032138488412253,0.017340540778092082,"[0.19721474585260135, 1.3163830558842702]",-0.03777013551791253,0.9232433367151808,0.9878688510655973,"[-0.8061024300029805, 0.7305621589671555]",0.14427129045423703
4793.0,24.0,0.030002369665386705,0.06784796396514407,0.8656528385022413,0.004067504272674352,0.00919625655137769,"[0.27507849061631084, 1.4562271863881717]",-0.3946719306333968,0.2697949435255297,0.7202045575339596,"[-1.0956400364200238, 0.30629617515323015]",1.5075357278382415
4794.0,24.0,0.0009049667689748364,0.004313473636677009,0.9258954683052106,9.583053445087802e-06,4.569887193651789e-05,"[0.5159161097321487, 1.3358748268782725]",-0.2593223776400846,0.2669409786912309,0.7161616784382053,"[-0.7171609735983153, 0.1985162183181462]",0.9905385181383037
4795.0,24.0,0.0008227574862606805,0.004043034330519315,1.0408376746299435,7.908014472650964e-06,3.887912720084053e-05,"[0.5842217488616408, 1.4974536003982462]",-0.11985229503070549,0.6059845999132204,0.9134525326302346,"[-0.5752613415157506, 0.3355567514543396]",0.4578020446810796
4796.0,24.0,0.016717322773676106,0.04033129740331992,0.7913251115339525,0.0016433192871408418,0.003965538820320564,"[0.29865790888487465, 1.2839923141830303]",0.1540398379749428,0.6401602824806839,0.9259807051547606,"[-0.4917973137158811, 0.7998769896657667]",23.41161116047712
4797.0,24.0,0.008625460663976499,0.022988967654521585,0.9762333890181708,0.0005670525291545046,0.0015113340329277842,"[0.42113149418997287, 1.5313352838463687]",0.4105308066629725,0.16806580115486847,0.5870841641586949,"[-0.17318877369515728, 0.9942503870211022]",22.431887827874032
4798.0,24.0,0.006672008246202815,0.018773236483406907,0.759165746384191,0.0003691204652573654,0.00103802155584186,"[0.34135021746561783, 1.1769812753027642]",-0.3740111890021849,0.19535382294033554,0.6279387127314469,"[-0.9401143432101801, 0.1920919652058103]",1.4286175080329964
4799.0,24.0,0.004371825593035573,0.013439175415728085,0.747496987272547,0.00017826773480598745,0.0005480102514785966,"[0.356601365504043, 1.138392609041051]",0.1911760089894443,0.48931749919909073,0.8697731756428894,"[-0.35076922494256235, 0.733121242921451]",23.269761436049983
4800.0,24.0,0.0003470800765498963,0.002278923680563994,1.1389918699500177,1.3371366720547614e-06,8.77386267752468e-06,"[0.677197837452105, 1.6007859024479303]",0.398510186978295,0.0607437009340263,0.35710582559686244,"[-0.017978961086593914, 0.8149993350431839]",22.477803212878293
4801.0,24.0,0.00016544364080684268,0.0014512600070775673,1.2458608905302075,2.5906987855267156e-07,2.2685628594804865e-06,"[0.7718108551473326, 1.7199109259130825]",-0.34763533707228333,0.08211390005630932,0.4176698883840759,"[-0.739543901007268, 0.04427322686270124]",1.3278691749233067
4802.0,24.0,0.00011943553837623679,0.001189596995779251,1.424551771705647,1.2171625843058193e-07,1.2123133309818917e-06,"[0.8968399560807849, 1.9522635873305092]",0.32559452564691593,0.09476686839899608,0.4459617336423345,"[-0.05635694860343193, 0.7075459998972637]",22.756320523191178
4803.0,24.0,0.0005044394664013649,0.0029192098750078985,0.9574704996266338,2.9177119003197283e-06,1.6884906830553984e-05,"[0.5561883416288217, 1.358752657624446]",0.01818868042372568,0.9347651947468033,0.9892015094756179,"[-0.4173485237796819, 0.45372588462713326]",23.930524358453887
4804.0,24.0,4.275957055994767e-05,0.0006722119326096531,1.028558491703115,9.68893063265085e-09,1.5234167661400705e-07,"[0.6771102228804904, 1.3800067605257396]",0.07170766140911322,0.6921414113180058,0.9379284235732365,"[-0.2832467312698742, 0.42666205408810065]",23.726096909500313
4805.0,24.0,0.008315751819668999,0.02232416595884295,0.9658998607300122,0.0005334428725237416,0.0014312929233263796,"[0.4192860741829436, 1.5125136472770808]",0.3802770837250016,0.20024910787219108,0.6338456303638019,"[-0.2016286376724672, 0.9621828051224703]",22.54744853713429
4806.0,24.0,4.324409241553633e-07,0.00010996435020225141,1.6532847346696067,4.817950457598104e-15,1.2678816993679222e-12,"[1.2395265245006624, 2.0670429448385508]",-0.30435352221153167,0.020915416622750656,0.18859708406447842,"[-0.5626431583720517, -0.04606388605101158]",1.1625448201774615
4807.0,24.0,0.005950419685283112,0.017138305545170252,0.9772610723257122,0.00030265848413309605,0.0008719633654079401,"[0.4471229207380989, 1.5073992239133256]",0.02443304761767351,0.9323023882612346,0.9892015094756179,"[-0.5392959418843801, 0.5881620371197271]",23.90667263272434
4808.0,24.0,0.00898172257178311,0.023830518895683495,0.8165177494513317,0.0006042859332653155,0.0016041569770780873,"[0.3499016794207434, 1.28313381948192]",0.22771407067058025,0.45057240093438555,0.8504782689258926,"[-0.36384907699012325, 0.8192772183312838]",23.130196320988798
4809.0,24.0,1.2117443237346866e-05,0.0003492058569840595,1.1489454317985237,3.176588829675562e-10,9.154434667652915e-09,"[0.7909286705027496, 1.5069621930942978]",-0.2057593689834185,0.21153270620974374,0.649870065160503,"[-0.528548886931888, 0.11703014896505087]",0.7859428958683264
4810.0,24.0,0.005766556089863245,0.01670013347773891,0.9965447760123133,0.00028835415884017647,0.0008346265772827014,"[0.45781402361622525, 1.5352755284084014]",-0.3869310519777116,0.17232779736108084,0.5946425458690971,"[-0.9426109473452927, 0.1687488433898695]",1.4779677493919974
4811.0,24.0,1.5140931085005674e-05,0.0003882290021796327,1.3120603801001594,5.949616710874875e-10,1.525542746378173e-08,"[0.8967356310303057, 1.7273851291700129]",0.017697372111174836,0.9160235786346974,0.9866690851300058,"[-0.3112567934168566, 0.34665153763920625]",23.932401017970477
4812.0,24.0,0.13563241489676442,0.26810092700705584,0.5908698295701845,0.03646944777118052,0.07205976639237407,"[0.03720110748902972, 1.1445385516513393]",0.7434811196658302,0.12111627830201721,0.5059159494654019,"[-0.19658169505449508, 1.6835439343861553]",21.160111313032466
4813.0,24.0,0.02128289954850979,0.05007741070237598,0.7065348730642517,0.002396182269098245,0.005637684726940054,"[0.2504369147572165, 1.1626328313712868]",0.12553402217554588,0.713473049575506,0.9463571189696999,"[-0.5445232933627154, 0.7955913377138072]",23.5204953562693
4814.0,24.0,0.057954688024941775,0.1226294710642018,0.5483183918220682,0.01077781250246517,0.022810185190402475,"[0.12684404410556982, 0.9697927395385666]",-0.013089324102891986,0.974379580203968,0.9953821434303484,"[-0.8119011391281463, 0.7857224909223623]",0.049997535184971555
4815.0,24.0,0.015266268856441919,0.0372893719014214,0.9119018657039989,0.0014341273347367326,0.00350043284046066,"[0.3512158658773744, 1.4725878655306235]",-0.7729876741798956,0.013828165713747842,0.1463297959126756,"[-1.388428306819887, -0.15754704153990406]",2.9525954230761076
4816.0,24.0,0.0013867617669963356,0.005797499025904413,1.0442077563636671,2.1909915705308834e-05,9.159663756400014e-05,"[0.5620264924253502, 1.526389020301984]",-0.09843189556650067,0.6874484519244664,0.9372486972514004,"[-0.577957930771255, 0.3810941396382536]",0.3759821456955312
4817.0,24.0,0.0025086688157253687,0.008877101258759266,0.9181734816380606,6.69869257495291e-05,0.00023670291784285905,"[0.46678055027187454, 1.3695664130042466]",-0.8505087378733744,0.0006550430778879399,0.01997082554536402,"[-1.3396800351811775, -0.36133744056557143]",3.2487040746095195
4818.0,24.0,0.0031130669661965033,0.010373432076629469,1.0876443570773573,9.833680649504821e-05,0.00032757097433393803,"[0.5402938582795307, 1.634994855875184]",-0.4114519780628729,0.11850417526274833,0.5019504201218639,"[-0.9280363447740599, 0.10513238864831409]",1.5716307876874636
4819.0,24.0,0.0009154575843338956,0.004351034146073648,1.0746069534154739,9.83623240941111e-06,4.6711109569884206e-05,"[0.5981732052605926, 1.5510407015703551]",0.37383283878694407,0.10813138391469236,0.4814398215257897,"[-0.08220883153857844, 0.8298745091124666]",22.572063739607575
4820.0,24.0,0.025447851345260418,0.05864911579917128,0.862544956012779,0.003154482431438856,0.007270067830004278,"[0.28991516231021663, 1.4351747497153413]",-0.02261119441333559,0.9487815908096373,0.9908684119057948,"[-0.712512514542557, 0.6672901257158859]",0.08636840064226098
4821.0,24.0,3.93454217737659e-05,0.0006387243794442516,1.297418604543789,7.817263446433747e-09,1.269036273771712e-07,"[0.8568886831403731, 1.7379485259472047]",-0.0528035603691297,0.7692488396260222,0.9585655322442644,"[-0.4055916956831941, 0.2999845749449347]",0.20169474349435915
4822.0,24.0,0.004322197431676734,0.013319560652316592,1.024134194285737,0.00017471055283428338,0.0005384626831552097,"[0.48929524859517026, 1.5589731399763036]",0.17391604396143112,0.5290068934871504,0.8840013597459259,"[-0.36755635555725075, 0.715388443480113]",23.335689646093222
4823.0,24.0,0.0027025360581243037,0.009349412375824775,1.0217782690891366,7.588503598424305e-05,0.0002624871531796715,"[0.5156803030168179, 1.5278762351614552]",-0.19607171437507276,0.45400159000263873,0.8513061878916909,"[-0.709311280881977, 0.3171678521318315]",0.7489387810390815
4824.0,24.0,0.00026297544032362444,0.0019070010175752316,1.233831716992606,7.315960335483652e-07,5.305264927834411e-06,"[0.7455676836101854, 1.7220957503750267]",-0.3657796604791974,0.07832328832657183,0.4075986144065418,"[-0.7730023197427524, 0.04144299878435753]",1.3971753851457471
4825.0,24.0,0.00016089706623005254,0.0014262803466112439,1.3716950826066026,2.410576861747695e-07,2.1389324416572275e-06,"[0.8511291138693788, 1.8922610513438263]",0.01765099256253322,0.9300993912414458,0.9892015094756179,"[-0.3767333336589111, 0.41203531878397753]",23.93257817479667
4826.0,24.0,0.003056131831137224,0.010231442353991375,0.967206153033882,9.487483628973591e-05,0.000317519532428835,"[0.48154773800919143, 1.4528645680585726]",-0.2914762593786744,0.27056300515140164,0.7202045575339596,"[-0.8099915173286195, 0.22703899857127074]",1.1133572993772347
4827.0,24.0,0.00564313891468374,0.016418792303415013,0.9705046091242909,0.0002770126530654865,0.0008059722230593148,"[0.44734541789985993, 1.493663800348722]",-0.21904723823715333,0.4417976670598094,0.846978439121565,"[-0.7772198832525243, 0.3391254067782177]",0.8366988176657035
4828.0,24.0,0.002300971476956875,0.008336853177379982,1.076091103858065,5.657856936855158e-05,0.0002049948165527231,"[0.5523051044709639, 1.599877103245166]",-0.16298356511525736,0.5268742146734997,0.8839273529919359,"[-0.6678028043401621, 0.34183567410964744]",0.6225513607399921
4829.0,24.0,0.00010811204705327177,0.0011238258529446131,1.1908321171713299,9.729089312880133e-08,1.0092416299668188e-06,"[0.7530763175585102, 1.6285879167841495]",-0.6002564569165703,0.0015986331263982642,0.03625018427206948,"[-0.9730140209242304, -0.22749889290891018]",2.292810773786387
4830.0,24.0,0.0012991087522912681,0.0055269686734689145,1.0477120203506738,1.932317915214177e-05,8.222629426443306e-05,"[0.5670932753725579, 1.5283307653287896]",-0.012047547806843362,0.9604957829199401,0.9938808419181301,"[-0.48877021300654594, 0.4646751173928592]",0.04601824285428105
4831.0,24.0,3.9157684783597426e-05,0.000636710321684511,1.1983915708320874,7.752663700361935e-09,1.260595723636087e-07,"[0.7915841244033157, 1.605199017260859]",0.21349792143060053,0.23394458545544883,0.675980281718279,"[-0.13806271765249933, 0.5650585605137004]",23.184498011147397
4832.0,24.0,1.8236008749254794e-08,4.6959787989594754e-05,1.5226646251692946,3.630646718738154e-21,1.2102155729127182e-17,"[1.2066165853172743, 1.8387126650213148]",0.03923502856729222,0.7214333991245019,0.9477398429831227,"[-0.17644465833201, 0.25491471546659444]",23.85013323026793
4833.0,24.0,0.06749227141627576,0.1410202077231002,0.6534504503424783,0.013477375792075455,0.02815999956555674,"[0.13512121691166668, 1.17177968377329]",0.37607598419204624,0.36625843430423954,0.7998655477271011,"[-0.4397425791936804, 1.191894547577773]",22.56349555530447
4834.0,24.0,1.1757922034819129e-05,0.0003432723618080328,1.4720715907344213,2.911883099323839e-10,8.51427806819836e-09,"[1.0143491177747117, 1.9297940636941309]",0.19216711811827114,0.2424603397118349,0.6870842255519033,"[-0.13006212133120765, 0.5143963575677499]",23.26597567804207
4835.0,24.0,0.00010343335836552138,0.0010933758812422978,1.4585305341044028,8.756300430315084e-08,9.246357370976857e-07,"[0.9242807533885102, 1.9927803148202954]",-0.5855309630314611,0.0020251948535815706,0.04290667062672819,"[-0.9573485496411493, -0.2137133764217729]",2.236563530395557
4836.0,24.0,8.12324877996996e-05,0.0009587045446741855,1.2530234781509804,4.8127740669058715e-08,5.688858235113324e-07,"[0.8030712341343116, 1.7029757221676491]",-0.09444187677934845,0.6196449973538836,0.9175486145824342,"[-0.4673669429157302, 0.2784831893570333]",0.3607413965834159
4837.0,24.0,0.003763067146475158,0.011991928446383549,0.9359792348001448,0.00013826191161418584,0.0004399042685783832,"[0.4546457598855491, 1.4173127097147404]",-0.6226521746368014,0.0190741776483302,0.17826334250775888,"[-1.1432729874281162, -0.10203136184548678]",2.3783561140887604
4838.0,24.0,0.0004589780632911638,0.0027434432952251273,1.2732987772354147,2.408357222453399e-06,1.439544066021159e-05,"[0.7440879648444769, 1.8025095896263525]",-0.2928279282956927,0.18111607453383105,0.6110528830426148,"[-0.7219917711963869, 0.1363359146050015]",1.118520294326846
4839.0,24.0,0.013053300069423197,0.03255999019561785,0.9513900058867061,0.0011110700474261097,0.0027714393799603636,"[0.37953563101586896, 1.5232443807575433]",0.30345345929707257,0.33770389910494414,0.7776550125512129,"[-0.3169183622762871, 0.9238252808704323]",22.840893166908856
4840.0,24.0,3.8959661749619766e-05,0.0006345221783325694,1.2755190921145627,7.618432348976151e-09,1.2407870275205457e-07,"[0.842750266265908, 1.7082879179632173]",0.009475010224754499,0.9579961391232735,0.9938808419181301,"[-0.34312139463548275, 0.36207141508499174]",23.96380812688522
4841.0,24.0,0.005171535994570856,0.015300402350801347,0.8555963642295952,0.00023814300102556804,0.0007045897705323253,"[0.3992475777706603, 1.31194515068853]",-0.08250312695040662,0.7703775911031628,0.9589249382121035,"[-0.6365067893412525, 0.47150053544043924]",0.3151387313926892
4842.0,24.0,0.00029162691243371833,0.0020422052691436857,1.2568922534117772,9.100904229353925e-07,6.377648373758883e-06,"[0.7551833392545504, 1.758601167569004]",0.09234666921916723,0.6623982186304667,0.93180039273632,"[-0.32220736588544374, 0.5069007043237782]",23.647261706776735
4843.0,24.0,0.01723359655426005,0.041456811532980635,0.7611504967223718,0.001732679906669687,0.0041670993426399395,"[0.2849231916582894, 1.237377801786454]",-0.5137432963611968,0.11464320725919222,0.4962909405159836,"[-1.151977692923495, 0.12449110020110166]",1.9623548423090158
4844.0,24.0,0.045965330041128176,0.09940599057337408,0.5990096310607084,0.00767713829917646,0.01660639908971763,"[0.15862709209336662, 1.0393921700280502]",-0.17390236059664588,0.6547714247805958,0.9301211184160023,"[-0.9361684656739494, 0.5883637444806576]",0.6642580873033305
4845.0,24.0,0.010468774531964787,0.0270007591057595,0.9854209129618597,0.0007794383849548776,0.0020088082080848774,"[0.41060178136325043, 1.560240044560469]",0.42698644994561175,0.16185305408095685,0.5781053166642794,"[-0.17126801658916424, 1.0252409164803877]",22.369031900589498
4846.0,24.0,0.0007009428186263859,0.0036488434077375635,1.0665115782200567,5.731028706972254e-06,2.983356953134958e-05,"[0.6056895237279004, 1.527333632712213]",0.1069684237736297,0.6402777923422671,0.9259807051547606,"[-0.3416718006988893, 0.5556086482461486]",23.591410718440276
4847.0,24.0,8.091153970151586e-05,0.0009575330142191225,1.1539212034322106,4.809835622199577e-08,5.688858235113324e-07,"[0.7395641492716232, 1.568278257592798]",-0.35799917237839907,0.05767885731038196,0.3472538068054302,"[-0.7276604698733081, 0.011662125116509992]",1.3674561097639135
4848.0,24.0,7.473529405551494e-06,0.0002840664501892035,1.3739787964434707,7.69037592082376e-11,2.9240973082980073e-09,"[0.9600950981674682, 1.787862494719473]",0.10519413949849898,0.5097857465643483,0.87774087227094,"[-0.2075875475042278, 0.4179758265012258]",23.59818798514837
4849.0,24.0,0.2504333700789545,0.45967946049734676,0.5083951092468236,0.08584115487898288,0.15756452804512278,"[-0.07168505493185695, 1.0884752734255043]",0.12351454704353948,0.8380429237978466,0.9708072590103425,"[-1.0608645408179644, 1.3078936349050434]",23.52820918306234
4850.0,24.0,0.017745904869181667,0.04260721457186475,0.7037947465359642,0.0018039476907419077,0.0043312069405568015,"[0.26178080796213904, 1.1458086851097893]",0.04708185536968301,0.8875476432642488,0.9788768537159467,"[-0.6054890595168573, 0.6996527702562233]",23.820160559711454
4851.0,24.0,0.0004080485857830859,0.002540615952438092,1.0728377909549287,1.8702658281932652e-06,1.1660011397713624e-05,"[0.6317341300058266, 1.5139414519040308]",-0.006598331150690306,0.9758543480295,0.9955285224381598,"[-0.4338827143748649, 0.4206860520734843]",0.025203768450950306
4852.0,24.0,0.046658814866397766,0.100796748469211,0.7371531644206666,0.007853931578223403,0.016966799693720898,"[0.19364735059163907, 1.280658978249694]",0.25107767412859605,0.5187318410201874,0.8816839468333598,"[-0.5115165897335487, 1.0136719379907408]",23.040953929498027
4853.0,24.0,0.05441193735452278,0.115745452785626,0.7316479898086254,0.009837907355454175,0.020931717777562076,"[0.17615021213778226, 1.2871457674794686]",0.19945465133173812,0.6192236478679857,0.9174210890671123,"[-0.5871902695973239, 0.9860995722608001]",23.2381393516292
4854.0,24.0,0.00016848734544685224,0.001459298747635282,0.9111919757485155,2.6783351670389495e-07,2.3209143561862647e-06,"[0.5640628047480908, 1.2583211467489401]",0.004954409213817179,0.9804321007422161,0.9969040046072112,"[-0.39095177084998495, 0.4008605892776193]",23.981075550804505
4855.0,24.0,1.3905059548989515e-05,0.0003733662596979804,1.0814159186049914,4.706211041062213e-10,1.265110494909197e-08,"[0.741124971963592, 1.421706865246391]",0.23054853276884124,0.16533343801308542,0.5828548182601712,"[-0.09515520730859817, 0.5562522728462806]",23.11936947329412
4856.0,24.0,0.0001568639818400993,0.0014081147382414658,1.0615490870424753,2.2788935891436377e-07,2.0456854480643066e-06,"[0.6595025447057972, 1.4635956293791534]",0.16061763601378587,0.42290063595126803,0.8330768809375543,"[-0.23220134996730774, 0.5534366219948794]",23.38648582273611
4857.0,24.0,0.0031111280842182915,0.010370426947394306,0.9506485594255533,9.76375113950607e-05,0.000325458371316869,"[0.47245274202264015, 1.4288443768284664]",-0.08919035421957489,0.7379222986883969,0.9523631024368666,"[-0.6116253031010007, 0.43324459466185095]",0.3406820580038983
4858.0,24.0,0.03423843309140333,0.07613616431266028,0.6685035995307288,0.004977100009802056,0.011067600644434192,"[0.20197794611978165, 1.135029252941676]",-0.6388844530018405,0.07598213496596325,0.4030882491563037,"[-1.344546654052365, 0.06677774804868397]",2.4403588502353104
4859.0,24.0,0.0031198908539274185,0.010389246932825237,0.7758335891812433,9.845286099712926e-05,0.0003278483549687954,"[0.38537132350779396, 1.1662958548546927]",-0.29379229952693287,0.26782726240190924,0.716882394009393,"[-0.8134500135718209, 0.22586541451795517]",1.1222039210891057
4860.0,24.0,0.07529255528292708,0.15627346468021394,0.6241828342566861,0.015743733888532348,0.032676907199112384,"[0.11756758993437544, 1.1307980785789966]",0.07577839585292523,0.860168360519414,0.9721283259851184,"[-0.7673361080191703, 0.9188928997250208]",23.710547849290382
4861.0,24.0,0.021391059863621886,0.05030823109976925,0.758944207991578,0.002416077932218347,0.0056822152686226415,"[0.2686110552955718, 1.2492773606875842]",-0.1746622526289956,0.6093154632564313,0.9143882220641197,"[-0.8445207150338824, 0.4951962097758912]",0.667160661059281
4862.0,24.0,0.0011302112048082985,0.005025394418889722,1.1208349591685256,1.4783417297229666e-05,6.576253246098605e-05,"[0.6137131997116728, 1.6279567186253785]",0.1528981611723701,0.5231645036208454,0.8837210016087154,"[-0.3164622292966472, 0.6222585516413874]",23.415972044634145
4863.0,24.0,2.9088486174601472e-05,0.0005356995612265464,1.2744431991508143,3.543753691749698e-09,6.526249892725042e-08,"[0.8513773494779814, 1.697509048823647]",-0.074094106877439,0.6736604739036048,0.9338966192307091,"[-0.4189328289794982, 0.2707446152246202]",0.2830186407245668
4864.0,24.0,0.00033350873918351804,0.0022174783190393485,1.3020438441476474,1.2164166436880718e-06,8.092932002214692e-06,"[0.776185991292533, 1.827901697002762]",-0.06295025781621977,0.7687185632006014,0.9585289470195746,"[-0.4825374560568566, 0.35663694042441707]",0.24045227280865433
4865.0,24.0,0.002510926743090679,0.00888066686480311,1.0261175527700521,6.643846954351792e-05,0.0002350140415405657,"[0.521903845215086, 1.5303312603250183]",0.22580145099805993,0.3842971659191663,0.8109156077952878,"[-0.28288785624686397, 0.7344907582429838]",23.137501989992074
4866.0,24.0,0.009787190717681554,0.0255807389380072,0.8493538992108286,0.0006949319934447422,0.0018163408087944126,"[0.3585184905798108, 1.3401893078418463]",-0.10522238820475316,0.7310798373959031,0.9511837592972979,"[-0.7052759665676043, 0.49483119015809796]",0.4019199169612994
4867.0,24.0,0.10710660849709885,0.21602785094211144,0.5936597700172372,0.026061526803399893,0.05256459621500583,"[0.07078417918702518, 1.1165353608474493]",-0.2702429340491337,0.5606652151008148,0.8963472663482251,"[-1.180551485084112, 0.6400656169858446]",1.0322519709498408
4868.0,24.0,0.0006131133931357036,0.003314088005222856,1.2045505150262719,4.409797248427413e-06,2.3798150288329265e-05,"[0.6903183844797711, 1.7187826455727726]",-0.4774093421397074,0.03206145254256953,0.24673001477249826,"[-0.9139115227965702, -0.040907161482844734]",1.823569360314824
4869.0,24.0,0.0011560615303961648,0.005114940462419141,1.2092631056034218,1.554284663179473e-05,6.868248622092235e-05,"[0.6607341173432847, 1.757792093863559]",-0.4015109196531732,0.09119484522109003,0.4384367558706252,"[-0.8674003023883088, 0.06437846308196238]",1.5336587416362082
4870.0,24.0,0.006848840958144647,0.019110987928427015,0.879042610663451,0.0003866811327680777,0.0010777066130659913,"[0.3935856972207887, 1.3644995241061133]",-0.4990489213328724,0.08281304949874908,0.4195189944212213,"[-1.0629381585022584, 0.06484031583651373]",1.9062264641953215
4871.0,24.0,0.006406854038226586,0.018211637402576992,0.9302515808367632,0.00034435687513619505,0.0009782865770914632,"[0.42087875013849063, 1.4396244115350356]",-0.32450090931513564,0.25996962127554146,0.7085571580145583,"[-0.8891090078535835, 0.2401071892233122]",1.239502170127649
4872.0,24.0,2.1917910879185772e-05,0.00045853370040137596,1.2346846514604608,1.6555091738855937e-09,3.4634083135681874e-08,"[0.8332644045186162, 1.6361048984023054]",-0.05316696361103368,0.757715863635431,0.9559877159165165,"[-0.3909677209245405, 0.28463379370247316]",0.20308284162919046
4873.0,24.0,0.00039071324558334505,0.0024728686429325636,1.1420114363022533,1.706083677260298e-06,1.0797997957343658e-05,"[0.6742804331144141, 1.6097424394900925]",-0.045249281752974824,0.8349193015373804,0.9707873627483405,"[-0.4708174411158127, 0.38031887760986305]",0.1728395246962523
4874.0,24.0,0.000597010787782439,0.003265923346731067,1.1205139018515864,4.16159942803195e-06,2.2716154083143835e-05,"[0.6434124222389158, 1.5976153814642569]",-0.3687400258180169,0.0990019076306195,0.45748205407765297,"[-0.8068269668505044, 0.06934691521447062]",1.408483147794492
4875.0,24.0,0.00031681835084431043,0.002155226876491908,1.3531157627852088,1.093548293947503e-06,7.439104040459205e-06,"[0.8089934586220456, 1.897238066948372]",-0.26080598224669416,0.21889731455169703,0.657423017751728,"[-0.6765722808669841, 0.1549603163735958]",0.9962054702999634
4876.0,24.0,0.003996334746758215,0.012535554412666924,1.1292851578344199,0.0001522833211156584,0.00047782654884109946,"[0.5448717677040623, 1.7136985479647775]",0.15464923650988815,0.5723278811835794,0.900878138176577,"[-0.38217815100380625, 0.6914766240235826]",23.409283429537528
4877.0,24.0,0.0024243672421409655,0.008658454436217733,0.9390835039595505,6.217733385569325e-05,0.00022222063565294228,"[0.4794456613071137, 1.3987213466119874]",-0.03489144481604889,0.8930409914932337,0.9795465253756226,"[-0.5434989090989575, 0.4737160194668597]",0.1332755019382144
4878.0,24.0,0.00014748896659296206,0.001360011384254292,1.093819490877342,1.976153960785206e-07,1.8247035648986207e-06,"[0.6816654454403871, 1.505973536314297]",-0.1272821857755213,0.5235613386159246,0.8837210016087154,"[-0.518381188292137, 0.26381681674109436]",0.48618213680916345
4879.0,24.0,0.001016951661830768,0.00467349109297228,1.0957499460286675,1.2047216042896773e-05,5.536404431478297e-05,"[0.6050572063785793, 1.5864426856787557]",-0.2224339374097397,0.347062989120977,0.7866341548526224,"[-0.6860751837044801, 0.24120730888500064]",0.84963505560368
4880.0,24.0,0.00038545208235066415,0.002445761943849392,1.1935034009358643,1.6683937260398968e-06,1.0586254606852138e-05,"[0.7051406057764824, 1.6818661960952461]",-0.3289521092267478,0.12641013813369392,0.5144897766939109,"[-0.7507847369258338, 0.09288051847233819]",1.2565045013746077
4881.0,24.0,0.010678986541082224,0.027452407560622682,0.9050126998782013,0.0008039527352115936,0.0020661853899038643,"[0.3757484343303493, 1.4342769654260534]",0.34857780084027823,0.2566774121427984,0.7058463400471383,"[-0.2537429322782475, 0.950898533958804]",22.668530878660018
4882.0,24.0,0.013229554326256037,0.03295853095728958,0.8426042100886322,0.0011337308290737499,0.0028244415273386892,"[0.33524648364411047, 1.3499619365331539]",-0.2132481993860731,0.5027058782291307,0.8734611984187444,"[-0.8368454735160096, 0.4103490747438634]",0.8145481209057507
4883.0,24.0,0.0290191837590805,0.06595269036154659,0.6985286878602917,0.0038541013967782535,0.008763304676621767,"[0.22477224299232773, 1.1722851327282555]",-0.04094524882610706,0.9093376085684582,0.9847157609726442,"[-0.7456816476052499, 0.6637911499530358]",0.15639932992326153
4884.0,24.0,0.0067567869097443925,0.018953118961414845,0.8576690794311801,0.0003756892220226177,0.0010538267097408632,"[0.3850261810314737, 1.3303119778308865]",0.1608909874493376,0.5811451090902047,0.9043652491288589,"[-0.41067544350850527, 0.7324574184071805]",23.385441697164044
4885.0,24.0,0.0036528581245214454,0.011719391546483389,0.902656277622101,0.00012993929248246645,0.0004170067152839103,"[0.44031739082315074, 1.3649951644210512]",-0.11969812498358046,0.6590482891136364,0.9301780744111013,"[-0.6514056936426061, 0.41200944367544523]",0.45721315847923977
4886.0,24.0,0.004683526394670492,0.014131032289747209,1.0446324390246844,0.0002012170119440694,0.0006068510746131555,"[0.49387225946169844, 1.5953926185876703]",0.27319849424374,0.3257220826277807,0.7674497923758702,"[-0.27165004096388856, 0.8180470294513685]",22.956458620700307
4887.0,24.0,0.0011231291587202766,0.0050072633023641394,0.7685371735304884,1.4701200919442986e-05,6.551337308129673e-05,"[0.42091104152265035, 1.1161633055383264]",-0.41571740407436497,0.07921511926391636,0.4097389482071775,"[-0.8799175135164843, 0.048482705367754286]",1.5879235149063844
4888.0,24.0,0.00014334466061751558,0.0013411611928311055,1.0653543415614186,1.8649353279195026e-07,1.7445606435168407e-06,"[0.6647541947755496, 1.4659544883472875]",0.36423294911095017,0.06507072404694397,0.3718327088396799,"[-0.02274359536789039, 0.7512094935897907]",22.608732617089284
4889.0,24.0,0.00950122969788325,0.024957262143113345,0.9198952770966853,0.0006633828614497567,0.001742992279163838,"[0.390279417277802, 1.4495111369155684]",0.2785874524452847,0.3586608283300572,0.7954331965625575,"[-0.3162590071584568, 0.8734339120490262]",22.93587431663891
4890.0,24.0,5.485849024668392e-05,0.0007792399182767602,1.4544657305750142,1.84141268250112e-08,2.613259192671872e-07,"[0.9477895073822367, 1.9611419537677917]",0.3453930640113727,0.059227701853657194,0.3529782685976294,"[-0.013450410701789206, 0.7042365387245346]",22.680695677270432
4891.0,24.0,9.735718738613441e-06,0.00031920389306929316,1.2932612361887597,1.6896231933140658e-10,5.539748174800216e-09,"[0.8964129065397446, 1.6901095658377747]",-0.24461602195276466,0.1309832076706271,0.5224699149207304,"[-0.562075401154534, 0.0728433572490047]",0.934364377278194
4892.0,24.0,0.08143769829375094,0.16801670784763964,0.7317117089033311,0.017640116655161707,0.036393886228928626,"[0.12738127283092582, 1.3360421449757365]",0.2646812620738368,0.5434561729436667,0.8910210101645429,"[-0.5891207145546878, 1.1184832387023613]",22.98899205113154
4893.0,24.0,0.05038975882073964,0.10808614075662729,0.6425372415481247,0.008784967603594753,0.0188437743534851,"[0.16192636206488265, 1.1231481210313667]",0.08645272549863225,0.8273459642650927,0.9679957461859046,"[-0.6904340708247501, 0.8633395218220146]",23.669774913435024
4894.0,24.0,0.06727110418088832,0.14061685656540202,0.5800642213101581,0.01338167404314753,0.02797172667882009,"[0.12042021350265203, 1.0397082291176643]",0.020647043211901916,0.9608052318997172,0.9938808419181301,"[-0.802814157440606, 0.8441082438644099]",23.92113410430225
4895.0,24.0,0.027943052357737114,0.06374647562226111,0.9248292511775532,0.003644591781942684,0.008315290399139138,"[0.30137234056210827, 1.5482861617929982]",-0.25206193635844265,0.4785948921476223,0.863468373341443,"[-0.9492919715192427, 0.4451680988023574]",0.9628056752822612
4896.0,24.0,0.0051753843834897615,0.015301619585075771,1.0748409711583833,0.00023840492572286802,0.0007049165160833673,"[0.5015100613744173, 1.6481718809423493]",-0.05029103450806449,0.8588419637993743,0.9718046448331139,"[-0.6045190499265322, 0.5039369809104032]",0.19209760164392517
4897.0,24.0,5.587946537875485e-05,0.0007870347236444346,1.0500920810878704,1.916870949116094e-08,2.7074448433843134e-07,"[0.6838315841709821, 1.4163525780047588]",0.2004896091920001,0.2768569595202738,0.7264680123859192,"[-0.16087683170651562, 0.5618560500905159]",23.234186103804742
4898.0,24.0,0.0005890499131672488,0.0032312118111203995,1.3584477874075847,4.0193819210580065e-06,2.204817290761386e-05,"[0.7809443905600499, 1.9359511842551194]",-0.0492651313158321,0.826963518084189,0.9679957461859046,"[-0.49098032197548397, 0.39245005934381977]",0.1881789401036642
4899.0,24.0,0.039962268148499264,0.08763655295723523,0.6648355204016667,0.006260282644584261,0.013722671294573129,"[0.18819474413150478, 1.1414762966718286]",0.4787004101744703,0.20053687513916274,0.6342089662845122,"[-0.2542826729707117, 1.2116834933196523]",22.171499123054765
4900.0,24.0,0.029862528900997637,0.06757757162479665,0.6891166881969678,0.004034256132204143,0.009127276317203944,"[0.21940440773595926, 1.1588289686579762]",0.30916290854548834,0.38893473155923686,0.813160634662841,"[-0.3941596767703066, 1.0124854938612833]",22.819084677223632
4901.0,24.0,0.0040815450241401515,0.012726987914375277,0.8084132323605804,0.00015901845990779254,0.000495693453577907,"[0.3888602891557926, 1.2279661755653681]",-0.470291644684802,0.08251658954109815,0.41844112343356066,"[-1.001174595438899, 0.06059130606929508]",1.7963817587136846
4902.0,24.0,9.154730328850353e-06,0.0003103298416559442,1.5250513525367595,1.4073137598931563e-10,4.770555118281886e-09,"[1.0591122104090975, 1.9909904946644215]",-0.18970892446715215,0.2402859487428709,0.6842614943491263,"[-0.5063498253839636, 0.12693197644965926]",0.7246347138622625
4903.0,24.0,0.015887068515310746,0.03858894465705792,0.7745569190129185,0.0015153790749548588,0.0036816789964889667,"[0.2959198930548896, 1.2531939449709473]",0.061676371640655425,0.8506486691344577,0.9708072590103425,"[-0.5803276156211217, 0.7036803589024325]",23.764413613954005
4904.0,24.0,0.0012375470473685115,0.0053536158947566715,1.2227829257722362,1.7768905894033364e-05,7.668927878305294e-05,"[0.6642921152776617, 1.7812737362668107]",0.48004297253234185,0.04390161284128162,0.29782820915864144,"[0.013118205059065913, 0.9469677400056178]",22.166370912598822
4905.0,24.0,0.019011908013338758,0.04530959965047369,0.719502609109532,0.0020093742508705496,0.004788785154600929,"[0.2629565541258488, 1.1760486640932153]",0.010349393852608912,0.975460027927393,0.9955285224381598,"[-0.649068177591108, 0.6697669652963258]",23.96046822744846
4906.0,24.0,6.738020879264933e-05,0.0008676161301255521,1.365174904744497,3.043713407104908e-08,3.927372138199881e-07,"[0.8821020980168572, 1.8482477114721367]",-0.062188632030457214,0.740227284816814,0.9526734682327078,"[-0.42981524996025167, 0.30543798589933724]",0.2375430766024857
4907.0,24.0,8.29252820531314e-05,0.0009687532950132173,1.17849590151245,5.066730292838012e-08,5.91907744490422e-07,"[0.7545961766868228, 1.6023956263380774]",0.1575478580217382,0.4078790286045705,0.8249322780995372,"[-0.21555055515465793, 0.5306462711981343]",23.398211510935205
4908.0,24.0,0.004597652337126599,0.013944135504767538,1.0202279577249014,0.00019435540674679768,0.0005897221693978282,"[0.48359889014152313, 1.5568570253082796]",0.08930296251902359,0.7486658509085389,0.9551730187504387,"[-0.45698640403012947, 0.6355923290681766]",23.65888780997633
4909.0,24.0,1.2495227627564143e-05,0.00035497805760125405,1.3351564421891178,3.45427872264456e-10,9.813291825694771e-09,"[0.9182522955013228, 1.7520605888769127]",0.07842687455044306,0.6355589916276769,0.9241223256083614,"[-0.24592064219745968, 0.4027743912983458]",23.700431405857177
4910.0,24.0,0.009706230882926072,0.025395685198655343,0.7789920004039732,0.000688834974411976,0.0018022893103400732,"[0.3291384146473558, 1.2288455861605905]",-0.4261799776038897,0.15845627684250085,0.5720443207310499,"[-1.0184708080907603, 0.1661108528829809]",1.627887601978855
4911.0,24.0,0.0005430884072301212,0.003063104383700627,1.0595629009648215,3.4272787550910814e-06,1.933039342972973e-05,"[0.612324512526149, 1.5068012894034941]",0.38373433631430487,0.08306469533535607,0.42015526219198823,"[-0.05021248794870392, 0.8176811605773137]",22.534242804995774
4912.0,24.0,4.916064833125918e-05,0.0007272285256103429,1.301077865082938,1.3880875483676276e-08,2.0533839472893901e-07,"[0.8517153379139708, 1.7504403922519052]",-0.20889651704093204,0.25241990241398315,0.7003881864982885,"[-0.5666359023079612, 0.1488428682260971]",0.7979259187618725
4913.0,24.0,0.0019228205246639431,0.007364855086291106,0.9192918735622165,4.0559250856355635e-05,0.0001554300648467177,"[0.48029085718095954, 1.3582928899434736]",0.040193260382999974,0.873860765412902,0.9753998944222592,"[-0.456021824310869, 0.536408345076869]",23.84647305434558
4914.0,24.0,2.5381204835513013e-06,0.00019127600552403012,1.304667288422742,2.6227148736246255e-12,2.0020724226142177e-10,"[0.9391890039677966, 1.6701455728776873]",0.2948662744197188,0.04570221688698415,0.3028642603511209,"[0.005632670511006077, 0.5840998783284315]",22.87369379700025
4915.0,24.0,0.0016521569548530938,0.006592805087203088,0.8968728364253425,3.053839140986188e-05,0.00012186109900184312,"[0.47526958774474803, 1.318476085105937]",-0.07965562947521576,0.7491685212449991,0.9551730187504387,"[-0.5679403387225552, 0.4086290797721237]",0.3042620922258496
4916.0,24.0,0.0036300180614448245,0.011672083798857957,0.7944878312054239,0.00012845963805977278,0.0004130534985844784,"[0.3878522442601721, 1.2011234181506756]",0.07871897247963311,0.7716596697149072,0.9589249382121035,"[-0.45292772747009524, 0.6103656724293615]",23.699315673954036
4917.0,24.0,0.0006937166510437469,0.003620650579560266,1.2586516404804085,5.661560173654063e-06,2.9533438568878784e-05,"[0.7151173168133348, 1.802185964147482]",-0.44046430635201705,0.05108526141845922,0.3260241270234306,"[-0.8830061412218209, 0.0020775285177866976]",1.6824497186751943
4918.0,24.0,0.045705701220527986,0.09893008922192205,0.8042231741887939,0.007619725020981473,0.01649797862691473,"[0.21352978425674496, 1.3949165641208428]",-0.26842653963602014,0.4883138121037337,0.869504651181862,"[-1.027606199595089, 0.4907531203230485]",1.0253138553630041
4919.0,24.0,0.00014110555678142116,0.0013324415182381602,1.4931962938541479,1.7822434867072843e-07,1.6829494680899758e-06,"[0.9326206754954376, 2.0537719122128584]",-0.06106272735849938,0.7589610039142333,0.9564591353912479,"[-0.4510986310357182, 0.3289731763187194]",0.23324243754666935
4920.0,24.0,0.011640809146717633,0.02953770400080597,0.9026911964469481,0.0009216466220128616,0.002338611068289423,"[0.3687275611015768, 1.4366548317923193]",0.10179341219364346,0.7453251647040101,0.9547509829752914,"[-0.512447702075683, 0.71603452646297]",23.61117780660458
4921.0,24.0,0.0033472647061000174,0.010971041317928606,0.996925061333028,0.00011121617559832253,0.0003645236827214767,"[0.4913420890339426, 1.5025080336321135]",-0.01301111984821457,0.9614080032543703,0.9938808419181301,"[-0.5400420932292855, 0.5140198535328564]",0.049698816936106074
4922.0,24.0,1.422214747325415e-05,0.00037624728765222617,1.3264270511103167,4.992399719439812e-10,1.3207406665184689e-08,"[0.9084168000090997, 1.7444373022115336]",-0.0961675106479376,0.5646626964539108,0.8974295874982688,"[-0.42343810589333214, 0.23110308459745693]",0.367332832427082
4923.0,24.0,0.0029796594786047695,0.01004266760567836,0.9327694179956265,9.073757801962967e-05,0.00030582264246589036,"[0.4656916888682136, 1.3998471471230394]",-0.3296626645211127,0.21068337620454614,0.6492553966241791,"[-0.8458669173815914, 0.18654158833936596]",1.2592186226731266
4924.0,24.0,2.089811251654563e-06,0.00018329119250580232,1.428180478170025,1.3622063551366089e-12,1.19491785538299e-10,"[1.033253106381308, 1.8231078499587419]",-0.08878856168076421,0.5445615234628823,0.8913963247933143,"[-0.3759875895424411, 0.19841046618091268]",0.33914732355631844
4925.0,24.0,0.004660517258745881,0.014084367660156786,0.9944159030378674,0.00020109614167954952,0.0006068079109219962,"[0.47015273587961093, 1.518679070196124]",0.8055758279833576,0.002704337697909106,0.05151119424588774,"[0.2791861222050128, 1.3319655337617022]",20.922926998586455
4926.0,24.0,0.00020306278117908174,0.0016405604264734387,1.4183114563119,4.086160264035306e-07,3.305954906177432e-06,"[0.8694675128185942, 1.9671553998052056]",-0.019469750386786444,0.9244001922421504,0.9879295512207908,"[-0.4216089989729509, 0.382669498199378]",0.0743689683557377
4927.0,24.0,1.4747098577598588e-05,0.0003820491859481499,1.2688083796148673,5.532156442280147e-10,1.433201150849779e-08,"[0.8679163959181307, 1.6697003633116037]",-0.1125013458656765,0.5014704327434498,0.8731021700276606,"[-0.44053738808908566, 0.21553469635773265]",0.4297234871763211
4928.0,24.0,0.0014177698307093094,0.005885304403110458,0.9513892407596239,2.2933947967853387e-05,9.520111236136732e-05,"[0.5110045450538929, 1.391773936465355]",-0.2822989843763688,0.2472355680606485,0.6937024917526613,"[-0.760477703764502, 0.19587973501176437]",1.0783026910396998
4929.0,24.0,0.0011170034966823078,0.004982174383061141,1.268968388288754,1.4430358641082348e-05,6.442124393340334e-05,"[0.6955276099916312, 1.8424091665858766]",-0.008504031794729805,0.971687733957368,0.9946639642340541,"[-0.47812472793338573, 0.4611166643439261]",0.03248300871220538
4930.0,24.0,0.0026593280658779874,0.009256275899331666,1.121480383911571,7.40767275427454e-05,0.00025765818275737533,"[0.5668062250230379, 1.6761545428001041]",0.4220355444670174,0.10305190783590215,0.4675676399088119,"[-0.08536040268148781, 0.9294314916155226]",22.387942966502276
4931.0,24.0,0.00110327938525233,0.0049430079984423385,1.029606140894461,1.411054554820799e-05,6.324762684091435e-05,"[0.5648597795144077, 1.4943525022745143]",-0.1713208156986905,0.47311465191137714,0.86052137488428,"[-0.6393623780179759, 0.2967207466205949]",0.6543973121515723
4932.0,24.0,0.005099856452272483,0.015133877378671922,1.0790891594374206,0.00023266392302162,0.0006906023241959633,"[0.5044648794325217, 1.6537134394423194]",-0.15785763307112433,0.5753792701897584,0.9020009203830158,"[-0.7102043440400634, 0.39448907789781473]",0.6029717425933461
4933.0,24.0,7.718290700922847e-05,0.0009323511532191524,1.0668953666688943,4.292181228640782e-08,5.18379375439708e-07,"[0.6851997853679801, 1.4485909479698085]",-0.37802424458874384,0.04403045820541787,0.29782820915864144,"[-0.7459424256858654, -0.010106063491622241]",1.443946251237078
4934.0,24.0,0.03755853816380193,0.08292898689291661,0.7508338294230138,0.005697855273136552,0.012580824184448117,"[0.21854548735242507, 1.2831221714936025]",0.3404722624767169,0.36093991011289506,0.7966009934074046,"[-0.38996909000620084, 1.0709136149596348]",22.699491754587584
4935.0,24.0,0.00035695341340158675,0.002323915451833247,1.3106221094831938,1.4097350083760517e-06,9.17796229411492e-06,"[0.7780821630927969, 1.8431620558735906]",-0.16965276975323107,0.43000673614090523,0.8385466773418588,"[-0.5909929780934834, 0.25168743858702125]",0.6480258459709899
4936.0,24.0,0.000283185593931017,0.0020078987859523485,1.3165819541949477,8.605877117990948e-07,6.094813822939765e-06,"[0.7922169197250526, 1.8409469886648429]",-0.3766456122958868,0.07151089688749103,0.39006400564206756,"[-0.7862582507759923, 0.032967026184218706]",1.4386802637783345
4937.0,24.0,0.004190252536109434,0.012997061216220327,1.113061094435801,0.00016536022867915464,0.0005132223112326339,"[0.5339048698069709, 1.692217319064631]",0.09833349208819797,0.7213285197988519,0.9477398429831227,"[-0.44200529615527273, 0.6386722803316687]",23.624393727904213
4938.0,24.0,0.0017282648014704121,0.006806872002640457,1.0461093827995862,3.3227138824384326e-05,0.00013086702963522774,"[0.5520690582732781, 1.5401497073258943]",-0.027325204478944265,0.9131003465494222,0.9858565607313995,"[-0.5180886466325373, 0.46343823767464876]",0.10437459273169868
4939.0,24.0,0.00027665138034737246,0.0019786412984886983,1.3129006849591751,8.25169857337794e-07,5.89407040955567e-06,"[0.7908735334241109, 1.8349278364942392]",-0.6684457927154392,0.0010917893579619443,0.028066564472029418,"[-1.0696198579588643, -0.2672717274720142]",2.5532748503914227
4940.0,24.0,0.00020532943358825796,0.0016505581478155785,1.0819865485218751,4.1909720841386376e-07,3.3700965765294036e-06,"[0.6628908361878713, 1.501082260855879]",-0.07585099532404804,0.7117653347461208,0.9453650348600355,"[-0.4782075834223899, 0.3265055927742938]",0.2897294602622997
4941.0,24.0,1.7291368734802353e-05,0.0004159847987086338,1.5057680786379601,8.686101825449257e-10,2.093036584445604e-08,"[1.0244696989313837, 1.9870664583445365]",0.26501215079949336,0.11596069141701976,0.49852374971028296,"[-0.06541324231049239, 0.5954375439094791]",22.9877281493003
4942.0,24.0,0.0003264291857275691,0.002187454344374492,1.311950526399142,1.1611431735635355e-06,7.792907205124399e-06,"[0.7830954221316695, 1.8408056306666145]",-0.004154324893905326,0.9844928951173612,0.9971100704756963,"[-0.42307379212143975, 0.4147651423336291]",0.01586835220979391
4943.0,24.0,0.0032402192006058456,0.01069047580971003,0.7722768900244527,0.00010519957765473522,0.00034707877814165366,"[0.38199133127546203, 1.1625624487734432]",-0.22920639534364096,0.39046361732710533,0.813966605760538,"[-0.7523181402753154, 0.2939053495880335]",0.8755039393731754
4944.0,24.0,0.00042984985411279985,0.002620352016283536,1.0355887035313593,2.087524436082372e-06,1.2738410719964452e-05,"[0.6078081532158865, 1.4633692538468321]",-0.014623959918628415,0.9467656328899486,0.9904370601691201,"[-0.443901783647923, 0.41465386381066616]",0.05585941220705913
4945.0,24.0,0.027172364733293052,0.06223629118940232,0.8666223294410291,0.003488364477553183,0.00798984076397889,"[0.2851398062529261, 1.448104852629132]",-0.12265803002603626,0.7299706455521173,0.9506810952450392,"[-0.8191527904742977, 0.5738367304222252]",0.468519162925387
4946.0,24.0,0.01268116822567591,0.031814270510978196,0.9260050446223136,0.0010578851786563592,0.0026540019534780713,"[0.3717687244207435, 1.4802413648238837]",0.07072441310178501,0.8235810031379275,0.9666963285808975,"[-0.5510408286101888, 0.6924896548137588]",23.729852641381864
4947.0,24.0,0.0006802219318328266,0.0035613713708524952,1.0149030000043102,5.4379730392808045e-06,2.8456164517429644e-05,"[0.57744711246846, 1.4523588875401603]",0.42334538430758784,0.06057679067540336,0.3567537731178054,"[-0.018812842078401115, 0.8655036106935767]",22.382939746855424
4948.0,24.0,2.6298382316514074e-05,0.0005133188353146951,1.3394131909794413,2.715337762747379e-09,5.294895070784116e-08,"[0.8980502202711067, 1.780776161687776]",0.17609406064615385,0.3123783889162429,0.757560761484743,"[-0.16554420332556258, 0.5177323246178702]",23.327370235176975
4949.0,24.0,0.01494147676074685,0.036621266570457965,0.9815538090680386,0.0013828453494238498,0.0033884963230185,"[0.3800262787011015, 1.5830813394349756]",-0.504849558902575,0.11367227912794084,0.4942273005562645,"[-1.1303547231393587, 0.12065560533420872]",1.928383267610587
4950.0,24.0,0.0004564073535924985,0.002734615659631507,1.1001164820495768,2.3859732419342976e-06,1.4278714793143613e-05,"[0.6430682293393941, 1.5571647347597595]",0.36610250331460925,0.09326449957618915,0.4418024612799107,"[-0.06141047115074416, 0.7936154777799627]",22.60159144605991
4951.0,24.0,0.0031850119972883324,0.010550784702254198,0.9593132405419932,0.00010204314530088561,0.00033800313117219477,"[0.4754291870879463, 1.44319729399604]",-0.24032674912062735,0.3667853847838304,0.7999681238469583,"[-0.7622391451527645, 0.2815856469115098]",0.9179805619140877
4952.0,24.0,0.00014364342870436868,0.0013424619505081185,1.0812885088161108,1.8576273792314984e-07,1.740981611276006e-06,"[0.6747535014452744, 1.4878235161869473]",-0.07662578431646239,0.7005721419012656,0.9400237903147177,"[-0.4671717763793857, 0.3139202077464609]",0.292688936214202
4953.0,24.0,0.08302518540049686,0.17114266990368043,0.48615803468504676,0.01812533824221887,0.0373564267152079,"[0.08292781078624795, 0.8893882585838455]",0.19690691966800422,0.6533901744847863,0.9301211184160023,"[-0.6625163540645844, 1.0563301934005929]",23.24787096974012
4954.0,24.0,0.14913421968125556,0.2919620588904768,0.5232327477513427,0.041518692125239676,0.08131353726055557,"[0.020111980497683812, 1.0263535150050016]",0.06979101643260588,0.8910805190107454,0.9795465253756226,"[-0.9291193273041026, 1.0687013601693143]",23.733417954032234
4955.0,24.0,0.0017272088684339277,0.006805393492647469,1.4145755939064248,3.322644036244374e-05,0.00013086702963522774,"[0.7465225329646958, 2.082628654848154]",-0.14955268831027713,0.5496679718297077,0.8931881245201622,"[-0.6395052033589819, 0.3403998267384276]",0.5712491903342908
4956.0,24.0,0.00029911907325945225,0.0020786592999267007,1.142506812194464,9.667487849075578e-07,6.713533228524707e-06,"[0.6853528346528797, 1.5996607897360482]",-0.2992861227749577,0.15557111162177942,0.5680561322222348,"[-0.7123411453750077, 0.11376889982509225]",1.1431887801226175
4957.0,24.0,0.00041631471443338066,0.0025687065170328202,1.0694176239151265,1.9604383351892006e-06,1.2094005769211602e-05,"[0.628842209283277, 1.509993038546976]",0.2725919664822687,0.20952365540919038,0.6480636016368859,"[-0.15316348140971509, 0.6983474143742525]",22.95877538609296
4958.0,24.0,0.0012597229432827217,0.005411181027846742,1.1009744552103164,1.8324024530535155e-05,7.864388210530109e-05,"[0.5973159011537233, 1.6046330092669097]",0.3576173083427987,0.13666873214701972,0.5302931662877406,"[-0.1133304660142555, 0.828565082699853]",22.634002503408603
4959.0,24.0,0.005573489871393849,0.016244505600098654,0.9937183694201595,0.00027074455629881377,0.0007898032564142759,"[0.4589126812036691, 1.5285240576366497]",0.07271368584063342,0.7987883595500134,0.9641380320458821,"[-0.48635864174218646, 0.6317860134234533]",23.72225417923277
4960.0,24.0,0.008173903631728171,0.022020214525129773,0.9295060832395089,0.0005196201715264837,0.0013994618139684452,"[0.4045576102953432, 1.4544545561836746]",0.5031800218679292,0.08713906265021103,0.4289357967784869,"[-0.07332240131551404, 1.0796824450513725]",22.077993894111145
4961.0,24.0,5.816361939602054e-06,0.00025339021701557753,1.4182116910674623,3.630642626651248e-11,1.5785402724570645e-09,"[0.9982255225062338, 1.8381978596286908]",0.27210189160780196,0.08140895928408802,0.41620122333378334,"[-0.03394622515356305, 0.578150008369167]",22.96064733422312
4962.0,24.0,0.0003750963605967672,0.0023967818568483524,1.2121153499313329,1.588001175501568e-06,1.012110373168622e-05,"[0.7171598465738241, 1.7070708532888417]",-0.590638966548517,0.005208322628205693,0.0784385937982785,"[-1.0049874411842268, -0.17629049191280732]",2.2560746666132423
4963.0,24.0,0.07677610190988833,0.15908848302919257,0.6546072954131191,0.016194649402649735,0.03355708537639813,"[0.12102141764576435, 1.188193173180474]",-0.1255712516588403,0.7711360034530549,0.9589249382121035,"[-0.9716496435440232, 0.7205071402263425]",0.47964684988177914
4964.0,24.0,0.0001588758981027624,0.0014152571625260367,1.0118664575094176,2.3417003184775464e-07,2.0889387319157417e-06,"[0.6282600560903913, 1.395472858928444]",-0.00445048742449039,0.9823361084532795,0.9971100704756963,"[-0.3984302020136265, 0.3895292271646457]",0.016999609746623134
4965.0,24.0,0.0005998029996279757,0.0032676352000075384,1.2515142093546903,4.1796451456851086e-06,2.276495177388403e-05,"[0.7185300516885849, 1.7844983670207957]",-0.18642749222666488,0.40779294416448086,0.8249322780995372,"[-0.6278364269426628, 0.254981442489333]",0.7121005659863906
4966.0,24.0,0.014294673666158695,0.03526936507811176,0.7944981437452213,0.001285104789771729,0.003170749542984774,"[0.31079212837261194, 1.2782041591178306]",-0.32289377138331776,0.313438339022714,0.7585632599775266,"[-0.950710316117115, 0.30492277335047946]",1.2333633554217456
4967.0,24.0,1.2281147369940513e-05,0.0003508710329072447,1.3463654584504912,3.287731682886859e-10,9.410972055469638e-09,"[0.9264751636751247, 1.7662557532258576]",-0.07950207358081585,0.6305104103580216,0.9216640993393094,"[-0.4034489048500073, 0.2444447576883756]",0.30367555191461815
4968.0,24.0,0.002015937673806595,0.007630905566400434,1.1022569764985775,4.457636182102603e-05,0.00016853066851049537,"[0.5730601151403754, 1.6314538378567796]",0.4000189502644247,0.11187007611884016,0.49103821403013537,"[-0.09312563558868253, 0.8931635361175319]",22.472040161639658
4969.0,24.0,5.074275031604206e-05,0.0007440285970094144,1.0322427022735214,1.498454043827209e-08,2.1971466918287523e-07,"[0.6749040783878937, 1.3895813261591492]",0.05684273562056763,0.7567458077565676,0.9556077885548271,"[-0.30282545700268587, 0.41651092824382113]",23.782876743530903
4970.0,24.0,0.0005860331136696746,0.00321819392460008,1.274693509857938,3.979810828239309e-06,2.189114867018322e-05,"[0.7330373229468565, 1.8163496967690194]",0.11128652941469497,0.6210276966013537,0.9177195404295999,"[-0.3298948581702285, 0.5524679169996185]",23.574916769858632
4971.0,24.0,0.0010427295136008303,0.004757648943028551,0.9986998914413406,1.2675870617317139e-05,5.782787690381906e-05,"[0.5503299597683128, 1.4470698231143686]",-0.29568148812932815,0.2112060080809791,0.6495912003621981,"[-0.7592065738267224, 0.1678435975680661]",1.1294200899972036
4972.0,24.0,0.0013370169882341383,0.005641421891283284,0.94192058125885,2.055617905765719e-05,8.669835114996706e-05,"[0.5084307014057099, 1.3754104611119902]",0.3790766911562393,0.11643271965601894,0.49852374971028296,"[-0.09417966529072425, 0.8523330476032029]",22.552033698997555
4973.0,24.0,0.0025442835543690806,0.008958744909750285,0.9106310774994008,6.855136296637048e-05,0.00024129307626318363,"[0.4623295820900926, 1.358932572908709]",-0.5403230930391922,0.034638189832559264,0.2579138644849142,"[-1.0416164560242676, -0.03902973005411692]",2.0638821869733484
4974.0,24.0,0.0024152340824130083,0.00863508788849842,1.247080724656408,6.224746898488573e-05,0.00022231513472802323,"[0.6366518897217864, 1.8575095595910294]",0.4658730728928733,0.06828800277327313,0.38046858793343147,"[-0.03497363752393956, 0.9667197833096861]",22.22049594229652
4975.0,24.0,0.0002834274045433093,0.0020078987859523485,1.0987772584601965,8.564335485387783e-07,6.0739967981473645e-06,"[0.6612431247007327, 1.5363113922196603]",-0.16752816716446972,0.4265231966583186,0.8358283297243163,"[-0.5804653543343647, 0.24540902000542536]",0.639910461872417
4976.0,24.0,0.00019063058415548967,0.001581996549008213,1.0814477844741963,3.58195338728497e-07,2.9701106030555304e-06,"[0.665017966163912, 1.4978776027844807]",-0.40787780259097683,0.04317116321851077,0.2952883941074608,"[-0.8032318805609058, -0.01252372462104795]",1.5579784430355417
4977.0,24.0,0.002203480664538332,0.008124928704049898,1.062060344378274,5.2438845737943696e-05,0.00019328730459986618,"[0.5473838506091523, 1.5767368381473954]",0.33179266401910734,0.1929617070492582,0.6244437368203832,"[-0.16772184511996502, 0.8313071731581797]",22.732645378553535
4978.0,24.0,0.0016536750846331833,0.006596230892035036,1.1480562746301348,3.0625555132749535e-05,0.0001221601720492602,"[0.6082922548875082, 1.6878202943727616]",0.16731420961786814,0.5012025609110367,0.8731021700276606,"[-0.32024214871383677, 0.654870567949573]",23.360906795755266
4979.0,24.0,0.0005393559601274116,0.0030523823436752217,1.2142205731757338,3.362713404892512e-06,1.9037102132063685e-05,"[0.7021346079340703, 1.7263065384173975]",-0.2289248234014556,0.30404627006439255,0.7514276816848787,"[-0.6654753128063782, 0.207625666003467]",0.8744284137787406
4980.0,24.0,0.0012697385448747409,0.005437852440577049,1.1187890945439458,1.8514770231549283e-05,7.932635060646651e-05,"[0.6067056633308229, 1.6308725257570686]",-0.15005407168243767,0.5356830037502427,0.8882158908145295,"[-0.6249044008477806, 0.3247962574829053]",0.5731643337438133
4981.0,24.0,0.0009521240385005843,0.004457509543542061,1.074829976701195,1.0584418423151862e-05,4.95525207076398e-05,"[0.5965809118858467, 1.5530790415165434]",-0.22227346296761308,0.3443218875682067,0.7842558605667316,"[-0.6829547363294584, 0.23840781039423214]",0.8490220883867752
4982.0,24.0,1.7485630868297357e-05,0.00041632454448327035,1.0810566210003776,8.897058521192857e-10,2.11834726695068e-08,"[0.735296230389215, 1.4268170116115402]",0.0487800169777044,0.773580931010411,0.9594231226648312,"[-0.28354201185842276, 0.38110204581383156]",23.8136740601734
4983.0,24.0,0.009375036703292134,0.02470365402712025,0.9714853893963898,0.0006504138374389869,0.0017131901272496772,"[0.41305127766486094, 1.5299195011279187]",-0.4022454940210407,0.18173954082087573,0.6113001709413917,"[-0.9926124176311176, 0.18812142958903622]",1.5364646090373615
4984.0,24.0,0.0022485744366769443,0.008230898684392916,0.9368505409833435,5.416591138634982e-05,0.0001983571613091257,"[0.4819963832792988, 1.3917046986873882]",0.009358727937038402,0.9709999653765333,0.9946639642340541,"[-0.495198932726968, 0.5139163886010448]",23.964252292506433
4985.0,24.0,0.0009333578503285425,0.004398481858287194,0.9944110952071991,1.0161627448046212e-05,4.786447219993506e-05,"[0.5528297455857589, 1.4359924448286392]",0.14821655552044444,0.5283365014222186,0.8840013597459259,"[-0.31249283946067974, 0.6089259505015686]",23.433854460980807
4986.0,24.0,0.006171260719363888,0.017662451972993383,0.950892671065454,0.00032219702058993165,0.0009221437338006057,"[0.43272859158061405, 1.469056750550294]",-0.12898073899681428,0.6548964403180824,0.9301211184160023,"[-0.6945609422355138, 0.4365994642418852]",0.492670132199726
4987.0,24.0,3.869393933309036e-06,0.0002186098267406235,1.2085905942195723,1.0119183977784992e-11,5.717053094793781e-10,"[0.8604840974012216, 1.556697091037923]",0.023703231417711024,0.876652962719166,0.9760108692041484,"[-0.2756100598664537, 0.32301652270187575]",23.909460325262884
4988.0,24.0,0.00029286808401402816,0.0020489374361559115,1.1006063402206714,9.184962864458221e-07,6.427545741398335e-06,"[0.6611200877652618, 1.5400925926760811]",-0.08861788665907167,0.6753625218456281,0.9340458733357723,"[-0.5033456549679443, 0.326109881649801]",0.33849539299556597
4989.0,24.0,2.0543891532459202e-05,0.00044070996318830403,1.5343751273082897,1.3874493938329111e-09,3.0096516135204146e-08,"[1.0378660755257798, 2.0308841790907994]",0.05621335430247498,0.7431332191332928,0.9540050206831793,"[-0.27998988170175837, 0.39241659030670833]",23.78528080307964
4990.0,24.0,0.012932789106346466,0.03232389179291793,0.8888575434204948,0.0010920782482404954,0.0027301956206012383,"[0.355389041941402, 1.4223260448995876]",-0.11116636592106133,0.7265946065550255,0.9490709376786874,"[-0.7342936318083298, 0.5119608999662072]",0.4246242394055839
4991.0,24.0,0.2205713428400245,0.41320970932938267,0.5269656089528345,0.07185302665475422,0.13463186557008475,"[-0.04681547680890741, 1.1007466947145765]",-0.15514032767829544,0.7877659226353078,0.9614615569599874,"[-1.2846164997454637, 0.9743358443888728]",0.5925924005495306
4992.0,24.0,0.000644050549113002,0.0034276239974082062,0.9436148197235091,4.830694694937734e-06,2.5722548961329785e-05,"[0.5390987882734197, 1.3481308511735985]",0.15856013123627744,0.48460623455966323,0.8677556500702994,"[-0.2860903860474338, 0.6032106485199886]",23.39434491207472
4993.0,24.0,0.06823260370411102,0.14253729622751415,0.846529793170568,0.013673947057831778,0.02856475257537451,"[0.17363498424675916, 1.519424602094377]",-0.2414938080553144,0.5649485498970462,0.8977412202400227,"[-1.0639325937470363, 0.5809449776364075]",0.9224383986741278
4994.0,24.0,0.002678310715198365,0.009299689983327657,1.2530680483033638,7.462941016007938e-05,0.00025912989638916453,"[0.6330341888774699, 1.8731019077292577]",-0.17300196579773086,0.5086744320471499,0.8771761201020002,"[-0.686053881479597, 0.3400499498841353]",0.6608188325117731
4995.0,24.0,1.9493385050109545e-05,0.0004370714136795862,1.3207979856924985,1.2100879882675935e-09,2.719298850039536e-08,"[0.8949452948908316, 1.7466506764941654]",-0.2727217469107064,0.10866890816330962,0.4815462434941741,"[-0.6059240838642646, 0.06048059004285178]",1.0417203386278981
4996.0,24.0,8.30802338262559e-05,0.0009689622341496803,1.1345169622197453,5.079800463962019e-08,5.927421778252065e-07,"[0.7264019412978322, 1.5426319831416584]",0.05044841556684165,0.7913610848979697,0.9628316126547152,"[-0.3233163752707956, 0.4242132064044789]",23.80730124699319
4997.0,24.0,0.007016017371828558,0.019487372210994537,0.8149114884896365,0.00039990489455949497,0.0011108469293319306,"[0.36374452582130173, 1.2660784511579712]",0.055546277572285696,0.8498861041887674,0.9708072590103425,"[-0.5196758810782156, 0.630768436222787]",23.78782884849639
4998.0,24.0,0.0004807224152066639,0.002832777932861897,1.0370882676113815,2.6393063650530425e-06,1.5561947907152374e-05,"[0.6043378063152995, 1.4698387289074635]",0.02163448612311658,0.9221022326001179,0.9878688510655973,"[-0.41199423433044685, 0.45526320657668]",23.91736235021407
4999.0,24.0,3.0680724031679186e-05,0.0005528036331550792,1.2870763513276933,4.078800510652279e-09,7.360667072173202e-08,"[0.8581292217051304, 1.7160234809502561]",-0.0179122331783228,0.919259014608518,0.9874079467440474,"[-0.3642505960292236, 0.328426129672578]",0.0684196908514734
5000.0,24.0,0.3112010288638148,0.5504086113615401,0.5772376506035483,0.11681839474005379,0.20655180535604087,"[-0.14417244570088494, 1.2986477469079816]",-0.8697694975141133,0.16979219328454398,0.5896128448165394,"[-2.1114854715057314, 0.3719464764775049]",3.3222747571182025
5001.0,24.0,0.3598622969318061,0.6150720261273017,0.36282928234327794,0.14336384930721865,0.2450245245380596,"[-0.1231231525977064, 0.8487817172842622]",-1.3537758180402868,0.04022158230214656,0.28280498316758507,"[-2.647168825053787, -0.060382811026786554]",5.171042718705261
5002.0,24.0,0.8865937779138381,0.9753506907742993,0.1573745596811748,0.6229368953072314,0.6852991147494295,"[-0.4699455762816986, 0.7846946956440481]",2.1439425018717726,0.2841723836430139,0.7342955649690281,"[-1.7795643747409868, 6.0674493784845325]",15.810742874935256
5003.0,24.0,0.8002356350877173,0.9455321020522349,0.16631293621456297,0.5023849765809003,0.593621602891175,"[-0.31966739918026155, 0.6522932716093875]",-0.4043428821172723,0.791702350724303,0.9628316126547152,"[-3.405083086230337, 2.5963973219957923]",1.544476041431698
5004.0,24.0,0.646341994290071,0.8741438927374507,0.3007230760042242,0.34538806781044695,0.46711937761759126,"[-0.32393088234820944, 0.9253770343566579]",1.4543790027311525,0.1542534048149714,0.5664833081710298,"[-0.5464604406210571, 3.455218446083362]",18.444681422070623
5005.0,24.0,0.9188891698986917,0.9856991265873718,0.16103450409518397,0.680406479006959,0.7298625721920642,"[-0.6052080386008554, 0.9272770467912232]",-2.0390001046725654,0.3902023941008933,0.813966605760538,"[-6.68999225662539, 2.6119920472802596]",7.788406694964739
5006.0,24.0,0.7833653770291727,0.9395359504810574,0.25354617529925166,0.48252232364339664,0.5787721286354763,"[-0.45409398024042597, 0.9611863308389292]",2.151201186335425,0.1250236610796359,0.5121821428907656,"[-0.5973059238719425, 4.8997082965427925]",15.783016742629625
5007.0,24.0,0.8298991011899594,0.9545027190323622,0.19162713319403762,0.5399734966916885,0.621098966451074,"[-0.42121515825810535, 0.8044694246461805]",-0.9594045255000081,0.5513506366936518,0.8939184893512985,"[-4.115825732809933, 2.197016681809917]",3.6646553437934553
5008.0,24.0,0.5656261035026473,0.8161992835536037,0.40688520024446334,0.2794686333772075,0.40344829417815437,"[-0.3304889797874841, 1.1442593802764107]",-1.5407442757836058,0.0833471397379227,0.4207321238751489,"[-3.284695609950063, 0.20320705838285114]",5.885209620756079
5009.0,24.0,0.18981500265394952,0.3630044036220109,0.6520101230764038,0.05824396539894199,0.11138643220298716,"[-0.02275899443398921, 1.3267792405867969]",2.9330433491247634,8.196294271838564e-08,2.049073567959641e-05,"[1.861082906953824, 4.005003791295703]",12.796599664415666
5010.0,24.0,0.8428917604067852,0.9595657377917786,0.2024569785466981,0.557358349320392,0.6344494036896753,"[-0.4738021163219771, 0.8787160734153733]",-0.34252740167715867,0.8453262978019233,0.9708072590103425,"[-3.7838011989445297, 3.0987463955902124]",1.308358298912231
5011.0,24.0,0.6870387340912725,0.893295601562366,0.24209178715346152,0.3821901200488227,0.49706089224713573,"[-0.30088628351926333, 0.7850698578261863]",-0.09430415675694004,0.9367521249262794,0.9892015094756179,"[-2.423561428103529, 2.234953114589649]",0.36021534484751927
5012.0,24.0,0.3700481285013787,0.6266058748693624,0.433907950427992,0.14917303926870076,0.25262157369805377,"[-0.15567149973749617, 1.0234874005934802]",0.11849351150910081,0.8692219027381569,0.9741363921754532,"[-1.2920583703514812, 1.5290453933696828]",23.547388126056244
5013.0,24.0,0.021475559389139958,0.05047134991572258,0.7508278876438542,0.0024466771973173595,0.0057460713887209,"[0.26513020652340274, 1.2365255687643057]",0.8377099207559233,0.010823117198804797,0.12451559950382518,"[0.1934201752693947, 1.481999666242452]",20.800183805629796
5014.0,24.0,0.48146882919138506,0.744131278716656,0.3632437629519199,0.21908634440195018,0.338566441665817,"[-0.21606230351634176, 0.9425498294201815]",0.3980027367201373,0.6339735129026617,0.922680123566674,"[-1.2403146362383919, 2.0363201096786665]",22.47974153008531
5015.0,24.0,0.4264206993652716,0.6901128003969439,0.34851990714289893,0.18316823964139872,0.296463584110163,"[-0.16466872443983227, 0.8617085387256301]",-1.8443216292981148,0.011183321338110713,0.12665143078268076,"[-3.269201846852336, -0.4194414117438936]",7.044789694898236
5016.0,24.0,0.5331493775604885,0.789032673613273,0.2846713021940725,0.2552556560619228,0.37782900336698033,"[-0.2057542077245294, 0.7750968121126744]",0.18748191442979412,0.8369534286309033,0.9708072590103425,"[-1.5980971514536595, 1.9730609803132477]",23.283871837875996
5017.0,24.0,0.437588107782096,0.7007092902099827,0.4554121307094159,0.1904487403868076,0.3048597193575412,"[-0.22634420444552228, 1.1371684658643542]",-0.8530879038888219,0.2615561272492457,0.7103370046460175,"[-2.3423465811592346, 0.6361707733815904]",3.2585557630994337
5018.0,24.0,0.5684629276242151,0.8189928362256377,0.5050273259072444,0.28199915969338907,0.4061846404957831,"[-0.41503148356198116, 1.4250861353764699]",-0.769585527876897,0.40826879954175044,0.8249322780995372,"[-2.593602519601956, 1.0544314638481618]",2.939600181446251
5019.0,24.0,0.7992463800333474,0.9454061746313548,0.21829206985803273,0.501043036685733,0.592669785528428,"[-0.41757759958326746, 0.8541617392993329]",0.12599273515873666,0.9349065509597809,0.9892015094756179,"[-2.8975336248028394, 3.1495190951203127]",23.518743201739657
5020.0,24.0,0.13306967100967332,0.26338092262963675,0.6814966517062754,0.035479361447757894,0.07020055688119885,"[0.046305190945558294, 1.3166881124669925]",-0.5580733685909216,0.2485474505095615,0.695756657100674,"[-1.5060049265188922, 0.3898581893370491]",2.131683245260571
5021.0,24.0,0.8916197033790607,0.9767241063199419,0.15233953938095376,0.6312061377774134,0.6914878404220215,"[-0.4696634136948702, 0.7743424924567778]",-2.011053440084332,0.3225140109912711,0.7653393711230922,"[-5.995257405743585, 1.9731505255749204]",7.681658299473174
5022.0,24.0,0.3478083444592557,0.6002905496362714,0.4849140674028266,0.13676696388651322,0.23604929907924269,"[-0.15383124770814416, 1.1236593825137975]",-0.942925584005085,0.15565489919959963,0.5680561322222348,"[-2.244553240115297, 0.3587020721051275]",3.6017104238933153
5023.0,24.0,0.3556942558468726,0.6107223612960636,0.5442175269873651,0.14122698172059417,0.2424497540267711,"[-0.18078232817333817, 1.2692173821480686]",0.6856150602743378,0.3168073024621143,0.7602537785596664,"[-0.6567692189522591, 2.027999339500935]",21.381143378378194
5024.0,24.0,0.13276854463998167,0.2628559585032304,0.6378232867042993,0.03529429863621492,0.06988722894825054,"[0.04393679116205795, 1.2317097822465408]",-2.865532482725958,5.300419397718895e-09,2.4092815444176795e-06,"[-3.8276538923138492, -1.9034110731380665]",10.945527821189458
5025.0,24.0,0.919827029869912,0.9859416571445778,0.139465150764485,0.6822244410502569,0.7312942877588776,"[-0.5281629124355505, 0.8070932139645206]",-2.710413031349966,0.2791230369452907,0.7293853574496619,"[-7.618806096328991, 2.197980033629059]",10.353015162240851
5026.0,24.0,0.06454610462401292,0.13523172978003964,0.8426088335551056,0.012669299316913827,0.02654368178695543,"[0.18014280744974343, 1.5050748596604677]",-0.8273717227899393,0.03852317885838514,0.2748058404643254,"[-1.6110485814897353, -0.043694864090143226]",3.1603271869554286
5027.0,24.0,0.8080554369329415,0.9479515751594272,0.20480864420337425,0.5120994861191129,0.600773681509987,"[-0.40750778976854335, 0.8171250781752919]",-0.8346884978795854,0.5828175642800398,0.9046577798681021,"[-3.813092697114983, 2.1437157013558124]",3.1882752091076405
5028.0,24.0,0.9570889048603785,0.9911597957501838,0.09238710827217876,0.7670238969865758,0.7944709876130133,"[-0.5187966321529153, 0.7035708486972728]",-2.1962534609448383,0.5101514978210522,0.8780576554579212,"[-8.732187000467952, 4.339680078578276]",8.389070270209295
5029.0,24.0,0.9516875232666944,0.991078205928571,0.12196314440127337,0.7528256111618177,0.784356752617022,"[-0.637107682658191, 0.8810339714607376]",-0.44380097897382065,0.8914996980563028,0.9795465253756226,"[-6.820564696753207, 5.932962738805566]",1.6951948692649408
5030.0,24.0,0.810132204268926,0.9482278699781302,0.2535028602029613,0.5144439947670825,0.6021818971872673,"[-0.5086245405801172, 1.0156302609860397]",-1.311704003578095,0.37658288219994374,0.8059627565530977,"[-4.219262975825525, 1.595854968669335]",5.010340225029191
5031.0,24.0,0.3690560543323477,0.6254050763049904,0.46764891890804045,0.14887264937332728,0.2521555714317874,"[-0.16730722690725813, 1.102605064723339]",0.6874442633809945,0.32465301943502445,0.7664141157578481,"[-0.6805218434493938, 2.0554103702113826]",21.37415633718595
5032.0,24.0,0.6520130848733592,0.8774230720944142,0.33360750372907444,0.3506895587799761,0.4719278142645352,"[-0.36701597975661915, 1.0342309872147681]",0.8520417054125433,0.42414841865503594,0.8337171340768361,"[-1.2373942681812693, 2.941477679006356]",20.745440420715486
5033.0,24.0,0.9787703131009445,0.9948458548782764,0.07289845868314769,0.835803551196444,0.8495665289656882,"[-0.6164553761719678, 0.7622522935382632]",1.5750040482769254,0.734422968126879,0.9521126807754771,"[-7.524391927789448, 10.6744000243433]",17.983927687847547
5034.0,24.0,0.8309545622819321,0.9548988819733071,0.1962807573051577,0.5413749869689002,0.622127082244197,"[-0.4336212020309951, 0.8261827166413105]",0.6255367460037444,0.7058418060841871,0.9428256382390439,"[-2.6226837313002522, 3.873757223307741]",21.610625634909233
5035.0,24.0,0.5685972694267654,0.8190683800443177,0.41114100576456575,0.2820546143602718,0.4061846404957831,"[-0.3379620175568519, 1.1602440290859835]",-2.1677962281476146,0.018021839905363077,0.17242510945059325,"[-3.9642016207449844, -0.37139083555024466]",8.280371647815816
5036.0,24.0,0.46790521025424703,0.730427300798314,0.4364712082526977,0.21010850145565185,0.3279870456691412,"[-0.24611897418078155, 1.119061390686177]",2.1541253792322266,0.006128262253999161,0.08723659878279541,"[0.6137178825256162, 3.6945328759388367]",15.7718471485317
5037.0,24.0,0.8021490936619032,0.946376939195261,0.20191910177892558,0.5048559498293439,0.5955237296014044,"[-0.39153222614074323, 0.7953704296985944]",2.3906593339391833,0.11182614586309529,0.49103821403013537,"[-0.556191600419004, 5.33751026829737]",14.868353994115221
5038.0,24.0,0.9711475747083347,0.9936899468403179,0.07446960869740125,0.808711601696187,0.8275804356285172,"[-0.5284411489747578, 0.6773803663695603]",2.8594331316088346,0.5027982746152335,0.8734611984187444,"[-5.504156558212127, 11.223022821429797]",13.077769983929182
5039.0,24.0,0.36075025806960037,0.6161404920061492,0.4358649187367314,0.14411286416477895,0.24605235472900622,"[-0.14899963610998535, 1.0207294735834482]",2.3212222299050893,0.0006748259882319125,0.02032608398288893,"[0.9829760617931793, 3.6594683980169993]",15.133584194299514
5040.0,24.0,0.32935085582655943,0.5754863809655065,0.5731499282422169,0.12631629560256352,0.22075549738301908,"[-0.1616485563479675, 1.3079484128324013]",-1.4996484074235177,0.01723465401396198,0.16814296598987297,"[-2.7337678739480378, -0.2655289408989976]",5.728234966592194
5041.0,24.0,0.5946626461573714,0.8373171587684756,0.2779030129954869,0.30247261594870767,0.425830971993623,"[-0.25032498381857393, 0.8061310098095478]",2.60672167827416,0.008322449755501013,0.1066816221306742,"[0.670510720980938, 4.542932635567381]",14.043056631308788
5042.0,24.0,0.7108883670347081,0.9069767377324676,0.2199447047219383,0.40543365680487264,0.517213901933059,"[-0.2982120079598879, 0.7381014174037644]",0.7730536301937132,0.5205249574976918,0.8830050096912935,"[-1.5850341815536035, 3.13114144194103]",21.047152643508873
5043.0,24.0,0.5279437857065833,0.7848131198254547,0.4527747463086145,0.25171855469982785,0.37419139988082034,"[-0.32146508989174916, 1.227014582508978]",-2.5698747257864216,0.003743965920600628,0.06334967716752332,"[-4.307343709349877, -0.8324057422229665]",9.816198377660115
5044.0,24.0,0.40642192198505805,0.6693378161809257,0.41744086990368867,0.17089052307803654,0.2814402553986109,"[-0.1800471869351178, 1.014928926742495]",1.1830719746955154,0.09588067936054352,0.449524991159006,"[-0.2094532767830226, 2.5755972261740534]",19.480997932649256
5045.0,24.0,0.6586945546153262,0.8801370318216546,0.3372229691266136,0.35660336718180086,0.4764876632573502,"[-0.37974847433128317, 1.0541944125845104]",-0.8748529918097736,0.4167755351330549,0.8288815882747501,"[-2.9864553570459935, 1.2367493734264463]",3.3416922750062135
5046.0,24.0,0.976435416751442,0.9944981775987023,0.08776523967808403,0.8270378508799301,0.8426202130019461,"[-0.6994886892691378, 0.8750191686253058]",-1.4892893814688897,0.7353583209926275,0.9523631024368666,"[-10.125081626186649, 7.14650286324887]",5.6886664021210835
5047.0,24.0,0.43535697119991607,0.6986169497883861,0.512800004968174,0.18891858327290456,0.3031427844558802,"[-0.25221830345007823, 1.2778183133864263]",0.46210438453797664,0.5530490934661193,0.8941780007536285,"[-1.0647196446632394, 1.9889284137391927]",22.234891271432232
5048.0,24.0,0.7158103970227032,0.9095430711851374,0.29449537311275853,0.4101766511323497,0.5211901539165815,"[-0.406345299422908, 0.995336045648425]",-1.0998521714343488,0.35415965295771146,0.7923034741783254,"[-3.4264056010825024, 1.2267012582138048]",4.201125834099151
5049.0,24.0,0.25062059246917046,0.4599386905288501,0.49375270336644017,0.08611669643003338,0.15804128542858023,"[-0.07011546964797011, 1.0576208763808506]",-0.5923656165461422,0.31633023327863163,0.7599756422207345,"[-1.7510315084833379, 0.5663002753910535]",2.262669983783922
5050.0,24.0,0.9744556541555823,0.9941781362728787,0.0751920128107484,0.8200547448712645,0.8367905559910862,"[-0.5726766264253866, 0.7230606520468834]",-2.5194173386743133,0.57134083479087,0.9008246509973031,"[-11.24254070992692, 6.203706032578295]",9.623465355874673
5051.0,24.0,0.9417784049131694,0.9885361655433709,0.14891512088067005,0.7288586587103936,0.7650453014699208,"[-0.6930672332480902, 0.9908974750094303]",-1.0388256899331338,0.7137010111002449,0.9463571189696999,"[-6.588337786867094, 4.510686407000827]",3.968021845528964
5052.0,24.0,0.07245095385742784,0.15078242217987062,0.6753107833503519,0.0148939533663613,0.030996781199503227,"[0.13173238926690212, 1.2188891774338018]",-1.5553155535649053,8.298592676669554e-05,0.004852978173490967,"[-2.329874797446468, -0.7807563096833422]",5.940867802021493
5053.0,24.0,0.5872733476698848,0.8313609111974587,0.31909402339781334,0.2964045179808188,0.41971752758541314,"[-0.2798600847235003, 0.918048131519127]",0.2619819682546547,0.7913238615311063,0.9628316126547152,"[-1.6786489601064039, 2.2026128966157135]",22.999302594031864
5054.0,24.0,0.46781883419536885,0.730427300798314,0.5042853498411707,0.20976624547453093,0.3276781390256059,"[-0.28376636140388134, 1.2923370610862226]",-1.5546435587041865,0.042734069089399,0.29387013276759677,"[-3.058392088304477, -0.05089502910389565]",5.938300970729915
5055.0,24.0,0.5981136456902614,0.8402832898149218,0.3590679782045982,0.3051203917808656,0.4287205167638971,"[-0.32718284166795547, 1.045318798077152]",-2.7864343829213976,0.005513646910778811,0.08144234727885985,"[-4.754201700746087, -0.8186670650967085]",10.643395335435732
5056.0,24.0,0.43968795072357747,0.7026013913767617,0.38825284071837196,0.19173131856901804,0.30637794593962614,"[-0.1946475332168358, 0.9711532146535797]",2.579687169099726,0.0009257015297266145,0.024751377800176857,"[1.053174240401978, 4.106200097797474]",14.146320849768973
5057.0,24.0,0.4565048348906135,0.7198121016881323,0.4048496190157543,0.20237349683457428,0.31915075987158853,"[-0.2175846196992181, 1.0272838577307266]",1.7813193414055828,0.01867172710338655,0.1758249803107462,"[0.2969270075344923, 3.2657116752766733]",17.195861318162446
5058.0,24.0,0.7579883888836403,0.9287935165833112,0.3010113533686551,0.45410441844993543,0.5564323225706842,"[-0.4870989424753835, 1.0891216492126936]",-2.321933472002844,0.08137566587675933,0.41620122333378334,"[-4.933255610107919, 0.28938866610223046]",8.869132550394712
5059.0,24.0,0.8302965676056958,0.9545833152514323,0.18039272904873,0.540475239927117,0.6213787536526983,"[-0.39723581559928617, 0.7580212736967462]",2.127654074052802,0.18529649475256638,0.6170340062801836,"[-1.0205080294671354, 5.2758161775727395]",15.872960086197288
5060.0,24.0,0.8793727142345199,0.9731880414281983,0.18980812869234556,0.6111943390747546,0.6763992242969838,"[-0.5419769243271118, 0.9215931817118028]",-1.9243274572969602,0.3137878903584357,0.7588401465065968,"[-5.668585533183484, 1.8199306185895638]",7.350389446950465
5061.0,24.0,0.6686094315231345,0.8853560449587597,0.324022923564227,0.3654848693392245,0.48387065403719404,"[-0.37774400128713304, 1.0257898484155872]",-2.5346299276148203,0.023627572840013884,0.20351053264439178,"[-4.729722419953324, -0.33953743527631586]",9.681573165325236
5062.0,24.0,0.8784401745324562,0.9730838056604282,0.1601022967411103,0.609707223132358,0.6755010227480147,"[-0.45458919919999585, 0.7747937926822165]",1.2388736976494101,0.5144707305171539,0.8803357696922911,"[-2.4858953766995118, 4.963642771998332]",19.26785105166149
5063.0,24.0,0.30294396510720384,0.5391421340224308,0.4853985161948001,0.11222688090469442,0.19972749760579184,"[-0.11359775278034434, 1.0843947851699447]",-0.14502511782587302,0.8243140811175633,0.9666963285808975,"[-1.4254049966628957, 1.1353547610111496]",0.5539551449873337
5064.0,24.0,0.6716372843809717,0.8871065237187449,0.31490749477587476,0.3680080458269315,0.48607587614176656,"[-0.37071781037779783, 1.0005327999295472]",-1.8190451835500863,0.09028996104113159,0.43616627594875296,"[-3.923848231526063, 0.2857578644258907]",6.948240784068007
5065.0,24.0,0.7472493037348282,0.9241272616062679,0.19624405856116905,0.442264969402147,0.5469514833071321,"[-0.30433410030821856, 0.6968222174305567]",-1.3985064442747337,0.26519047418994846,0.7149504046858919,"[-3.8585724177265504, 1.061559529177083]",5.34190112525266
5066.0,24.0,0.7284939781087525,0.9150478185522077,0.27469758388199084,0.4228559035150442,0.5312318501012964,"[-0.3970594057244622, 0.9464545734884439]",-1.2191280243928944,0.314320416590265,0.7590447152626539,"[-3.593856882802903, 1.1556008340171142]",4.656726032255661
5067.0,24.0,0.6272414527031287,0.8605364502925472,0.30645801179990545,0.3293377562304627,0.4517664694519379,"[-0.3093064976275896, 0.9222225212274004]",0.8059647429377188,0.43103508856626516,0.839079401530592,"[-1.2001547333655194, 2.812084219240957]",20.92144145288816
5068.0,24.0,0.8787580899526458,0.9730838056604282,0.12728945429597902,0.6102106279032617,0.6759089808410077,"[-0.36211040194637645, 0.6166893105383345]",-1.9044847353805832,0.31700072545477653,0.7602537785596664,"[-5.634817586476227, 1.8258481157150603]",7.274595832293122
5069.0,24.0,0.7946621868431878,0.9437448976340048,0.20685847016556508,0.49561957917541744,0.5886526685871901,"[-0.3881462833293376, 0.8018632236604677]",-1.2790157054869056,0.3681440722678252,0.8007965373156024,"[-4.064515042540231, 1.5064836315664203]",4.8854801236898115
5070.0,24.0,0.4607464132599171,0.7237612523718459,0.3740920362103284,0.20515206742040415,0.32231275321351793,"[-0.2045991260145127, 0.9527831984351695]",-0.2104709201002244,0.7968189814220155,0.9628316126547152,"[-1.8126834936068403, 1.3917416534063916]",0.8039396954652015
5071.0,24.0,0.7203867061951814,0.9117731807377712,0.27789716549776866,0.4145224342684761,0.5248775203959621,"[-0.3896205553590125, 0.9454148863545498]",-1.6388816140572935,0.16476295282290132,0.582201246724033,"[-3.9510616951180797, 0.6732984670034927]",6.260066640471411
5072.0,24.0,0.8996848068870064,0.9793291495808661,0.1319489580135166,0.644894090357695,0.7021165926594393,"[-0.42920047029229214, 0.6930983863193253]",-0.18798171573662703,0.9333834548324763,0.9892015094756179,"[-4.59572355874819, 4.219760127274936]",0.7180372624891134
5073.0,24.0,0.26663093748416145,0.485312955013035,0.43446187117370144,0.09375703895869049,0.17068457847932003,"[-0.07363986144539919, 0.942563603792802]",-1.3866832295589475,0.016001115963324618,0.16099945984822084,"[-2.5149410933635163, -0.25842536575437847]",5.296739771686559
5074.0,24.0,0.21508329282223926,0.4043679128073684,0.5268161279940059,0.06949944935828521,0.1306626233470299,"[-0.04202689335335008, 1.0956591493413619]",-1.042686417363357,0.05375393951850481,0.335752276817644,"[-2.1022119467779943, 0.01683911205128008]",3.9827687380357757
5075.0,24.0,0.5294605163601146,0.7860162059977949,0.3815833502964644,0.25279799466109365,0.37523822867907625,"[-0.27240660762040947, 1.0355733082133383]",1.0335832841427788,0.22865259036386443,0.6687703725178837,"[-0.6491910715682461, 2.7163576398538036]",20.052002669556522
5076.0,24.0,0.5984139094413399,0.8404028628358455,0.3099448093056431,0.30524508206666146,0.4288022675819611,"[-0.28257454038276314, 0.9024641589940494]",-0.15933409000539722,0.8748541393832706,0.9754479263760243,"[-2.142175108444085, 1.8235069284332908]",0.6086113926577902
5077.0,24.0,0.21349749565562004,0.4019911422625118,0.47649484185621843,0.06874153254382967,0.12940800554184803,"[-0.03661167038186358, 0.9896013540943005]",-0.418765766925457,0.45758635977993667,0.8526437785195464,"[-1.5236875040128208, 0.6861559701619069]",1.5995674032925202
5078.0,24.0,0.8802583500366881,0.973414077227345,0.1932029993026616,0.6127520235592097,0.6775981682618707,"[-0.5549381361645181, 0.9413441347698414]",0.7470835155116573,0.7061558734398983,0.9429567332117558,"[-3.1366409363502448, 4.63080796737356]",21.146351174492377
5079.0,24.0,0.4497484370796595,0.713094081305945,0.31185610165700084,0.19793809227935566,0.313838738353188,"[-0.16290218281031538, 0.7866143861243171]",3.0461743543460904,0.00015912052331646062,0.007541257029216143,"[1.4651938912243416, 4.627154817467839]",12.364471055665367
5080.0,24.0,0.5702741682487857,0.8206599353667479,0.3638398416485779,0.28306762641222216,0.40740878873376823,"[-0.30047667463369737, 1.0281563579308532]",-1.4235580872030695,0.1128659733169837,0.4930798310047344,"[-3.1833971734835305, 0.3362809990773914]",5.437591352563486
5081.0,24.0,0.8924096261855963,0.9769912868067611,0.16451645416459895,0.6326328403879631,0.6925373184323624,"[-0.5100230187034696, 0.8390559270326674]",2.4091752798287085,0.25139428264261554,0.6995042175849436,"[-1.7076711916857739, 6.52602175134319]",14.797628290571062
5082.0,24.0,0.7776691013493338,0.9366880723389522,0.22600780723249286,0.476023916694012,0.5733155687028929,"[-0.3955154580369606, 0.8475310725019463]",-2.296701573915228,0.10009824341059373,0.4588777997519013,"[-5.034182647237499, 0.4407794994070433]",8.772753799093069
5083.0,24.0,0.5402172076518817,0.7956070804887801,0.34815241974139094,0.26073173498566304,0.38393717418003687,"[-0.2585768991892628, 0.9548817386720447]",-0.866864455752193,0.32657682216527695,0.7682909316528894,"[-2.598737242266087, 0.8650083307617014]",3.31117831496705
5084.0,24.0,0.37208724149603495,0.6294589742938242,0.40834519341239606,0.15053774420254784,0.2546308257823881,"[-0.14836222357775086, 0.965052610402543]",-2.664797292464615,0.00017920806084337717,0.008258435983565768,"[-4.058815764032262, -1.2707788208969673]",10.178775874407423
5085.0,24.0,0.9011619756037385,0.9801631233453757,0.17435663244937016,0.6476885575308504,0.7044687377973139,"[-0.5734572398714061, 0.9221705047701464]",-0.8654464515513016,0.6906889551732691,0.9373185088522442,"[-5.128219644085382, 3.3973267409827788]",3.305761937897524
5086.0,24.0,0.7304493792680913,0.9159479863222322,0.24148556866635212,0.4247552032355426,0.5328088349668121,"[-0.3514783501475957, 0.8344494874802999]",2.9559444336441003,0.022826275750963024,0.19987982268794244,"[0.4108191435363082, 5.501069723751892]",12.709123965133642
5087.0,24.0,0.12250735750585133,0.24403856076862815,0.5886820444302965,0.03148824282084879,0.06273808093414782,"[0.05224436824352652, 1.1251197206170664]",1.7124968422232296,0.00013240522980365383,0.006825011845549166,"[0.8342959749169742, 2.590697709529485]",17.458743900741872
5088.0,24.0,0.5096704656881468,0.7685019084561924,0.44299567946381047,0.23838229873211736,0.35949675574139245,"[-0.29341332292167777, 1.1794046818492987]",1.5692982046443529,0.054498686759072414,0.3391330849973392,"[-0.030288536948368527, 3.1688849462370743]",18.005722405094748
5089.0,24.0,0.9695414664937528,0.9934076675512055,0.08784306484916185,0.8035712727568838,0.8233312220869711,"[-0.6043561198285677, 0.7800422495268914]",0.9157067851216896,0.8180681602993631,0.966095377463714,"[-6.8865334846753266, 8.717947054918707]",20.50225772940228
5090.0,24.0,0.7418165292234804,0.9227551624607732,0.24595494224328127,0.4366285694382671,0.543137914464818,"[-0.37374355432481665, 0.8656534388113792]",-1.2263561725318475,0.32573598740737997,0.7674497923758702,"[-3.672187985983744, 1.2194756409200491]",4.684335524392819
5091.0,24.0,0.23770894233201503,0.43987591105110113,0.4105023254653714,0.07978599294591386,0.14764247399317887,"[-0.048745571359513795, 0.8697502222902567]",-0.11895484599995765,0.8408931873103918,0.9708072590103425,"[-1.2803292727008446, 1.0424195807009293]",0.4543740418950824
5092.0,24.0,0.7594389180052303,0.929318303971158,0.28444192627331566,0.45539305101771443,0.5572602190623035,"[-0.46241686925163983, 1.0313007217982713]",-1.746995181662367,0.17637313218845896,0.6027010680305482,"[-4.279562011690361, 0.785571648365627]",6.6730300492629455
5093.0,24.0,0.8660395513113577,0.9697005389221338,0.18882718747517854,0.5906946601357405,0.661398119063644,"[-0.4992986655792214, 0.8769530405295786]",2.038259913932606,0.2620458073915619,0.710921886575046,"[-1.523640066609457, 5.600159894474669]",16.21442062539755
5094.0,24.0,0.5606933949769854,0.8124813722315395,0.3168554292135411,0.2760029799881867,0.39994635558351926,"[-0.25323649501090945, 0.8869473534379917]",-2.5651091094585867,0.005941237929617673,0.08573214905653208,"[-4.392629550877041, -0.7375886680401318]",9.797995064169209
5095.0,24.0,0.8089660607758798,0.9481259049426021,0.20462070041977887,0.5130101972853052,0.6012777745959976,"[-0.40845652936172183, 0.8176979302012796]",0.2865803333814192,0.8559708389417157,0.9710616029549124,"[-2.8080213215501715, 3.38118198831301]",22.905343760386174
5096.0,24.0,0.6045089240945472,0.844876204185251,0.2652255668370062,0.3103450801931992,0.4338063743265294,"[-0.2471780535106915, 0.7776291871847039]",1.1465800497867766,0.2328033412218633,0.6742147546764915,"[-0.7368550016523976, 3.030015101225951]",19.620386818221192
5097.0,24.0,0.5100813998091598,0.7687947529067657,0.36749333828239955,0.23885536029307808,0.3600472720727737,"[-0.24402094260629276, 0.9790076191710919]",-0.4065397826920849,0.6409653518120003,0.9262903989406293,"[-2.1151367268203987, 1.3020571614362288]",1.5528675834948065
5098.0,24.0,0.9653888547940446,0.9924001547942788,0.07811773403074616,0.7906657432543992,0.8129279151390078,"[-0.4986768872041306, 0.654912355265623]",-2.461476313165538,0.5168827821028551,0.8811227277424873,"[-9.90473109757073, 4.981778471239654]",9.40214694105383
5099.0,24.0,0.388134449540066,0.6487288142070299,0.36976237298151116,0.1600392644674553,0.2674899957670989,"[-0.14607544439352993, 0.8856001903565522]",0.6671201376109117,0.3529652867406077,0.7917570362059392,"[-0.7405638337778377, 2.074804108999661]",21.45178877911387
5100.0,24.0,0.681531363619348,0.8901924812164943,0.2627858590816726,0.37703544698695923,0.49253487522790235,"[-0.320265180635252, 0.8458368987985972]",0.015662002605163927,0.9893778027733672,0.9980609328895059,"[-2.290066956706961, 2.321390961917289]",23.94017555680008
5101.0,24.0,0.4199638515692247,0.6834236803404795,0.48528923844928307,0.1793473787020068,0.29181155011716037,"[-0.22306099115541844, 1.1936394680539846]",0.943602165226654,0.19973984584465887,0.6334879202496502,"[-0.498678271764325, 2.3858826022176327]",20.395705226207102
5102.0,24.0,0.9247033822932882,0.9862835220409872,0.14553502498905163,0.6918319704360101,0.7379541017984107,"[-0.5741039153779919, 0.8651739653560953]",-3.0193540727885075,0.2489417319106212,0.695756657100674,"[-8.15223979279507, 2.113531647218055]",11.533083015094496
5103.0,24.0,0.9830532538482669,0.9954747198059007,0.0670642858604212,0.8533660538304357,0.864686522556397,"[-0.6441131148809172, 0.7782416866017596]",-0.8332121673922162,0.8771640392670368,0.976152042827762,"[-11.398753034173307, 9.732328699388873]",3.1826360420347903
5104.0,24.0,0.17856755943798336,0.34379584027336035,0.6280166649732519,0.05353232440656981,0.10306569966609513,"[-0.009551420246330822, 1.2655847501928346]",-1.9694762351995,9.389540070931856e-05,0.00527502251175947,"[-2.957764099923116, -0.9811883704758839]",7.522845075216401
5105.0,24.0,0.5161434074143995,0.7744759902611718,0.39852670140771446,0.24325498885598273,0.36497372671565304,"[-0.2708579905629513, 1.0679113933783801]",-0.5760636750277381,0.5081168514619282,0.876516907817713,"[-2.2821840912053584, 1.130056741149882]",2.2004011539923463
5106.0,24.0,0.30945125122419,0.5482835776473954,0.48949644495121813,0.11580815069939221,0.20515172843116422,"[-0.12056756931579804, 1.0995604592182344]",-2.0473833856768415,0.0009938054038841346,0.025974587076895934,"[-3.2662360759914257, -0.8285306953622571]",7.820428469632553
5107.0,24.0,0.9962965942285693,0.9987202807390857,0.019055474257258235,0.9313790986580632,0.9339006303600353,"[-0.4146701220974678, 0.45278107061198425]",2.683770010854245,0.821399384960175,0.9661320257397701,"[-20.617217547519754, 25.984757569228247]",13.748753679618174
5108.0,24.0,0.9745928269883029,0.9941781362728787,0.06888815470373046,0.8204288940377332,0.8369161420358393,"[-0.5259234887385668, 0.6636997981460276]",1.7038946953141663,0.6881247843960706,0.9373175997811231,"[-6.61589220048839, 10.023681591116723]",17.491601681584598
5109.0,24.0,0.6930129534778391,0.8971041468968791,0.308180812116706,0.3881496491883404,0.5024590928004407,"[-0.3917482732591947, 1.0081098974926066]",0.6687017630431855,0.5673462691986182,0.8991207905304154,"[-1.622755481405191, 2.960159007491562]",21.44574741497788
5110.0,24.0,0.8071342907581751,0.9474519201293287,0.20191479549079988,0.5106538772269926,0.5994997384679416,"[-0.39968715970841057, 0.8035167506900103]",-3.100755127039334,0.04964719649911832,0.3205709684233039,"[-6.196728441643059, -0.004781812435608934]",11.844012138860348
5111.0,24.0,0.47346419374902865,0.736679934260197,0.4570843864443337,0.21353066195398007,0.3323434427299301,"[-0.2631164078797559, 1.1772851807684233]",1.6218473559668993,0.03606749140541658,0.2633333020373425,"[0.10538214843383575, 3.138312563499963]",17.804999432576334
5112.0,24.0,0.7286009802231752,0.9150478185522077,0.2291530177165577,0.4228405135061636,0.5312318501012964,"[-0.331208786288649, 0.7895148217217645]",1.6900615878851957,0.15966586067647848,0.5747511183458549,"[-0.6655554675576174, 4.045678643328008]",17.5444402598
5113.0,24.0,0.954754031241937,0.9911597957501838,0.11193916721016957,0.7606580122511422,0.7901269247456372,"[-0.608299262885459, 0.8321775973057982]",3.029240128888911,0.3741191697395052,0.8058196345601851,"[-3.650899781801132, 9.709380039578953]",12.429155032199994
5114.0,24.0,0.8853099968266496,0.9750468729575443,0.165399644080025,0.6206481205878178,0.6837590840451888,"[-0.4895940614181808, 0.8203933495782307]",-1.7195515640406622,0.37726146106512304,0.8059627565530977,"[-5.536581108395932, 2.097477980314608]",6.568203151643309
5115.0,24.0,0.9546238002836849,0.9911597957501838,0.08326345274582436,0.7603298061041792,0.7898709807855592,"[-0.45171306606893724, 0.618239971560586]",0.1853494499641135,0.956498111461246,0.9932482985059667,"[-6.47437113403086, 6.845070033959087]",23.29201725213234
5116.0,24.0,0.6387735269863652,0.8690796285528779,0.2809748067897839,0.33881870585688645,0.4609778310978047,"[-0.2947694548237576, 0.8567190684033255]",-0.07183849564984968,0.9472615904467239,0.9904370601691201,"[-2.200476204414331, 2.0567992131146315]",0.27440284048702074
5117.0,24.0,0.569892996164301,0.8204621309592586,0.35578690604720103,0.2830540264026409,0.40740878873376823,"[-0.29380781585942023, 1.0053816279538224]",0.6012997522358079,0.5243783863826401,0.8839273529919359,"[-1.2499504180706542, 2.45254992254227]",21.70320413164174
5118.0,24.0,0.5775339421919989,0.8255202146826743,0.3936049713412807,0.288932988274897,0.4129974103414766,"[-0.33386022713090713, 1.1210701698134686]",-0.5237651435575268,0.5858497398453175,0.9069222328018148,"[-2.407846611961274, 1.36031632484622]",2.0006354787939977
5119.0,24.0,0.8438396272430169,0.9598903733852996,0.18990789237279734,0.5585958247775964,0.6355624357464972,"[-0.4464308367140801, 0.8262466214596749]",-1.3682211701332179,0.40703713168501177,0.8245925006264504,"[-4.6025754056057195, 1.8661330653392838]",5.22621989927229
5120.0,24.0,0.5724915670624955,0.8228161567251802,0.3416944149509832,0.2847497874204534,0.4093523114776247,"[-0.2843711924767125, 0.9677600223786789]",-1.5690309889752863,0.08111502482854348,0.41597448630022293,"[-3.3321035763605105, 0.19404159840993818]",5.993256906234767
5121.0,24.0,0.2652310904198735,0.48311674029120855,0.6488522176869186,0.09321316098656061,0.16978717848189545,"[-0.10872043699686706, 1.4064248723707042]",1.0542870810132658,0.0710691788822593,0.3894201582589551,"[-0.09049100640952412, 2.199065168436056]",19.972919990851516
5122.0,24.0,0.8212102483329101,0.952702964066887,0.2538127233200618,0.5286410690841146,0.6132106927862684,"[-0.5357098425695359, 1.0433352892096595]",-2.1545184068862477,0.1681497439146542,0.5870841641586949,"[-5.218558348069402, 0.909521534296907]",8.229654106522123
5123.0,24.0,0.9562368596134481,0.9911597957501838,0.10142911885318934,0.7646432407439308,0.792869391065876,"[-0.5625812763405924, 0.7654395140469712]",-1.8924595635531736,0.5590225955717386,0.8959434689226791,"[-8.240553540662866, 4.45563441355652]",7.228663059384442
5124.0,24.0,0.827102924978287,0.954177025881037,0.18502101745797603,0.5361862016792096,0.6185098646662932,"[-0.4012061652646117, 0.7712482001805638]",-1.1697765498689092,0.45734376621252926,0.8524580917288523,"[-4.254591007152024, 1.9150379074142063]",4.468217285390878
5125.0,24.0,0.7287069409855969,0.9150478185522077,0.28256356610466266,0.4232243643982402,0.5314218538400806,"[-0.4089784585465545, 0.9741055907558798]",-2.163880608615483,0.07872824212442991,0.40834150479476095,"[-4.576198509893063, 0.2484372926620968]",8.265415082924473
5126.0,24.0,0.08018691002672435,0.16560700129435016,0.9233002414323782,0.017294062570917233,0.035716775239399486,"[0.1630756594646524, 1.683524823400104]",-0.5236119868124147,0.2214575631196256,0.660857272862046,"[-1.3629780841465442, 0.31575411052171476]",2.000050463120739
5127.0,24.0,0.701961502993789,0.9015215829973948,0.2566246010517555,0.3963889879132205,0.5092355959830686,"[-0.33644475141653535, 0.8496939535200463]",-1.6134824679123128,0.15506759733708703,0.5680561322222348,"[-3.837592358584153, 0.6106274227595274]",6.16304904864852
5128.0,24.0,0.844663232263088,0.9602810735141973,0.20302801760409694,0.5597449793466593,0.6363630961194399,"[-0.47926574706453806, 0.885321782272732]",-1.792469558783079,0.2790842482478604,0.7293853574496619,"[-5.038260964143822, 1.4533218465776643]",6.846729374929817
5129.0,24.0,0.47501255901587536,0.737597141328999,0.4862776723614608,0.21462359176716217,0.3333304077639721,"[-0.28175119081255695, 1.2543065355354786]",-0.2161140756787745,0.7956515660782814,0.9628316126547152,"[-1.8516755105591063, 1.4194473592015573]",0.82549496198431
5130.0,24.0,0.7654347300249449,0.9319222268108531,0.25965867098886813,0.46199663833155447,0.5625187365537008,"[-0.4322216824771275, 0.9515390244548638]",1.7681282222758359,0.17778835139274662,0.6045166657352827,"[-0.8034641424352245, 4.339720586986896]",17.24624768170837
5131.0,24.0,0.5170100469116281,0.7753553012754759,0.35608197565690847,0.24381940791886614,0.3655463387089447,"[-0.24272704617553353, 0.9548909974893505]",0.48720766920189984,0.5784156250085697,0.9032205836784882,"[-1.2311811220298698, 2.2055964604336697]",22.13900378722168
5132.0,24.0,0.5250634496955802,0.7822402886341043,0.37892784867014384,0.24969453011858267,0.37190142554986205,"[-0.26627267198471116, 1.0241283693249987]",2.30055204380573,0.00782609797140921,0.10266657690432753,"[0.6051092295309273, 3.9959948580805325]",15.212538489315733
5133.0,24.0,0.8300946635408606,0.9545027190323622,0.21571295267307516,0.5399874306958872,0.621098966451074,"[-0.4741818625101483, 0.9056077678562986]",0.13265645258066705,0.9375633883681542,0.9892015094756179,"[-3.1865422165471156, 3.4518551217084497]",23.49328967613003
5134.0,24.0,0.2912485627300721,0.5223204627973707,0.47611348770451783,0.10638535300989774,0.19078514237017982,"[-0.10182117282652597, 1.0540481482355617]",0.6827253433618701,0.27406269465880595,0.7248418266564558,"[-0.5406910343948941, 1.9061417211186342]",21.392181283916326
5135.0,24.0,0.8640741949859296,0.9684758966441713,0.16543153421257717,0.5878475504779803,0.6588741879376601,"[-0.4328435078634175, 0.7637065762885719]",-0.8657962953489085,0.6368386673768764,0.9245625252277533,"[-4.460045886409752, 2.728453295711935]",3.307098242770304
5136.0,24.0,0.86838793789327,0.9705911902238403,0.17798599071869983,0.5942030527821662,0.6641366410888189,"[-0.4768103110395927, 0.8327822924769923]",-1.9792555521263742,0.27898895355443065,0.7293853574496619,"[-5.562567368992429, 1.6040562647396808]",7.560199314311784
5137.0,24.0,0.9335818279793051,0.9878137795754037,0.12228905836912642,0.7104010060554233,0.7525168378108951,"[-0.5232019269419208, 0.7677800436801736]",-1.4785628810649882,0.5685543694692308,0.9001517670355353,"[-6.561029166975616, 3.6039034048456395]",5.647694188648488
5138.0,24.0,0.3738114099921179,0.6313315487115655,0.4221681665593688,0.15136971954599865,0.2556920938277004,"[-0.1545576758538701, 0.9988940089726077]",0.1657584770215772,0.8186214855032392,0.966095377463714,"[-1.2509647501087457, 1.5824817041519001]",23.36684925654316
5139.0,24.0,0.1812480868179127,0.34835304020356084,0.6409755362379883,0.05469308173415029,0.10511835812829193,"[-0.012896703556694034, 1.2948477760326706]",0.49308868704292497,0.35368034494724665,0.7919151509926126,"[-0.5489198075708019, 1.5350971816566519]",22.116539953786223
5140.0,24.0,0.09867357328693595,0.200474549546802,0.7768585256501965,0.02325846675109828,0.04724449878346187,"[0.10585547370144166, 1.4478615775989514]",-2.55579677132945,1.1070436564549381e-08,4.257860217134378e-06,"[-3.432546226054906, -1.6790473166039943]",9.762424552689323
5141.0,24.0,0.903549595811218,0.9808891106307509,0.12786202581470288,0.6518018060456161,0.7077095632841731,"[-0.427482309636398, 0.6832063612658037]",-1.9630341019366933,0.36266907759552414,0.7974785374940215,"[-6.189678385918293, 2.263610182044906]",7.4982379387484235
5142.0,24.0,0.6524494398621912,0.8776136598629726,0.34745436395412965,0.3508012485558214,0.47195109451879647,"[-0.38241870846182136, 1.0773274363700807]",-1.8132640744406299,0.08004530665056529,0.4121103115130994,"[-3.843591468692193, 0.2170633198109333]",6.926158573876242
5143.0,24.0,0.590148728003697,0.8334173787226073,0.294984659099364,0.2987809648155416,0.42188783509678285,"[-0.26144543359367634, 0.8514147517924043]",2.740140873082772,0.005570088690351996,0.08215470044766957,"[0.802752748761939, 4.677528997403606]",13.53343284673764
5144.0,24.0,0.9842821611409737,0.9954747198059007,0.0706091971429306,0.8587725216957252,0.86861518046703,"[-0.7071467036068312, 0.8483650978926923]",-0.7471028284545316,0.8945520288159337,0.9799823477491091,"[-11.794504304868862, 10.3002986479598]",2.8537225955154004
5145.0,24.0,0.5367198119644213,0.7929789139661186,0.37020881009274864,0.25815223684728217,0.3813962627210764,"[-0.2714746736410909, 1.0118922938265882]",0.9007166124847146,0.3041863871971101,0.7514276816848787,"[-0.817411731070073, 2.618844956039502]",20.559515971153694
5146.0,24.0,0.9733124052634218,0.9939054670015901,0.09505686399488078,0.8160555576329279,0.8333900711120588,"[-0.7058504639444234, 0.895964191934185]",-2.0541079325584075,0.6252765358713601,0.9195245607783346,"[-10.297543438675103, 6.1893275735582876]",7.8461143466626595
5147.0,24.0,0.7211251175097131,0.9119698259094708,0.2801645226090872,0.4153738309282563,0.5253241822793174,"[-0.39402864934191795, 0.9543576945600923]",1.2602481301073922,0.28957146875547735,0.7391577605577169,"[-1.0720426693043201, 3.5925389295191046]",19.18620673370617
5148.0,24.0,0.5642283140833845,0.8151396122945892,0.4026988814687998,0.2786636800881237,0.4026349950702553,"[-0.32586776565411507, 1.1312655285917146]",-0.5206255190459128,0.5801580747541867,0.903509696208661,"[-2.3653334467110154, 1.32408240861919]",1.9886429965425774
5149.0,24.0,0.13478257950719189,0.266526754018572,0.5795198672552849,0.0360141548737121,0.07121644230514554,"[0.03781077209221961, 1.1212289624183502]",-1.63241422455539,0.00037649806085357263,0.013591987756446666,"[-2.532145434975585, -0.7326830141351948]",6.235363032276326
5150.0,24.0,0.8453777498166419,0.9603230413825136,0.22127877771842408,0.560925968991667,0.6373024244488538,"[-0.5245910206135749, 0.967148576050423]",-2.1466911652831824,0.2048275307974463,0.639272616713638,"[-5.4650761988890215, 1.1716938683226568]",8.199756245916465
5151.0,24.0,0.6230018118294868,0.8573017699758808,0.3271072491109924,0.32569839473925566,0.4481265750402527,"[-0.3252213077019869, 0.9794358059239717]",2.5910847878094145,0.012328537402719069,0.13459101968033918,"[0.5618207195208242, 4.620348856098005]",14.102785153198006
5152.0,24.0,0.7457120435816482,0.9237571446140801,0.26971957326886375,0.4406191193149911,0.5459964303779319,"[-0.41580453122235084, 0.9552436777600783]",3.011048051547291,0.025271343282780728,0.21125008155450606,"[0.3731668246472908, 5.648929278447291]",12.498643649016685
5153.0,24.0,0.16597968949429154,0.3221030263813148,0.6092352519851892,0.04829798435264281,0.09372789511477356,"[0.004557738274808099, 1.2139127656955704]",-2.8248712389895907,6.371505817516468e-08,1.633719440388838e-05,"[-3.8486500677747815, -1.8010924102044]",10.790213310799684
5154.0,24.0,0.5575438835351518,0.8095598715480642,0.32662294051172597,0.2733501121704247,0.39702267562879406,"[-0.2578035533446496, 0.9110494343681015]",-1.7206164816362763,0.05054654886434365,0.32380876915018353,"[-3.4453287638574723, 0.004095800584919429]",6.57227083722717
5155.0,24.0,0.39655955336309395,0.658472637355307,0.5282146803485375,0.16499909048475547,0.27394834880417646,"[-0.21742209011981506, 1.27385145081689]",-0.5062291540931998,0.49101419275441116,0.8697731756428894,"[-1.9469083387580153, 0.9344500305716157]",1.9336529330678767
5156.0,24.0,0.9348019703554368,0.9878137795754037,0.12110182161615374,0.7131810864455645,0.7542976599465566,"[-0.5246095395785828, 0.7668131828108902]",-0.48147490983003305,0.8625427664095513,0.9726270526004133,"[-5.931879592972302, 4.968929773312236]",1.8390986849801845
5157.0,24.0,0.6312575044964193,0.8633692585312502,0.3052549405565875,0.33244356998795843,0.45476655371922425,"[-0.312044286943538, 0.9225541680567129]",0.21312423202805242,0.8419112615112869,0.9708072590103425,"[-1.8812211378419423, 2.307469601898047]",23.185925399521714
5158.0,24.0,0.6540116532486182,0.8779858413862508,0.280434428857088,0.352458725889516,0.47309896092552484,"[-0.3106853900009814, 0.8715542477151574]",0.7714256827056003,0.4736673124788674,0.8609002407831104,"[-1.3387125750802196, 2.88156394049142]",21.053370944864728
5159.0,24.0,0.616551990657566,0.8531229980041041,0.2932943446471292,0.32023476901813597,0.4431088543214833,"[-0.2850361284456039, 0.8716248177398623]",-2.7204850197470183,0.008396068468830049,0.10714144068023278,"[-4.743486930432372, -0.6974831090616647]",10.39148732400457
5160.0,24.0,0.5165238775925092,0.7748633027190357,0.4059313009483375,0.24335032553626124,0.36506199450384225,"[-0.2760284455171851, 1.0878910474138601]",0.3070612989512531,0.7284823728413212,0.9499529938388005,"[-1.426591935436738, 2.0407145333392442]",22.827112234552555
5161.0,24.0,0.6294788120864028,0.8619331726274887,0.23503922080381864,0.33103856288757616,0.4532911993531099,"[-0.23888772320058185, 0.7089661648082192]",-1.1966520105712437,0.2315264533339021,0.6720651765860729,"[-3.156969829652043, 0.7636658085095558]",4.570873983438442
5162.0,24.0,0.9177466363195169,0.9852676399952099,0.12669995076417365,0.6780549610987429,0.7281518053036328,"[-0.47150798302529673, 0.724907884553644]",-3.0160190950635744,0.22774034929892695,0.667860261873686,"[-7.916772172965931, 1.884733982838783]",11.520344338533908
5163.0,24.0,0.7414715439707047,0.9226873369471189,0.3116581550027607,0.43624382204251133,0.5429388040511001,"[-0.47292523835981276, 1.096241548365334]",-0.3094491617632693,0.8153815036172413,0.966095377463714,"[-2.9070384304477765, 2.288140106921238]",1.1820087295264283
5164.0,24.0,0.800979233830734,0.9456304911189516,0.21500850428936735,0.5032808391365794,0.5942624148501351,"[-0.4145835105823876, 0.8446005191611223]",-0.39623334673200095,0.796294314713815,0.9628316126547152,"[-3.404621675982138, 2.612154982518136]",1.5134998980058283
5165.0,24.0,0.47420165726198416,0.737024646039764,0.48413522937507975,0.2140742875690873,0.3327741430821146,"[-0.27959393252083836, 1.247864391270998]",-1.3664614431658748,0.07861782110147184,0.40834150479476095,"[-2.8892451595863666, 0.156322273254617]",5.219498237384015
5166.0,24.0,0.5526533389925313,0.805382306896723,0.45375094458996934,0.26998042052837945,0.39338542988252867,"[-0.3524582336490836, 1.2599601228290223]",-0.8668767228791676,0.33592704600971013,0.7765781593921399,"[-2.6325901343809854, 0.8988366886226502]",3.3112251719405434
5167.0,24.0,0.8859805928150754,0.975105208909394,0.18589699717045857,0.6217201242916844,0.6842616380053758,"[-0.5525325018505025, 0.9243264961914197]",-3.1257548582505574,0.13778267297634605,0.5321029358753596,"[-7.2537592381349985, 1.0022495216338836]",11.939504078017988
5168.0,24.0,0.7876916784653286,0.9405933991538159,0.19059773565008167,0.4873086958352214,0.5820432606674992,"[-0.34721827323910714, 0.7284137445392704]",-3.00904558652415,0.044022264587257075,0.29782820915864144,"[-5.9375341876124805, -0.08055698543581968]",11.493707498020079
5169.0,24.0,0.5930427785473121,0.8358601529912786,0.370368396665688,0.3010262309575217,0.4242793952889664,"[-0.3315113419169994, 1.0722481352483753]",-0.3151279563687446,0.7520465018934448,0.9552799279805988,"[-2.270041729660472, 1.6397858169229829]",1.2037001271007877
5170.0,24.0,0.47304720888921215,0.736361655675916,0.3511886511647517,0.2135833342848077,0.332373691697491,"[-0.20222216410131738, 0.9045994664308208]",2.3030219789750888,0.0040255427055674005,0.06625277417855754,"[0.7336201392094606, 3.872423818740717]",15.203104031924054
5171.0,24.0,0.7552207557060576,0.9271062554702402,0.28115411550869446,0.4508539834257672,0.5534667117920049,"[-0.4496916883049045, 1.0119999193222935]",-2.8781706649438803,0.035805412618563515,0.2627281442919216,"[-5.565526823269758, -0.1908145066180018]",10.99380212130974
5172.0,24.0,0.16443066614869273,0.31953102632859065,0.5360748209614867,0.04774497815900495,0.09276273199728957,"[0.0053258045961855904, 1.0668238373267878]",2.136930018378755,1.7080364327240955e-05,0.0015527603933855414,"[1.1629037702029374, 3.1109562665545725]",15.837528588805593
5173.0,24.0,0.7501302369620189,0.9250558844638718,0.22786436672581506,0.4452960124817471,0.5494063892616442,"[-0.3572492813475682, 0.8129780147991983]",-1.569902819876801,0.21302685762052143,0.6520772870754828,"[-4.040784568907206, 0.9009789291536046]",5.9965870549751585
5174.0,24.0,0.8602132998555394,0.9663146482313406,0.22878350885704282,0.5818976532589825,0.6537441335344146,"[-0.5855921844594363, 1.0431592021735219]",1.4124442657001337,0.4198529880821402,0.8307712672074292,"[-2.0193409602912737, 4.844229491691541]",18.604860318528512
5175.0,24.0,0.9664360816087456,0.9924587954685026,0.09022473868846746,0.7937417037704075,0.8151809630999358,"[-0.5861336693332689, 0.7665831467102039]",-1.8455450834979663,0.6180458593772309,0.9174210890671123,"[-9.099945210362032, 5.408855043366099]",7.049462945703506
5176.0,24.0,0.6105959305540629,0.8487186331050481,0.3975011634877537,0.3151468121644234,0.43806896325329914,"[-0.3781112610942819, 1.1731135880697894]",-3.00036688635777,0.00367874266925224,0.06299216899404521,"[-5.025042296203356, -0.9756914765121834]",11.460557305273873
5177.0,24.0,0.3582662660654432,0.6129448521222296,0.4814042958586245,0.14240883080619463,0.24368383094831386,"[-0.1618217255439685, 1.1246303172612175]",1.5022387073179004,0.0220663471812769,0.19527740868386637,"[0.21606754050433685, 2.788409874131464]",18.26187081663305
5178.0,24.0,0.4677589246450202,0.730427300798314,0.447116080475874,0.20979186418698148,0.3276781390256059,"[-0.25163592372695137, 1.1458680846786993]",2.913087877669917,0.0004164695590114657,0.014579077596617574,"[1.2953871713437917, 4.530788583996043]",12.872823950586099
5179.0,24.0,0.42099355533383176,0.6845423663964744,0.34983146629415324,0.17975032564674764,0.2923720326069415,"[-0.16127156610419996, 0.8609344986925065]",-1.7824664262770717,0.013264192776440368,0.14231966498326573,"[-3.193100183634952, -0.37183266891919153]",6.808520223296194
5180.0,24.0,0.021873212530559613,0.05126133707653999,0.9394140170622054,0.0025147760950102543,0.0058921651710643255,"[0.33005363029127677, 1.548774403833134]",-2.544180370060574,3.4667193053153397e-14,8.66679826328835e-11,"[-3.202066564970592, -1.8862941751505562]",9.71805316830019
5181.0,24.0,0.8573745382969249,0.9649685293156162,0.17269404267337785,0.5779839101176358,0.6505164998510252,"[-0.43570903204435674, 0.7810971173911124]",-0.6349827421219638,0.7268957025890116,0.9493218004296873,"[-4.198376182331569, 2.9284106980876414]",2.4254554124821635
5182.0,24.0,0.47606325343267514,0.7391138851617375,0.4911902982394626,0.21555662102062856,0.33466328368363385,"[-0.2861771806618917, 1.268557777140817]",-0.5844227898206382,0.4758722497351471,0.861619137670011,"[-2.1910376603796298, 1.0221920807383535]",2.2323306205322493
5183.0,24.0,0.032647271635296335,0.07308545250793896,0.8874413726478546,0.004635435176327285,0.010374743008789804,"[0.2731184425852696, 1.5017643027104395]",0.7126284993873604,0.04480658682327037,0.30013260115252566,"[0.016515823897714665, 1.4087411748770062]",21.277959641624207
5184.0,24.0,0.6011112963262172,0.8421284622110076,0.4419962192640337,0.30770367572279367,0.43107827924179554,"[-0.40727072897391686, 1.2912631675019843]",2.1819437232410825,0.024125549906198977,0.20596940175436482,"[0.2855818318229011, 4.078305614659264]",15.665588901548334
5185.0,24.0,0.2748825485484104,0.49770513950463585,0.5361363588719225,0.0978399809889782,0.17715006516201012,"[-0.09863305737224914, 1.170905775116094]",1.476571793286336,0.01113279038955077,0.12650898169944058,"[0.3365188824827925, 2.6166247040898796]",18.359911206441968
5186.0,24.0,0.7876658153666796,0.9405933991538159,0.2178215443055832,0.48725680155339857,0.5820432606674992,"[-0.39673954938832456, 0.832382637999491]",-1.5909505866137694,0.25075365643473124,0.6984752698676552,"[-4.305926245539409, 1.1240250723118703]",6.0769836017887675
5187.0,24.0,0.40657004846109374,0.6694715107213794,0.4057284061991206,0.17106364551376074,0.2816789815803734,"[-0.17523045630677586, 0.986687268705017]",-0.5246917576045043,0.4810808771916666,0.8647867646803282,"[-1.9842827004385057, 0.9348991852294972]",2.004174883735954
5188.0,24.0,0.5550458274594718,0.8074568336623099,0.3083157391624789,0.27178651070605997,0.39538334405885944,"[-0.24155777900856235, 0.8581892573335201]",0.8259625879535051,0.3625422238154039,0.7974785374940215,"[-0.9519624426066515, 2.603887618513662]",20.845055311637406
5189.0,24.0,0.8066445551336137,0.9473744041918614,0.2679706809205867,0.5101776683544825,0.5992924566597939,"[-0.529545156197629, 1.0654865180388022]",1.9205744690120055,0.19271111104381478,0.6244437368203832,"[-0.9692264686696914, 4.810375406693702]",16.66394591233553
5190.0,24.0,0.7592843917570605,0.9292429222335827,0.238093891026119,0.45518459353316154,0.5572021951335072,"[-0.38677991683621205, 0.86296769888845]",-1.565217589553682,0.2244586060178777,0.6634898197395144,"[-4.090635360599582, 0.9602001814922181]",5.978690793404397
5191.0,24.0,0.4967243727384585,0.7575761748791289,0.4184615114244301,0.2293538902974952,0.34994490432940983,"[-0.26386171477449427, 1.1007847376233544]",0.07272864077568553,0.932932613957018,0.9892015094756179,"[-1.6211015123484858, 1.7665587938998568]",23.722197055588676
5192.0,24.0,0.5590347325205772,0.8106652153720667,0.4163555692034793,0.2748025838182998,0.39843784807640975,"[-0.33088805470434174, 1.1635991931113003]",2.342769506544452,0.010433827848826594,0.12203307425528179,"[0.5498970245174954, 4.135641988571408]",15.051279660203761
5193.0,24.0,0.721989868559311,0.9124097921891963,0.2373409211005242,0.416125841611385,0.5259426713996271,"[-0.3347225969820349, 0.8094044391830832]",-3.141480754354161,0.013967550556788621,0.147026847966196,"[-5.646341036159865, -0.636620472548457]",11.999572576404503
5194.0,24.0,0.8374003555086622,0.9574666767764259,0.17773559638300726,0.5497401338342194,0.6285617811962261,"[-0.4046527930320625, 0.760123985798077]",-0.02410962057508126,0.9889278015178911,0.9978082953464747,"[-3.4292163303212893, 3.3809970891711267]",0.09209196697426192
5195.0,24.0,0.16206093771490604,0.3152323238959464,0.6938147148161424,0.04665126038371098,0.0907606579289092,"[0.010284078690481535, 1.3773453509418032]",-1.5923111431560866,0.0009948266850451143,0.025974587076895934,"[-2.540332420619839, -0.6442898656923339]",6.082180544966347
5196.0,24.0,0.8898915215995109,0.9766149271285238,0.1724940590112527,0.6284158508065099,0.6895817522292438,"[-0.5260837404068458, 0.8710718584293512]",0.8669456303419079,0.6728837684422792,0.9338966192307091,"[-3.157706851930601, 4.891598112614417]",20.68851162093999
5197.0,24.0,0.043811184207120005,0.09526241401852578,0.8139558647819501,0.007159390954404137,0.015567277569915498,"[0.22075254071689898, 1.4071591888470012]",0.2921232697665541,0.44677311173070067,0.8488943791197049,"[-0.460435584075534, 1.0446821236086423]",22.884171302987657
5198.0,24.0,0.9838559251331797,0.9954747198059007,0.07556953369541243,0.8568690339529431,0.867451947715067,"[-0.7456358398905449, 0.8967749072813698]",-2.4741156981601256,0.6583141274781035,0.9301211184160023,"[-13.439103489726172, 8.490872093405919]",9.450425835442553
5199.0,24.0,0.9464549269796783,0.9901985232007054,0.11708763067542353,0.7398379167559161,0.7742773450410412,"[-0.5739983603674194, 0.8081736217182663]",1.2124680850029232,0.6785282492205303,0.9351271350889337,"[-4.521072562136093, 6.94600873214194]",19.36871306233489
5200.0,24.0,0.42615270118094806,0.6899023817078648,0.351828424244418,0.18318484862166973,0.296463584110163,"[-0.16625158070603635, 0.8699084291948724]",-0.5792855599015079,0.44770588704650316,0.849141708329871,"[-2.074690235047457, 0.9161191152444412]",2.212707847681949
5201.0,24.0,0.9701926817410227,0.9936012850337024,0.09477239835755195,0.8055854975376556,0.8250568389365583,"[-0.6599275035779759, 0.8494723002930797]",0.2902604814460492,0.9448474826712538,0.9899551975146785,"[-7.933386062508607, 8.513907025400705]",22.89128663024707
5202.0,24.0,0.6683809186971938,0.8852727399962832,0.33636930535686077,0.3649949149798254,0.48350101335253065,"[-0.3913933093034719, 1.0641319200171935]",1.4261244421742028,0.18010104016175899,0.6092728016297666,"[-0.6591193663976194, 3.511368250746025]",18.55260589353129
5203.0,24.0,0.8879129639813645,0.9754828927651178,0.14751193725045236,0.6250321665782641,0.6868485347013891,"[-0.4440570344661479, 0.7390809089670527]",1.9884724016326238,0.3186491638315976,0.7621362445147035,"[-1.9196574634915367, 5.896602266756784]",16.404594913880526
5204.0,24.0,0.8172992535402407,0.9512451842980602,0.204577346596241,0.5236807932667384,0.6094981299659433,"[-0.42420677551934655, 0.8333614687118285]",0.6993955245694625,0.6577183788931376,0.9301211184160023,"[-2.394481399423879, 3.793272448562804]",21.3285058821221
5205.0,24.0,0.678811505272733,0.8886644746139917,0.3297799846042847,0.37473064154312963,0.49050514187046257,"[-0.39838882915893525, 1.0579487983675047]",1.1225398473999117,0.30742480345831813,0.7536768900669727,"[-1.0331042950799407, 3.2781839898797642]",19.71221362724837
5206.0,24.0,0.6084220460834633,0.846861222717924,0.3551125121864186,0.3135985447701265,0.4364628319695567,"[-0.33557697033259837, 1.0458019947054356]",-2.0839537135575936,0.03217243988616352,0.2471001527355109,"[-3.9905716036119157, -0.1773358235032716]",7.9601168324976666
5207.0,24.0,0.5766425721892943,0.8250952513596524,0.3827230898656654,0.2883170310800439,0.4125297339820345,"[-0.3237270476346161, 1.089173227365947]",-0.8720789770532695,0.351256146731343,0.7900498127110729,"[-2.7057250876455656, 0.9615671335390263]",3.331096319149234
5208.0,24.0,0.4543685439816758,0.7179510116091645,0.36407540015435014,0.20118499693330805,0.31782096411712163,"[-0.19419740704198607, 0.9223482073506863]",-0.5417836737282595,0.49641640338191595,0.8719768195712558,"[-2.103047426344895, 1.019480078888376]",2.0694611942481393
5209.0,24.0,0.6044051566293482,0.844876204185251,0.347347049557713,0.31020962581236267,0.43367765386881396,"[-0.3235236638308926, 1.0182177629463185]",-1.9234779887376998,0.044438331390628215,0.29844413291221095,"[-3.799136771647434, -0.04781920582796584]",7.347144716065486
5210.0,24.0,0.37213614560250885,0.6294589742938242,0.43944480232487726,0.1506324985685478,0.2547049350161444,"[-0.15980059909299693, 1.0386902037427515]",0.6122946830211111,0.38504409813576446,0.8109971092567351,"[-0.7692622346731959, 1.9938516007154181]",21.66120658963932
5211.0,24.0,0.5237348070344261,0.7810109257984554,0.3125169091623586,0.24874132391172332,0.370812945604835,"[-0.21853521591799868, 0.8435690342427158]",-0.7582968269606827,0.3827676932746388,0.809701846218668,"[-2.461116152102861, 0.9445224981814957]",2.896480520200614
5212.0,24.0,0.5958243385527262,0.8384806340454914,0.40568254684966343,0.3031573146751869,0.42662160804276233,"[-0.3665169313413522, 1.1778820250406792]",1.715062239412151,0.06690131703459462,0.37648462034099395,"[-0.11945909557381085, 3.5495835743981132]",17.448944805295213
5213.0,24.0,0.8012321548455136,0.9456304911189516,0.2040617824485709,0.5034368774119659,0.5943764786445878,"[-0.39369431605224436, 0.8018178809493861]",1.4841793173821625,0.30234604464609405,0.7511702972573765,"[-1.3361566047667934, 4.304515239531119]",18.33085260489297
5214.0,24.0,0.1865475849457874,0.35750782856609314,0.42317833353347645,0.05697792197840753,0.10919494438176988,"[-0.012557386998255649, 0.8589140540652085]",2.1835101596718527,2.545315107442905e-05,0.002045300327820809,"[1.167157303560587, 3.1998630157831185]",15.659605555124424
5215.0,24.0,0.8344473364802846,0.9558174015320701,0.20636035189788976,0.5459943463654475,0.6254988792090937,"[-0.46352490233766447, 0.876245606133444]",-2.598060433129184,0.12335903045882149,0.5091169230657099,"[-5.902848510978643, 0.7067276447202757]",9.923859849215525
5216.0,24.0,0.28072587398124155,0.506633954126045,0.48988161912593353,0.10077270823249099,0.18193303526356924,"[-0.0951766916385578, 1.0749399298904248]",-3.1157237007178575,8.632194575668486e-07,0.00014350881177014384,"[-4.356797198688037, -1.8746502027476777]",11.901187878667683
5217.0,24.0,0.43005966750958263,0.692862361059421,0.45200487932624966,0.18539072759985153,0.2988536439490234,"[-0.21694300789102616, 1.1209527665435255]",0.14420634092056162,0.853965425742335,0.9710102122541093,"[-1.391365513518331, 1.6797781953594542]",23.44917235241514
5218.0,24.0,0.2725472431205133,0.4941926439175219,0.5568133550782898,0.09689206286741954,0.17566712923064098,"[-0.1005727600055143, 1.214199470162094]",-0.6462281021253373,0.2884478709155305,0.738600364992443,"[-1.839393212617785, 0.5469370083671103]",2.4684095236353985
5219.0,24.0,0.7670433802959503,0.932575538353739,0.2698710951823684,0.46400585711469355,0.5640722794975609,"[-0.45245820701467865, 0.9922003973794155]",-0.5696709636799433,0.6814432121005148,0.9356843168376249,"[-3.289645235012205, 2.1503033076523184]",2.175982795334077
5220.0,24.0,0.8625263607288667,0.96782580871731,0.18444267496406372,0.5855539295469695,0.6570398670859173,"[-0.47850888188604335, 0.8473942318141708]",-0.7291462777986784,0.6921911765970485,0.9379284235732365,"[-4.3390502923984835, 2.880757736801127]",2.785133624369183
5221.0,24.0,0.9762269272302123,0.9944981775987023,0.05595958146805376,0.8262732867485494,0.8419332451075497,"[-0.44375302253443777, 0.5556721854705453]",-1.572717921854359,0.719798852316305,0.9476172461296232,"[-10.165505815637706, 7.020069971928988]",6.007339952456026
5222.0,24.0,0.5722917339951202,0.8227310724484189,0.3191079665594418,0.2847864030949835,0.4093523114776247,"[-0.2656183341787171, 0.9038342672976007]",-2.7308630677564607,0.004434714335677155,0.07005867828873863,"[-4.611891356026508, -0.8498347794864141]",10.431128547372918
5223.0,24.0,0.8748428493895769,0.9724665269479806,0.15574652002551956,0.6042137870180015,0.6717218310372447,"[-0.4331554021261108, 0.74464844217715]",-2.214133014261461,0.24599262703532132,0.6923518914588273,"[-5.954740583866538, 1.5264745553436163]",8.457365133184068
5224.0,24.0,0.7772478249924337,0.9364431626414864,0.23634541966013076,0.4752223443371769,0.5725570413700927,"[-0.41242690174973407, 0.8851177410699956]",-3.114986110261069,0.03233202982508923,0.24813530180421514,"[-5.967536482326425, -0.26243573819571386]",11.898370490655477
5225.0,24.0,0.7617915837285676,0.9294675252910781,0.2013234389491816,0.458128264783881,0.5590338801511666,"[-0.33051297073762753, 0.7331598486359907]",-1.1295046617214162,0.39048151358288663,0.813966605760538,"[-3.707440882737817, 1.4484315592949848]",4.31439000379926
5226.0,24.0,0.9909367511615927,0.9968074560951746,0.03955582879551005,0.8927056721348628,0.8981845981837839,"[-0.5352307538069119, 0.6143424113979319]",2.5337390777615534,0.7359553000806291,0.9523631024368666,"[-12.192908648336047, 17.260386803859152]",14.321829630459566
5227.0,24.0,0.10809624015258684,0.21789203820315833,0.6799518559990131,0.02646716319210745,0.053351227152343195,"[0.07945233717918809, 1.280451374818838]",-0.5778376335095619,0.2067157187732238,0.6423732715140579,"[-1.4747946427195484, 0.3191193757004246]",2.207177176261675
5228.0,24.0,0.672161931200522,0.8871149670238285,0.3327921082102418,0.36857758087303427,0.4864426301610588,"[-0.39263424021101273, 1.0582184566314963]",-0.38414731604125407,0.736887367142941,0.9523631024368666,"[-2.625111422043205, 1.8568167899606967]",1.467334661362803
5229.0,24.0,0.31362684924771916,0.5537197197170183,0.5179911163146186,0.11808132255541966,0.2084401104243948,"[-0.13160790123542854, 1.1675901338646657]",-0.9676475685471928,0.12522802358376417,0.5121851406335655,"[-2.204643141362992, 0.2693480042686063]",3.6961414489233446
5230.0,24.0,0.1670519843035242,0.32393248846911804,0.6137768083802411,0.048702374381569616,0.09447599298073642,"[0.003494871606411709, 1.2240587451540703]",-1.371162488121291,0.005104627698898946,0.07757792855469524,"[-2.3308365779804205, -0.41148839826216144]",5.2374549064004565
5231.0,24.0,0.8013272781741996,0.9456304911189516,0.2483813289120149,0.5038498485984537,0.5945832530073799,"[-0.47990412008548433, 0.9766667779095142]",2.4407068819171895,0.10502718690191401,0.47309543649510816,"[-0.5104522604079214, 5.391866024242301]",14.677186442507336
5232.0,24.0,0.459016556121266,0.7222919844551787,0.39228438304786795,0.20429572850234978,0.32142185101061954,"[-0.21340228928924154, 0.9979710553849774]",-0.7786565136012511,0.3231918044028468,0.7656907328213951,"[-2.3234563389316696, 0.7661433117291676]",2.974248794648178
5233.0,24.0,0.5529699857039333,0.8056089535313713,0.40232967853490276,0.2698831846389482,0.3933010560171207,"[-0.3123708461049838, 1.1170302031747892]",-0.0854120246252279,0.9277061754665927,0.9892015094756179,"[-1.9304717642275067, 1.7596477149770509]",0.326249902046201
5234.0,24.0,0.6846631970165313,0.8924933853204164,0.31466558467628547,0.38007510188166793,0.49547008458045616,"[-0.3879577641335459, 1.0172889334861168]",-1.2563288428579105,0.2552871817366328,0.7046292623147469,"[-3.4208483524238766, 0.9081906667080557]",4.798822691754179
5235.0,24.0,0.6901550108585746,0.8953749492197386,0.23508838584386957,0.3851238637773845,0.49964175373298453,"[-0.2954445602551504, 0.7656213319428896]",-3.0468613161081666,0.01083285715683279,0.12451559950382518,"[-5.390516554864041, -0.7032060773522928]",11.638152944978222
5236.0,24.0,0.9737193269619246,0.9939054670015901,0.07186010391334384,0.8174831230589622,0.8345922644808189,"[-0.5384231788813758, 0.6821433867080635]",2.547151932765982,0.5622698213262834,0.8966709607100429,"[-6.068129549171748, 11.162433414703713]",14.270596298261253
5237.0,24.0,0.7452073916743438,0.9237571446140801,0.22803088695749013,0.44035885986651235,0.5459174591628722,"[-0.3512065991823086, 0.8072683730972889]",-0.9661223895656104,0.449855073895571,0.8503876633186597,"[-3.4719761489161476, 1.5397313697849269]",3.690315694346896
5238.0,24.0,0.8963044812061884,0.9784983419281533,0.16392081373378511,0.6392534689574365,0.6978749661107385,"[-0.5214846388029182, 0.8493262662704884]",2.3954147765722054,0.262946278598873,0.7122055216654198,"[-1.7985266143835847, 6.5893561675279955]",14.850189541275972
5239.0,24.0,0.49068824583464854,0.7527047796205684,0.3326965928054147,0.22547399024929837,0.3457840462961681,"[-0.20527319528933524, 0.8706663809001647]",-0.5693083842415279,0.49711861911065114,0.8728067218963704,"[-2.212569095715495, 1.0739523272324392]",2.174597843896782
5240.0,24.0,0.8542394632118592,0.9638353248904392,0.21639762502424256,0.5732627514873632,0.6468773995569433,"[-0.5366062641442416, 0.9694015141927267]",1.3299175950269104,0.4383031883280192,0.8451378487968474,"[-2.0331572572200827, 4.6929924472739035]",18.920088980317963
5241.0,24.0,0.7516711193972534,0.9254053558204037,0.2750936240295622,0.44694630181930506,0.5504264800730357,"[-0.433864117245122, 0.9840513653042464]",-1.5849812114383655,0.21032493062717006,0.6491064669475473,"[-4.0648841204337325, 0.8949216975570016]",6.054182268196714
5242.0,24.0,0.818030533314557,0.9514516116315948,0.1922526642654977,0.5245336392271988,0.6101356743366276,"[-0.3998663831086121, 0.7843717116396075]",0.5058869487596009,0.7524342126517373,0.9552799279805988,"[-2.6374923916912345, 3.6492662892104364]",22.067654195021596
5243.0,24.0,0.49913355616485633,0.7596006028988834,0.4158021398357114,0.23102185758602523,0.35157792966979945,"[-0.26461557908542604, 1.0962198587568488]",1.6393705496198692,0.04136859484472948,0.2878773183822094,"[0.06417637818086397, 3.214564721058874]",17.738065763249292
5244.0,24.0,0.796759047438334,0.9444749258396563,0.21593195651053587,0.49834428254108154,0.5907352803948335,"[-0.409116936209193, 0.8409808492302647]",-0.8416867935236789,0.5670702979599753,0.8991207905304154,"[-3.723863333428728, 2.04048974638137]",3.2150067293870634
5245.0,24.0,0.4811696683912395,0.7439310331507507,0.44267950472070333,0.21904925820113508,0.3385614500790341,"[-0.2632549383569481, 1.1486139477983548]",-0.7519329502335008,0.35663468176706303,0.793582666635651,"[-2.3507254634268344, 0.846859562959833]",2.872172301680011
5246.0,24.0,0.5755564088683216,0.8245927205026996,0.3649353265598586,0.28748181683834717,0.4118650671036493,"[-0.30751518438152137, 1.0373858375012386]",0.7598035238209082,0.4199054508950121,0.8307712672074292,"[-1.0864829863243832, 2.6060900339661996]",21.097764321726284
5247.0,24.0,0.3413078406348236,0.5916239220572432,0.4603505092092804,0.13316229838535093,0.23078387935069486,"[-0.14046310376276844, 1.0611641221813293]",0.8668167477144948,0.19023567849066159,0.6227027119170592,"[-0.43019268104797526, 2.163826176476965]",20.689003916313546
5248.0,24.0,0.8777333975524443,0.9727850092367603,0.17706070889723793,0.6085818692370306,0.674514303072402,"[-0.5006066030610519, 0.8547280208555277]",1.259876598449603,0.5056180801114318,0.8752594956712603,"[-2.449603634443358, 4.969356831342564]",19.187625880102626
5249.0,24.0,0.7020413305146546,0.9015215829973948,0.2673811694143208,0.3967651199583967,0.5095133207750998,"[-0.35103941023079854, 0.8858017490594401]",-0.5955778846925384,0.6187962086264835,0.9174210890671123,"[-2.9416625345730756, 1.7505067651879989]",2.2749399442807765
5250.0,24.0,0.7732608641417132,0.9345665441914526,0.30366251334721345,0.47099891808879735,0.5693596768905842,"[-0.5219790364135513, 1.129304063107978]",2.208047078837697,0.10747273589402719,0.4795749035878054,"[-0.4805334629411373, 4.896627620616531]",15.565881427760655
5251.0,24.0,0.9950507935123465,0.9984605798120694,0.036825364177243546,0.9206921363070233,0.9239060205657357,"[-0.6881144120531564, 0.7617651404076435]",-2.546762509928506,0.8026194474611166,0.9644549957475566,"[-22.516329182349505, 17.422804162492493]",9.727916216069854
5252.0,24.0,0.2969676883903422,0.5301101185118569,0.471094526214864,0.10934174749603039,0.1951485766482784,"[-0.10556800986527987, 1.0477570622950079]",0.6808732980976515,0.279466341247542,0.7296533786976455,"[-0.5530275570075949, 1.914774153202898]",21.39925557572345
5253.0,24.0,0.6252402934717928,0.8593001628073444,0.3779150909229459,0.3273049934174388,0.4499089914373634,"[-0.3782432575553199, 1.1340734394012117]",-1.4815142075302274,0.1317501451734551,0.524274354052746,"[-3.4080302010938275, 0.4450017860333726]",5.658967425343387
5254.0,24.0,0.9253201648343967,0.9865118820973683,0.15720113014854048,0.6931219152834709,0.7390978109567713,"[-0.6235677984023682, 0.9379700586994493]",-0.25099979264589933,0.9237073109787826,0.9879295512207908,"[-5.388066269726982, 4.886066684435184]",0.9587485851512554
5255.0,24.0,0.4863406496966283,0.749161830830262,0.3928955069245241,0.22254984642047293,0.3427095101543083,"[-0.23841804367186709, 1.0242090575209153]",0.8802680932299465,0.27945383967926307,0.7296533786976455,"[-0.7149410526807711, 2.4754772391406643]",20.63762356119304
5256.0,24.0,0.31070022683097237,0.5499119058955264,0.6152181648518952,0.11629537756563153,0.20586896364955132,"[-0.15255899425753472, 1.382995323961325]",-1.6418027386861622,0.007393250206517609,0.0985766694202348,"[-2.8431333969307584, -0.4404720804415658]",6.271224514649138
5257.0,24.0,0.76925871918254,0.9332266397944194,0.2593154277738669,0.46620839311487283,0.5657182297231802,"[-0.43819431250226265, 0.9568251680499964]",1.5052135873737447,0.2545185606663476,0.7038677009578197,"[-1.083915692281673, 4.094342867029162]",18.250507611849216
5258.0,24.0,0.9600639215968569,0.9918311520199155,0.10111837082836334,0.7751753165766317,0.8009664358097043,"[-0.5927893417590353, 0.7950260834157619]",2.6313538164772274,0.46137855000708616,0.8550833639977362,"[-4.370421049206117, 9.633128682160573]",13.948968794014206
5259.0,24.0,0.5578035689887549,0.8097017985030556,0.38700060422302063,0.2736948809474964,0.397350291735622,"[-0.3059574942351885, 1.0799587026812296]",0.39514206399790996,0.6737779776029211,0.9338966192307091,"[-1.4445774077429574, 2.2348615357387773]",22.490668494988764
5260.0,24.0,0.8386352287099353,0.9581171777557735,0.174082050179618,0.5514371345692812,0.6300960572188814,"[-0.3987688042855304, 0.7469329046447664]",-3.0011155979607227,0.08495888818969582,0.4247944409484791,"[-6.4157451152626725, 0.41351391934122717]",11.463417172935317
5261.0,24.0,0.22606773385125087,0.42198284676518566,0.5823876565453903,0.0744570190465407,0.13899014195732817,"[-0.057517139875146395, 1.222292452965927]",-1.9555704542855148,0.0003357029905857748,0.01271602237067329,"[-3.0243870340520003, -0.8867538745190293]",7.469728904736073
5262.0,24.0,0.7536916154626655,0.9262406539556202,0.2461920565639632,0.4491184329551998,0.5520138064837756,"[-0.39132515316086797, 0.8837092662887944]",-1.5737716920108573,0.21575529647180525,0.6542767589910653,"[-4.0655321818078995, 0.9179887977861849]",6.011365057958972
5263.0,24.0,0.7474568269370212,0.9241476157180931,0.25341698650890887,0.4427834712603578,0.54738962944784,"[-0.3937325531003245, 0.9005665261181423]",-2.384314241465595,0.0678483771246102,0.3796003320540912,"[-4.943535500580461, 0.17490701764927108]",9.107409537927657
5264.0,24.0,0.40130835569364726,0.6638682476321708,0.5281673586437063,0.16793532559602153,0.2777167613626948,"[-0.222585202982998, 1.2789199202704107]",0.68130397732335,0.35134170570367873,0.7900645507166151,"[-0.7514702928843657, 2.114078247531066]",21.39761050225969
5265.0,24.0,0.8503215000659935,0.9627687832206449,0.12483493018588883,0.5678807165793034,0.6429080907724481,"[-0.30353076079616437, 0.553200621167942]",-0.9339714227017426,0.5895396805417645,0.9077706636973603,"[-4.327000985464326, 2.459058140060841]",3.567508047109257
5266.0,24.0,0.24176655065852862,0.44581698443394546,0.5538057305794932,0.08174616109907205,0.1507675416803247,"[-0.06977948228797703, 1.1773909434469636]",1.8330074386523325,0.0009714582681211016,0.025632144277601625,"[0.7438914642740075, 2.9221234130306577]",16.998427329942412
5267.0,24.0,0.6398915186015937,0.8700089687940152,0.26335135456510306,0.34006122467140676,0.46229095251686614,"[-0.27767087734719975, 0.8043735864774059]",-0.5544816424345829,0.6030563432214542,0.9116498007882906,"[-2.6443708052121173, 1.5354075203429516]",2.1179638619322407
5268.0,24.0,0.8533889862301913,0.963736856273508,0.16544222379386786,0.5722205431886268,0.646211793550115,"[-0.4086899670821079, 0.7395744146698436]",2.5655836354661243,0.15372031868539243,0.565564086406889,"[-0.9594116109018338, 6.090578881834082]",14.200192379997384
5269.0,24.0,0.6185467139453149,0.8543462899797167,0.2677153472663668,0.32202385588551474,0.4447843313335839,"[-0.2621326585177651, 0.7975633530504987]",-0.6466374068645075,0.526304567870403,0.8839273529919359,"[-2.6467504725782285, 1.3534756588492134]",2.4699729525746754
5270.0,24.0,0.9880309326416781,0.9964998169166586,0.07078432271971216,0.8766510859538849,0.8842556848435393,"[-0.823033202517587, 0.9646018479570113]",-2.976630873560148,0.6559556128574708,0.9301211184160023,"[-16.07211394123049, 10.118852194110197]",11.369892414889058
5271.0,24.0,0.8146331732261926,0.9498987560939745,0.20862321591123648,0.5202650466184301,0.606652339806938,"[-0.42735520033136487, 0.8446016321538378]",2.564824566015066,0.10447944497276541,0.4716904964910402,"[-0.5315219511093838, 5.661171083139516]",14.203091811724248
5272.0,24.0,0.3031032229037889,0.5392611924729533,0.49242408949464483,0.1122980485009037,0.19981859163861868,"[-0.11536240419263205, 1.1002105831819218]",1.6660156750346529,0.006006636590217287,0.08614683717913112,"[0.47750716402041515, 2.8545241860488906]",17.636288881191703
5273.0,24.0,0.4056967543468211,0.6686941723204567,0.5231443041791451,0.17058917807530805,0.2810828440852003,"[-0.22511095011674198, 1.2713995584750322]",2.224714860988545,0.0020756544816262325,0.043697989086868054,"[0.808640043359449, 3.640789678617641]",15.502215189688183
5274.0,24.0,0.7938457685172257,0.9435115159849323,0.26044006390024693,0.4948492521302945,0.5880720098197172,"[-0.4873490695909663, 1.00822919739146]",0.9128395520872967,0.5292237035170739,0.8840760685883975,"[-1.930702822068795, 3.7563819262433884]",20.51320975285236
5275.0,24.0,0.6958100081832024,0.8987471043441002,0.2719395386485652,0.3907088336461456,0.5045976514732201,"[-0.34902219845789956, 0.8929012757550299]",0.47044666879735875,0.6930256320357183,0.9381119128929635,"[-1.8653429125278573, 2.806236250122575]",22.203026092794833
5276.0,24.0,0.14576591781028564,0.2860532799018835,0.6217121299338857,0.040351473153409916,0.07916710447990957,"[0.027344105663733687, 1.2160801542040378]",0.834480411276135,0.08593227914255057,0.42540732248787405,"[-0.11794070820896052, 1.7869015307612306]",20.812519623169088
5277.0,24.0,0.21561255754696315,0.4052105949012651,0.6356614796895419,0.0697637804756087,0.13111028091638546,"[-0.05136025550867507, 1.3226832148877588]",0.9633466481782547,0.07663670246383684,0.4042144658105994,"[-0.10306324573747871, 2.0297565420939883]",20.320286856754123
5278.0,24.0,0.644151773708623,0.8732499760567222,0.3117422224684891,0.343717940744818,0.46596119686006665,"[-0.3335627090730657, 0.9570471540100438]",2.6378620931444923,0.014410555433408632,0.15021193627201415,"[0.5249058549203367, 4.750818331368648]",13.92410900835169
5279.0,24.0,0.4815273504575481,0.744131278716656,0.32503220961094637,0.21895263920276375,0.3384644291277844,"[-0.19318315643085326, 0.843247575652746]",1.5965297812756933,0.041396758383361716,0.2878773183822094,"[0.06228675130815642, 3.1307728112432303]",17.901705444397223
5280.0,24.0,0.7096156247035639,0.9060566613189929,0.24170944358416946,0.404012767059459,0.5158487832730579,"[-0.3260022279273286, 0.8094211150956675]",-0.39606864273071096,0.7476805146202706,0.9550093072477082,"[-2.809130454176754, 2.016993168715332]",1.5128707750629729
5281.0,24.0,0.3537693384244925,0.6086877811846051,0.37010524292118036,0.139855838274786,0.24063289448517894,"[-0.12124417610098587, 0.8614546619433465]",-0.0019204644146952887,0.9978232080926407,0.9998296237857246,"[-1.3815960012893604, 1.3777550724599699]",0.0073356337111401305
5282.0,24.0,0.9920537134896864,0.9969916879982195,0.03737179862495371,0.8994627186717149,0.9040734934885063,"[-0.5423917268166949, 0.6171353240666024]",0.014851989281113198,0.9985593411345026,0.9998296237857246,"[-16.106868508272544, 16.13657248683477]",23.943269579787913
5283.0,24.0,0.627907080174412,0.8607362305338067,0.3274396479098442,0.32982872847054434,0.45212985396921773,"[-0.3311513980461042, 0.9860306938657926]",-1.0178016458096009,0.3129482643700384,0.7577599598410357,"[-2.994754930575721, 0.9591516389565193]",3.8877159124239467
5284.0,24.0,0.36488846819574966,0.6207697655592883,0.46322988573002644,0.14623861786807774,0.24878975479427992,"[-0.16164784578687275, 1.0881076172469255]",-1.789630487066776,0.0070928313992310804,0.09571972198692416,"[-3.0923867339222424, -0.48687424021130976]",6.835884919791209
5285.0,24.0,0.9160647472510892,0.9844109603493874,0.14589167226691668,0.6748395635011936,0.7252440231071398,"[-0.5357101959461372, 0.8274935404799706]",1.7822702160276078,0.4387005703963086,0.8451378487968474,"[-2.728620026743915, 6.2931604587991306]",17.192229244649905
5286.0,24.0,0.5540893878521519,0.8064173888111655,0.3869607524883774,0.27073380696919735,0.39410003954358575,"[-0.3016599748688474, 1.0755814798456023]",1.6895595484602897,0.053390526538224604,0.3341084263968999,"[-0.024677819610701812, 3.403796916531281]",17.546357909146423
5287.0,24.0,0.9691249328389274,0.9934076675512055,0.07828101814811736,0.8022472236095073,0.8223959237411658,"[-0.5343530444600297, 0.6909150807562645]",2.3666792241041223,0.5536946007878554,0.8947876547961463,"[-5.465721793147736, 10.199080241355981]",14.959951266502497
5288.0,24.0,0.5189743908918774,0.7766388882806615,0.34457948965118546,0.24529947490255355,0.3670396462023099,"[-0.2367070697404584, 0.9258660490428293]",-2.2049381156825394,0.009560994841731531,0.11561057849735831,"[-3.8726625694565993, -0.5372136619084793]",8.422243207742532
5289.0,24.0,0.6342592530258885,0.865646585268034,0.34050331104244397,0.3349449042819095,0.4572048377313566,"[-0.3516489153452414, 1.0326555374301294]",-1.6284139937936688,0.10282724578497898,0.4673403280401466,"[-3.5849117257025496, 0.3280837381152122]",6.220083276294657
5290.0,24.0,0.32214020200828647,0.5657537794314831,0.40369770506944563,0.12241162714038055,0.21502130184503873,"[-0.10851676043983133, 0.9159121705787225]",1.4832167933448668,0.017329088448831288,0.1683721064385379,"[0.2615869349524531, 2.7048466517372804]",18.3345291758941
5291.0,24.0,0.8028775131195969,0.9465322931489172,0.2391025628936337,0.5057163025619054,0.5962229457225954,"[-0.4650544739850332, 0.9432595997723007]",0.9374300131305304,0.5279706180135617,0.8840013597459259,"[-1.9738501694622346, 3.8487101957232954]",20.419281110581817
5292.0,24.0,0.5432477746969959,0.7980722413647656,0.3897364344688888,0.262889807494469,0.38620509401273545,"[-0.2925413968801797, 1.0720142658179572]",-2.619627327309656,0.004018346779688222,0.06625277417855754,"[-4.404430505294484, -0.8348241493248281]",10.006239316798613
5293.0,24.0,0.2926724858932791,0.5243147364623416,0.5046797313002364,0.10689139763771471,0.19152565720305145,"[-0.10881602999850348, 1.1181754925989762]",-0.14497092988486582,0.8217626725607511,0.9663248736603376,"[-1.4062447735493053, 1.1163029137795737]",0.5537481622993192
5294.0,24.0,0.6863095049393164,0.8932346274532249,0.2650954499462104,0.381495884928308,0.49667476230739227,"[-0.3286101462274213, 0.8588010461198421]",1.531668640743467,0.16366478925133865,0.5809244285449352,"[-0.6236336290233555, 3.6869709105102895]",18.14945675152399
5295.0,24.0,0.9216320262451726,0.9861488829547715,0.164825041576175,0.6856658941112371,0.7337248733132553,"[-0.6333371558019878, 0.9629872389543377]",3.0505879719971665,0.23449755972807096,0.675980281718279,"[-1.978665512513337, 8.079841456507669]",12.347612278079295
5296.0,24.0,0.5803234430737441,0.8280770846332681,0.27730251506598036,0.290970167941202,0.41524486081807654,"[-0.23738038510151827, 0.791985415233479]",0.31768914427708417,0.7449924026522097,0.9547509829752914,"[-1.5967170966233168, 2.232095385177485]",22.786516855720027
5297.0,24.0,0.25554546118808835,0.46734722236299997,0.5828008865595351,0.08852320945569227,0.16189321407405316,"[-0.08784383246719296, 1.253445605586263]",-0.8857103748240549,0.12846460841120785,0.5182114094845012,"[-2.027650987680158, 0.25623023803204825]",3.38316442322457
5298.0,24.0,0.393388402361512,0.654774304862703,0.54259080179297,0.16315057797129973,0.27155555587766267,"[-0.2199891652192434, 1.3051707688051835]",0.9582674168083205,0.17577196339188061,0.601546760410269,"[-0.4289736076505246, 2.3455084412671656]",20.3396880914653
5299.0,24.0,0.9622825840538712,0.992026702813642,0.09402855683441677,0.7814128457350461,0.8056633114084402,"[-0.5701407399864566, 0.7581978536552902]",-0.29147056626977097,0.9375733200784613,0.9892015094756179,"[-7.585521683171875, 7.002580550632333]",1.1133355533030698
5300.0,24.0,0.7819284037446794,0.9388462552556966,0.2832998083163004,0.48071407564207547,0.5772878155014293,"[-0.5041267752863807, 1.0707263919189816]",-0.3346885740334864,0.8188744076488363,0.966095377463714,"[-3.1993077485607486, 2.529930600493776]",1.2784161828913712
5301.0,24.0,0.6555427795238311,0.8781904941339596,0.22276525204864436,0.3534760703673776,0.473728118521872,"[-0.2477886345895743, 0.693319138686863]",-0.1145700323612413,0.9184424391355448,0.9874079467440474,"[-2.307559600937624, 2.0784195362151414]",0.4376252875317592
5302.0,24.0,0.682158656352292,0.890779128169616,0.2662213444947287,0.37763024871824313,0.493183033457285,"[-0.32518902535718663, 0.857631714346644]",0.09297221625876873,0.9370464249345031,0.9892015094756179,"[-2.214144604247805, 2.4000890367653422]",23.644872293092998
5303.0,24.0,0.5106904517216588,0.7692279736732321,0.3370132511191149,0.2391956486867166,0.36028867101478623,"[-0.22418813781425756, 0.8982146400524873]",1.8445303156537864,0.024863424049592107,0.20999513555398738,"[0.2331267846681222, 3.455933846639451]",16.9544131819403
5304.0,24.0,0.5904963779845396,0.8335742522239887,0.30073550771190016,0.29918968897495535,0.4222794339840889,"[-0.26702243788164326, 0.8684934533054436]",2.1850533677171544,0.021565317282756784,0.19233543196488143,"[0.32137128506960644, 4.048735450364703]",15.653710934597328
5305.0,24.0,0.7888385512185275,0.9412224689398969,0.16585967185735678,0.4888574153879064,0.5832924655624704,"[-0.3038212715718787, 0.6355406152865923]",-1.0737832193321726,0.44788293545361924,0.849228167337162,"[-3.8467967342790486, 1.6992302956147034]",4.101549771980259
5306.0,24.0,0.2380689161467756,0.4402976070774471,0.5514649658968281,0.08003168036870018,0.14804232402645243,"[-0.06598722581846361, 1.1689171576121198]",1.2300405807470298,0.026521125481323782,0.2173862744370802,"[0.14334187631682016, 2.3167392851772393]",19.30159107289163
5307.0,24.0,0.6797395475421423,0.888897015224457,0.3180326266282316,0.37553785443008814,0.4910432410769442,"[-0.3853855279235362, 1.0214507811799995]",1.9461266031400157,0.07610286512871664,0.4033008220917681,"[-0.20429857033792187, 4.096551776617954]",16.566343949463054
5308.0,24.0,0.29475437895793205,0.5272886922324366,0.4680676007319721,0.10799299557946061,0.19318961642121754,"[-0.10270770505389021, 1.0388429065178344]",1.7933012751004096,0.002843228041018019,0.05328883800749113,"[0.6154953719784448, 2.9711071782223746]",17.150093702754504
5309.0,24.0,0.4656161123460131,0.7288918477551863,0.34781452366047244,0.2084879439042252,0.32637436428338323,"[-0.19419507295353006, 0.889824120274475]",2.729495285233738,0.0008244670455599628,0.02305666199721251,"[1.1299148332024378, 4.329075737265038]",13.574095997016668
5310.0,24.0,0.801260179864723,0.9456304911189516,0.25763370596766455,0.5037527752950388,0.5945388590759338,"[-0.4976090007866275, 1.0128764127219565]",0.6440196535322595,0.6701127135747799,0.9333950467214768,"[-2.319067482046368, 3.6071067891108872]",21.540026128608265
5311.0,24.0,0.7013635090466894,0.9013720276973887,0.36354021670066666,0.39614184308110156,0.5089834807671869,"[-0.47617573804113106, 1.2032561714424643]",-0.896432258512335,0.44300876440759973,0.8470530868214143,"[-3.1867773405863824, 1.3939128235617124]",3.4241190021424774
5312.0,24.0,0.23432480239550338,0.43457863945753594,0.4162748258552817,0.07840457267804478,0.14540907395779817,"[-0.0472904153776747, 0.879840067088238]",0.8365824926285104,0.1393543444639024,0.5354870071966664,"[-0.27265301744840853, 1.9458180027054293]",20.804490263856803
5313.0,24.0,0.5385920086336474,0.7947168694644893,0.29254183550098406,0.25927848184005775,0.3825859256899185,"[-0.21572198476871368, 0.8008056557706817]",-1.312332366367544,0.12581983963016663,0.5130641613683448,"[-2.992585200389465, 0.36792046765437747]",5.012740394085091
5314.0,24.0,0.7846533322340411,0.9397892930302288,0.20784652543198154,0.48375241693128224,0.5795524343252453,"[-0.37388030470574374, 0.7895733555697069]",-0.08437122951355747,0.9546374192920125,0.9927158038502051,"[-2.9914085749237715, 2.8226661158966566]",0.3222743575637635
5315.0,24.0,0.9607819678306435,0.9918311520199155,0.11264153506441135,0.7770962737451061,0.8022881207362236,"[-0.6671867104727314, 0.892469780601554]",0.16688421638578355,0.9636617498857108,0.9938808419181301,"[-7.012532943502528, 7.346301376274095]",23.36254924891644
5316.0,24.0,0.9693266083932917,0.9934076675512055,0.07542378484436253,0.8027775148676518,0.8227708464360478,"[-0.51647000022081, 0.6673175699095351]",0.23219009083432152,0.9553184124872224,0.9927885629812778,"[-7.890054379802803, 8.354434561471447]",23.113099183362277
5317.0,24.0,0.4851590087093572,0.7478942634644014,0.3516312624441586,0.22150544136401928,0.3415131689238657,"[-0.2121028693727925, 0.9153653942611097]",1.3014044620993452,0.10008691296694187,0.4588777997519013,"[-0.249711803775295, 2.8525207279739853]",19.02900112548096
5318.0,24.0,0.2876807328300751,0.5168536342617231,0.5042216085778144,0.10432567352948036,0.18746751757319022,"[-0.10422250265320121, 1.1126657198088301]",0.13221535874204005,0.8360731414987796,0.9708072590103425,"[-1.1201460937560501, 1.3845768112401302]",23.494974530484868
5319.0,24.0,0.8776201009412735,0.9727850092367603,0.16252184219580898,0.6083777865747444,0.6744092478086282,"[-0.45914659274729497, 0.784190277138913]",1.3133619199237057,0.48650936206531215,0.8684336035780316,"[-2.3858014846515974, 5.012525324499009]",18.983327001011524
5320.0,24.0,0.36165388796394077,0.6167375166084186,0.5199925569152156,0.14462998745471206,0.2465143812079633,"[-0.17865812519050706, 1.2186432390209383]",2.376720988664538,0.0005369601525050163,0.017547717402124716,"[1.0310202142348441, 3.722421763094232]",14.921594551290774
5321.0,24.0,0.5237459268404442,0.7810109257984554,0.39695880754522916,0.24859900017589298,0.3707795293864588,"[-0.2773804494460522, 1.0712980645365104]",1.9974445390609628,0.018098110144615598,0.17252726543961486,"[0.341110340708753, 3.6537787374131723]",16.37032387335685
5322.0,24.0,0.38276829832310316,0.6426600039004419,0.48824704322075646,0.15665352685104272,0.26301801015957477,"[-0.1873638813255077, 1.1638579677670207]",-1.3082109412158145,0.055403691059763276,0.34157639371000786,"[-2.6466514684831743, 0.030229586051545576]",4.996997709633547
5323.0,24.0,0.3618014889373355,0.6167375166084186,0.40711380621884313,0.1445469246677141,0.24641480509327326,"[-0.1397623194623811, 0.9539899319000673]",-0.3600659221323115,0.6097824719039135,0.9143882220641197,"[-1.7427821810308977, 1.0226503367662747]",1.3753505123111724
5324.0,24.0,0.8968966234877269,0.9786020165880102,0.18313043128356374,0.6402456463873368,0.6985841529450781,"[-0.5848698344030825, 0.95113069697021]",0.6170693377813299,0.7758359854858432,0.9595896677274527,"[-3.630289275183043, 4.864427950745703]",21.642968751879813
5325.0,24.0,0.7113450203993483,0.9071886775422551,0.29262586508098476,0.40562423592753105,0.5173118682917116,"[-0.39703659220367915, 0.9822883223656487]",0.26487050205280394,0.8312662376720714,0.969180643199337,"[-2.171500214043983, 2.701241218149591]",22.98826920765754
5326.0,24.0,0.9972112688002572,0.9987202807390857,0.02610035610086709,0.9404246362180342,0.9419845330164612,"[-0.6583843380406583, 0.7105850502423926]",-1.4505715400911114,0.9103965575895608,0.9848513171674176,"[-26.71367316407664, 23.812530083894416]",5.540775141934172
5327.0,24.0,0.24098290043923554,0.4449390878296226,0.36937612345679083,0.08132130534640603,0.15015012065436859,"[-0.045962160021148724, 0.7847144069347304]",-3.084750322466798,2.2760984320678922e-07,5.0579965157064274e-05,"[-4.253003683729901, -1.9164969612036953]",11.782878288597816
5328.0,24.0,0.299749394870634,0.5343126468282245,0.5213336461989766,0.11071893304663043,0.19735995195477793,"[-0.11930231402327218, 1.1619696064212253]",2.65143708949109,3.48286837083946e-05,0.002505660698445655,"[1.3959941912324345, 3.906879987749746]",13.872256341847319
5329.0,24.0,0.3265394700529027,0.5716727416892553,0.5378181188076973,0.12503697631952237,0.21890226946695093,"[-0.14935567454882315, 1.2249919121642177]",2.506341940486415,0.00014402065553041277,0.007119078210010659,"[1.2140151739999523, 3.7986687069728777]",14.426478986233299
5330.0,24.0,0.40364848918896856,0.6662896839159734,0.3950664359349852,0.16929162817529197,0.2794052288748836,"[-0.16828407645795246, 0.9584169483279228]",-1.0391198635292156,0.1456134602802807,0.5463919710329481,"[-2.4386768178593514, 0.36043709080092023]",3.9691455058956087
5331.0,24.0,0.7854871028229861,0.9397892930302288,0.25262305035571014,0.48471351150716424,0.5802172749666797,"[-0.45598233118640014, 0.9612284318978204]",0.022676692169681267,0.9878346423401582,0.9973090785867321,"[-2.892240002814104, 2.9375933871534667]",23.91338141635733
5332.0,24.0,0.7606112847056252,0.9294675252910781,0.2591194888383684,0.45668308779224587,0.5582922833646038,"[-0.4232013847720029, 0.9414403624487397]",-1.3767907595261626,0.28826741542236156,0.738579081276868,"[-3.917881064507036, 1.164299545454711]",5.258953319564011
5333.0,24.0,0.12138833599654052,0.2420505204317857,0.6028891702830181,0.03107597769967099,0.06197841583500397,"[0.05484320574403845, 1.1509351348219978]",-1.4988780796299537,0.000787431467712423,0.02243394494907188,"[-2.3739431915068856, -0.6238129677530215]",5.725292531164672
5334.0,24.0,0.708625715236284,0.9059252708516119,0.34078988247070685,0.4031206208222816,0.515375259930804,"[-0.45811826389685095, 1.1396980288382648]",1.0587156963338984,0.36651099501571216,0.7999525563514279,"[-1.2391581938614848, 3.3565895865292816]",19.95600392638757
5335.0,24.0,0.9274296942151468,0.9874677323415105,0.12654111752632088,0.6975026851020458,0.7426561809008154,"[-0.5115345259009363, 0.7646167609535781]",-1.9612119090267726,0.4333747106282052,0.8404091560909405,"[-6.867719518894811, 2.9452957008412657]",7.491277674535282
5336.0,24.0,0.30105733422057307,0.5363572674515822,0.6319513754486782,0.11146542543796088,0.19858440306068212,"[-0.14624047252955052, 1.410143223426907]",0.6528523630801066,0.30362639648008016,0.7514276816848787,"[-0.5910304721329209, 1.8967351982931342]",21.50628766335783
5337.0,24.0,0.336139567984861,0.5841841640334741,0.47861579829326645,0.13013137612949033,0.22615810936651082,"[-0.14115139898405288, 1.0983829955705857]",1.24694214371244,0.05163600835009059,0.3279900901886223,"[-0.00884708572919779, 2.5027313731540777]",19.237031857885455
5338.0,24.0,0.16658278336630067,0.3232106778546773,0.5460310863667318,0.04850325191125357,0.09410797809711598,"[0.003589184587022065, 1.0884729881464414]",-0.16553968084160964,0.7528165403074726,0.9552799279805988,"[-1.1957818607153805, 0.8647024990321612]",0.6323150036111256
5339.0,24.0,0.5045798968724613,0.7642833942327496,0.44109157439810565,0.2348526718041155,0.35578347493427587,"[-0.28665184237333396, 1.1688349911695453]",1.3899173800092317,0.0869598491603188,0.4287738505004043,"[-0.2016325571000559, 2.9814673171185193]",18.690906683572667
5340.0,24.0,0.5825043063329348,0.8293502717358707,0.4011702465463112,0.2928172846868625,0.4170628579413613,"[-0.346270938771374, 1.1486114318639964]",-0.5150714951510569,0.595271031080221,0.9095050131095813,"[-2.4154789715105545, 1.3853359812084407]",1.9674281879765738
5341.0,24.0,0.8166744583771851,0.9511698793118857,0.16440249843639382,0.5227265126832068,0.6088126166820484,"[-0.33974186948892354, 0.6685468663617111]",1.204777973656645,0.42813605665842847,0.836530005194272,"[-1.7752387953255777, 4.184794742638868]",19.398087123943384
5342.0,24.0,0.5940152304275623,0.8367860945067521,0.39183185241908225,0.30168238087128363,0.4250843749066981,"[-0.3517315623074919, 1.1353952671456564]",0.04753802318619993,0.9623111341464413,0.9938808419181301,"[-1.9242244795478602, 2.01930052592026]",23.818418127002378
5343.0,24.0,0.5410659841250696,0.7961535964171124,0.30424944198700027,0.261066301698916,0.38435258412273715,"[-0.22634181845510865, 0.8348407024291091]",0.19783051758848114,0.8300939351028501,0.9686926026402447,"[-1.6091352389474303, 2.0047962741243923]",23.244343085552764
5344.0,24.0,0.2581193003842897,0.4711223175535217,0.44102195851521825,0.08959169864891284,0.1635481903046967,"[-0.0681732840256088, 0.9502172010560452]",-2.9209451231585666,1.676787664996672e-06,0.00025026681567114507,"[-4.116401219109156, -1.7254890272079766]",11.15718851642042
5345.0,24.0,0.7839721187196034,0.9395359504810574,0.25522897572289116,0.48301034255373654,0.5791112597968847,"[-0.45790241569644086, 0.9683603671422232]",0.21774063997019688,0.8827359831045588,0.9768649301292893,"[-2.6755386311829445, 3.1110199111233383]",23.16829202008201
5346.0,24.0,0.5033680162862966,0.7636055588041603,0.48556538089574347,0.2342552981313647,0.3553091128945316,"[-0.31453191806061115, 1.285662679852098]",-0.9872997406118262,0.2331649984634382,0.6742770343072244,"[-2.610347961904474, 0.6357484806808213]",3.771207216761238
5347.0,24.0,0.37332148963027484,0.63075996022585,0.41509978879747667,0.15135163858891837,0.2556920938277004,"[-0.15194484226117522, 0.9821444198561285]",0.727909129997375,0.29843908284843423,0.7474056670384028,"[-0.644176024794302, 2.099994284789052]",21.219591932140723
5348.0,24.0,0.8283166561960605,0.9544275137307652,0.18561856158007833,0.5378158260092449,0.6197462848689156,"[-0.4048608021656181, 0.7760979253257747]",2.034980881685409,0.19948375178421185,0.6334828573649154,"[-1.0736826986626813, 5.1436444620335]",16.22694560597433
5349.0,24.0,0.8881026825379355,0.9754828927651178,0.18134408654491863,0.6252101911961427,0.6869487505364272,"[-0.5462766743359998, 0.908964847425837]",-1.647853301931443,0.40307661469079337,0.8219343692716015,"[-5.510527410856941, 2.2148208069940547]",6.294335963824575
5350.0,24.0,0.10984667707989673,0.2209750092132302,0.5847979843945501,0.026980677831302504,0.054298003282959355,"[0.0665845757198561, 1.1030113930692442]",-0.0039680827620296455,0.9932617118055305,0.999042938587908,"[-0.9248715963078956, 0.9169354307838363]",0.015156959668194218
5351.0,24.0,0.5331464277530327,0.789032673613273,0.39502748297056445,0.2555537933435196,0.37820599873245464,"[-0.2859442851700337, 1.0759992511111625]",2.300852455689483,0.00861106250629333,0.10886298996578166,"[0.584301376971577, 4.017403534407389]",15.211391000445426
5352.0,24.0,0.6996671119960212,0.900390689249377,0.2443504931980689,0.39445725304743307,0.5075294056212954,"[-0.3180491693644615, 0.8067501557605993]",2.584179732720876,0.030492718115322833,0.23915248615552234,"[0.24325359738890961, 4.925105868052842]",14.129160520789911
5353.0,24.0,0.9702516548354104,0.9936012850337024,0.0831792269735216,0.8057414403500407,0.8251320433692173,"[-0.5797435077640698, 0.7461019617111131]",1.680160861969684,0.6679182277985843,0.9332201550489372,"[-5.9958346433972345, 9.356156367336602]",17.582258247071643
5354.0,24.0,0.646041136462999,0.8739733988947498,0.3014219072141269,0.3451991868710722,0.46699024197926436,"[-0.3244385361207603, 0.9272823505490142]",-0.26683908267398415,0.8074835151537693,0.964880279922775,"[-2.41313107988574, 1.8794529145377719]",1.0192502164241162
5355.0,24.0,0.10029228515033231,0.20330890969051754,0.7296519737786561,0.023714293696003044,0.048072762408277,"[0.09735118062235304, 1.3619527669349591]",-0.028841272440867094,0.9499475422412949,0.9910213225900232,"[-0.9293584894775804, 0.8716759445958462]",0.11016554577657724
5356.0,24.0,0.9151837652794645,0.9843055544897815,0.16264867526393337,0.673148156218726,0.724020679494572,"[-0.5930694141299373, 0.918366764657804]",1.757812202066492,0.4421661983554427,0.846978439121565,"[-2.7250342513535557, 6.2406586554865395]",17.285651976332836
5357.0,24.0,0.8735310431293777,0.9717035748699143,0.18052075741479282,0.602003706412642,0.6696370482899243,"[-0.49790640756038806, 0.8589479223899736]",1.8424034012751624,0.3206967700757273,0.7639529235289347,"[-1.7939973333563124, 5.478804135906637]",16.96253739642569
5358.0,24.0,0.30506985138381765,0.5423464024601202,0.4204932528522679,0.11355378632910733,0.20180164622197855,"[-0.10032408912201807, 0.9413105948265539]",-0.6051535751747696,0.3448108284496374,0.784909693716452,"[-1.8606592298042897, 0.6503520794547504]",2.3115163876511393
5359.0,24.0,0.9802577768503113,0.9948681677324512,0.04865388556030082,0.8417032393311366,0.8542608741816062,"[-0.4288250988832785, 0.5261328700038802]",-0.39121637791447217,0.9393960342332468,0.9892015094756179,"[-10.4764484792465, 9.694015723417554]",1.4943364887262858
5360.0,24.0,0.2069669000427469,0.3922799470105135,0.5759091315157309,0.06589931378983678,0.12488026111396018,"[-0.037845581591783306, 1.189663844623245]",0.8871190317225572,0.10012758008589669,0.4588777997519013,"[-0.17034592441557228, 1.9445839878606868]",20.61145490377102
5361.0,24.0,0.4938467018084608,0.754927079011033,0.43465825408938674,0.22757388763188413,0.3479191066073752,"[-0.2713685259804034, 1.1406850341591768]",-2.688935086034341,0.0015328136189641775,0.03523709468883167,"[-4.352304212160411, -1.0255659599082703]",10.270975454294309
5362.0,24.0,0.6825955347097684,0.8910965411863737,0.3116592251521134,0.37810908116466546,0.4936794374783463,"[-0.3813867808938807, 1.0047052311981075]",0.2554170569674339,0.827670358733464,0.9680100726843118,"[-2.044217084761052, 2.55505119869592]",23.024378708007568
5363.0,24.0,0.9727530594591405,0.9937724649771265,0.0876413097117671,0.814053176372448,0.8317698747036354,"[-0.6426881988587845, 0.8179708182823187]",0.027001635977489613,0.9951238388842844,0.999042938587908,"[-8.632591353782184, 8.686594625737163]",23.89686134790275
5364.0,24.0,0.8638108131496172,0.9683977725892569,0.21375629961726036,0.5873156291289202,0.6584994159983408,"[-0.5581828816532389, 0.9856954808877597]",-0.37663099166663194,0.8424565237318483,0.9708072590103425,"[-4.090717528644435, 3.3374555453111703]",1.438624417088326
5365.0,24.0,0.5839771517029431,0.8293502717358707,0.3667587639618617,0.2939545400591643,0.41743047438109104,"[-0.3181803728429311, 1.0516979007666545]",-2.659026936592707,0.006330335194015329,0.08903425026744487,"[-4.56792408046824, -0.7501297927171735]",10.156734738557498
5366.0,24.0,0.9819474602231972,0.9951833994356919,0.06622866302179903,0.848563433534377,0.8600335426549469,"[-0.6135547238798653, 0.7460120499234635]",-0.1102644740114247,0.9838205902004085,0.9971100704756963,"[-10.767175038736157, 10.546646090713308]",0.4211792660723057
5367.0,24.0,0.8084745499779473,0.9479515751594272,0.19541113820586112,0.5123940656840337,0.600896451234812,"[-0.38921768478286856, 0.7800399611945907]",1.8451932966141085,0.21160984393717908,0.6499073830994443,"[-1.0499829929893578, 4.740369586217575]",16.951880781212036
5368.0,24.0,0.9655250968292084,0.9924001547942788,0.09085028031284008,0.7910274146363734,0.8130613779796211,"[-0.5811457119658415, 0.7628462725915216]",1.1113484918002676,0.7630827161623192,0.9565635162989086,"[-6.114760429413276, 8.337457413013812]",19.754961456774353
5369.0,24.0,0.8381194822517399,0.9579603180383357,0.22665727125994806,0.5508528301182242,0.6296180479120176,"[-0.5181088611750126, 0.9714234036949088]",1.1929149905476466,0.4643172467126767,0.8558843257376529,"[-2.002233451606534, 4.388063432701827]",19.44340038158209
5370.0,24.0,0.9855352164983141,0.9958924984825324,0.04655856630559508,0.8644511969030214,0.8735359710014363,"[-0.4879895185428871, 0.5811066511540772]",-2.7908691857096546,0.6436274122367684,0.927112558312669,"[-14.614501436584007, 9.032763065164698]",10.660335034285065
5371.0,24.0,0.11201351336111752,0.22488157671374728,0.719883491670812,0.027789034701411898,0.05577887334687254,"[0.07861792637745424, 1.3611490569641698]",0.3675976804154111,0.43183550957316075,0.8397502203959197,"[-0.5489776170914664, 1.2841729779222886]",22.59588029022654
5372.0,24.0,0.8853223972071442,0.9750468729575443,0.15664483253613837,0.6207896846358796,0.6838397054812508,"[-0.4639306697464173, 0.777220334818694]",-0.4203543777048111,0.8393736523474795,0.9708072590103425,"[-4.484986408852777, 3.6442776534431545]",1.605635449488919
5373.0,24.0,0.6204354692101195,0.8556550395947036,0.2831890296416077,0.3233248784226529,0.44587299884947934,"[-0.27879264761269756, 0.8451707068959129]",-1.363583783134775,0.16301008676803186,0.5802534048490335,"[-3.279382031485831, 0.552214465216281]",5.208506385740315
5374.0,24.0,0.6789088074436858,0.8886644746139917,0.30428511314011564,0.3747459283890334,0.49050514187046257,"[-0.36761139958049294, 0.9761816258607242]",1.9126720098726997,0.08027031847758785,0.4128880090450045,"[-0.23055929843885892, 4.055903318184258]",16.694131082765985
5375.0,24.0,0.88063489745618,0.973696909584247,0.1809509200549845,0.6130927541055742,0.6778999934825013,"[-0.5204189530011216, 0.8823207931110906]",-0.045097136716808706,0.9824905676644733,0.9971100704756963,"[-4.072547466007418, 3.9823531925738003]",0.17225837346650671
5376.0,24.0,0.581720025373292,0.8288971578416815,0.3368293726560989,0.2920457763789289,0.41613818235812045,"[-0.28973255936120634, 0.9633913046734042]",1.8601016522200986,0.04296549102830294,0.29448588778823126,"[0.05889085573681441, 3.6613124487033826]",16.894935057498472
5377.0,24.0,0.7673859778133736,0.9326872666081936,0.18333385174906258,0.4641599894990065,0.5641338436751894,"[-0.3075416230801286, 0.6742093265782538]",-1.7618756586304736,0.18135478062412635,0.6112323308967923,"[-4.345464639019529, 0.8217133217585819]",6.729869284423888
5378.0,24.0,0.42227156505537133,0.6862223138751035,0.4176177418929038,0.18075085356407095,0.29366507484008275,"[-0.19392376625445984, 1.0291592500402675]",-0.5575774004638774,0.463093707051479,0.8552647739381687,"[-2.046931423268738, 0.9317766223409836]",2.1297887865637284
5379.0,24.0,0.4902022394007806,0.7523977737755718,0.3790114503028917,0.22507611254922677,0.34542067610378574,"[-0.23332388896427275, 0.9913467895700561]",-1.1092674541991832,0.16842015622271744,0.5870841641586949,"[-2.6878106426550215, 0.4692757342566549]",4.237089565122303
5380.0,24.0,0.5728153756418086,0.8228381055827283,0.47647230549095815,0.2850889510303144,0.4095747502487697,"[-0.39715345758458737, 1.3500980685665036]",1.8317227585241405,0.042924490887502866,0.2944066590363708,"[0.05834168241712945, 3.6051038346311515]",17.00333444656706
5381.0,24.0,0.9252912328196973,0.9865118820973683,0.14538996027109752,0.6932034330870555,0.7390978109567713,"[-0.5769187191077843, 0.8676986396499793]",-0.9601334247572231,0.7011227870562571,0.9400237903147177,"[-5.8632108832169445, 3.9429440337024984]",3.667439533868698
5382.0,24.0,0.6407803958686988,0.8701947430839957,0.39076481678005265,0.3405747904875117,0.46261177735331666,"[-0.41286659029374934, 1.1943962238538546]",1.4168159466549746,0.16130392361308943,0.5777019684301932,"[-0.5656992452947194, 3.3993311386046683]",18.588161727322504
5383.0,24.0,0.3903865586441765,0.6515129483380783,0.32629315024037486,0.16138876849104378,0.2692056188341014,"[-0.130373156800404, 0.7829594572811538]",-0.8571508725954189,0.22743648296533625,0.667548081685371,"[-2.2490320006065168, 0.534730255415679]",3.274075160378216
5384.0,24.0,0.6442507053363398,0.8732499760567222,0.30755172215480653,0.34385418765740516,0.4659902258536457,"[-0.3292586724089607, 0.9443621167185737]",0.5905696061156247,0.5816946197788563,0.9046577798681021,"[-1.5104865607591078, 2.691625772990357]",21.744190270724754
5385.0,24.0,0.9151218619572427,0.9843055544897815,0.15123768709901705,0.6730047270967426,0.724020679494572,"[-0.5511341017278927, 0.8536094759259268]",-1.6449199910303305,0.47082885136303443,0.8584731734461428,"[-6.1156519993924725, 2.8258120173318115]",6.283131541515678
5386.0,24.0,0.6979696139881992,0.8995613016989292,0.2776663478272657,0.3927742108380894,0.5061752608126341,"[-0.3591436943156659, 0.9144763899701973]",-1.1003155519624137,0.3361119955623849,0.7765781593921399,"[-3.342370972336157, 1.1417398684113298]",4.202895817336929
5387.0,24.0,0.9179581725885798,0.9852676399952099,0.1113839162433162,0.6784779294549748,0.7283866485998636,"[-0.41524300778992806, 0.6380108402765605]",2.9647087866949455,0.23585007400461577,0.6772692276850305,"[-1.937102936087192, 7.866520509477083]",12.675646602468573
5388.0,24.0,0.4284648206394575,0.6914068430522148,0.45904905369427174,0.1846641471457764,0.2978934459522123,"[-0.21920133947306564, 1.137299446861609]",-0.6514226772369875,0.3923425852911032,0.8158506660243361,"[-2.144057259217376, 0.841211904743401]",2.4882513389861485
5389.0,24.0,0.8539955824957497,0.9638353248904392,0.19750753453593528,0.5729048947957887,0.6466195200855402,"[-0.48912323207627895, 0.8841383011481495]",0.22318807163517373,0.9032661647770952,0.982851517978372,"[-3.3760668732880186, 3.822443016558366]",23.147484363842736
5390.0,24.0,0.8005669139899498,0.9455321020522349,0.18945998434911002,0.5026333138656551,0.593778279817667,"[-0.3644798094106001, 0.7433997781088202]",3.040782411389155,0.04964877847988071,0.3205709684233039,"[0.004668268865705372, 6.076896553912604]",12.385066760652547
5391.0,24.0,0.4959547881883844,0.7569517524242741,0.4916639832489393,0.22882513255008152,0.3493332591916829,"[-0.309109724227757, 1.2924376907256356]",-0.08702429966545999,0.9196857241634803,0.9875289639895632,"[-1.7786355174804027, 1.6045869181494827]",0.33240833906083994
5392.0,24.0,0.5924408393001099,0.8354827800029756,0.3792168811169033,0.3004795985214136,0.42380761427561864,"[-0.33861923285917295, 1.0970529950929797]",1.7783391915452196,0.056483144497624295,0.3450405894784624,"[-0.04911346675579642, 3.6057918498462356]",17.207244652116803
5393.0,24.0,0.2577869206964668,0.47075770762685687,0.6806614818899853,0.0893865822287419,0.16326316388811307,"[-0.104713938777526, 1.4660369025574966]",-1.5820046846149198,0.005227729701511204,0.07849443996263068,"[-2.692299867504796, -0.47170950172504345]",6.042812773223986
5394.0,24.0,0.890373014570682,0.9766429825594324,0.18429616209787641,0.6290760468202672,0.6900790333701922,"[-0.5635156457905288, 0.9321079699862818]",1.921313422746664,0.33920504957817854,0.7794904371607723,"[-2.018791992154164, 5.861418837647491]",16.661123316985442
5395.0,24.0,0.7301708421318271,0.9159479863222322,0.3347493205535256,0.42450744331323964,0.5326316729149807,"[-0.4867826671701677, 1.1562813082772188]",-1.3145624124341193,0.27763610034381714,0.727424475322823,"[-3.6878014352375046, 1.058676610369266]",5.021258542600726
5396.0,24.0,0.6332281214279933,0.8650307215373233,0.31776257219109305,0.33425162008128706,0.45656552394657435,"[-0.3272379786854911, 0.9627631230676772]",-0.4103033741348021,0.6995507992534398,0.9398400655607606,"[-2.494065382527909, 1.6734586342583047]",1.5672434438600897
5397.0,24.0,0.9478065237857314,0.9903030923991356,0.08742329874973706,0.7430595464683458,0.7764611256190397,"[-0.4352863031235079, 0.6101329006229821]",-1.7304502190064,0.5562932775835536,0.8951179890946906,"[-7.495020237495931, 4.034119799483131]",6.609832947103714
5398.0,24.0,0.43716254999580517,0.7003565363598289,0.3375927044315057,0.18986792048885404,0.30417802064859667,"[-0.16712485107779151, 0.8423102599408029]",0.09550048271646183,0.904042326929781,0.982851517978372,"[-1.4571118573880486, 1.6481128228209723]",23.635215026592313
5399.0,24.0,0.9643298679665485,0.9923284751869268,0.08757501368074724,0.7874255766289524,0.8104491083303922,"[-0.5489560522915441, 0.7241060796530386]",1.9450193242515592,0.5895556453916303,0.9077706636973603,"[-5.1213544654359, 9.011393113939018]",16.570573443266554
5400.0,24.0,0.48299026972332715,0.7457005862642073,0.4222686325233047,0.2201759914464405,0.33993514195837654,"[-0.2527644998144749, 1.0973017648610843]",-2.0573554247114743,0.009947774446100472,0.11814458962114575,"[-3.621710204451596, -0.49300064497135265]",7.858518852954164
5401.0,24.0,0.8872907701638377,0.9754735819743159,0.20406852731273464,0.6238687966149135,0.6858715881870201,"[-0.6115669193325073, 1.0197039739579765]",0.04175565324092645,0.9842782209456328,0.9971100704756963,"[-4.111356316712364, 4.194867623194217]",23.84050515323221
5402.0,24.0,0.4212062367932676,0.6846655344493947,0.39076377503135995,0.17993084298981454,0.29257047640620254,"[-0.1803780617209768, 0.9619056117836967]",2.8416304371440804,0.00022299735708297105,0.009449040554363181,"[1.3328670795006623, 4.350393794787498]",13.145771267715268
5403.0,24.0,0.8682353778651805,0.9705291503076017,0.2076032816589705,0.5940992030734985,0.6640947944036425,"[-0.5559376868070132, 0.9711442501249541]",2.382439742456396,0.20513558470138926,0.6392760095475456,"[-1.3028743763268054, 6.067753861239598]",14.89975052086758
5404.0,24.0,0.7161958110381261,0.9097107811813898,0.24603986238257744,0.41040429479597584,0.5214131556294954,"[-0.33977111766956114, 0.8318508424347161]",0.2355447708051983,0.8513774905181088,0.9708072590103425,"[-2.228462829011016, 2.699552370621413]",23.100285249765722
5405.0,24.0,0.4028273211347909,0.6655002827272277,0.47719343451494234,0.16878593010321297,0.2788006774086768,"[-0.20246031607137538, 1.15684718510126]",0.5172092400458412,0.48524895951931146,0.8677556500702994,"[-0.9353382712736142, 1.9697567513652967]",22.02440622801364
5406.0,24.0,0.9140823523147626,0.9842673633976802,0.11491918576575375,0.6712471312660554,0.7228908203806051,"[-0.4157542891251178, 0.6455926606566254]",-2.447393649073681,0.3022864271877099,0.7511702972573765,"[-7.09751984048883, 2.202732542341468]",9.348355126602906
5407.0,24.0,0.9956544074569785,0.9987202807390857,0.026614404015042083,0.9256706885513987,0.9285491910436339,"[-0.532518647883051, 0.5857474559131353]",1.107636814930821,0.9157799967084373,0.986565242976216,"[-19.42106152804726, 21.636335157908903]",19.76913901807673
5408.0,24.0,0.7077352889024354,0.9053821939325685,0.28496428464317575,0.4021160263961878,0.5144236131352472,"[-0.3816478875206282, 0.9515764568069798]",-0.3140214863062738,0.7986941309694926,0.9641380320458821,"[-2.7272775301472287, 2.099234557534681]",1.1994737227849777
5409.0,24.0,0.6666916821795825,0.8837376487004011,0.3759961715377107,0.3636821357492981,0.48208130401550653,"[-0.4352789474981288, 1.18727129057355]",-1.0799356053322127,0.31625966839823627,0.7599756422207345,"[-3.1919793762309663, 1.032108165566541]",4.125050155429436
5410.0,24.0,0.8580963005991449,0.9652149455546273,0.19672123421903498,0.5788960928528462,0.6512058038034556,"[-0.4979958629405872, 0.8914383313786571]",2.7861344375730295,0.13313062405822257,0.5264160698229441,"[-0.8498142700191469, 6.422083145165206]",13.357750371400671
5411.0,24.0,0.11270023172725555,0.22607869955317061,0.5844067081619638,0.02798544241796444,0.05615056664920634,"[0.06316843193565258, 1.1056449843882752]",-1.4427354231933505,0.0009996102535465093,0.02603151701944035,"[-2.302055360667575, -0.5834154857191256]",5.510843380199982
5412.0,24.0,0.14718027576128825,0.28853220106114147,0.603264102151679,0.04076018956988001,0.07990627243654189,"[0.025356798118957302, 1.1811714061844008]",3.0390842065327734,2.1249509396697914e-09,1.0668002531897e-06,"[2.0443380823316644, 4.033830330733883]",12.391553425387166
5413.0,24.0,0.7135010045488823,0.9082242929593717,0.22237494562941143,0.4076691086563443,0.5190717782247835,"[-0.3040086188431823, 0.7487585101020051]",-3.069296010750871,0.014427814935185046,0.15021193627201415,"[-5.528269115755178, -0.6103229057465636]",11.723847166157668
5414.0,24.0,0.5867101256145526,0.8310341722585731,0.35098707937503554,0.2958999296103464,0.4191946431296127,"[-0.30714383396933237, 1.0091179927194034]",-1.4226095286388913,0.122891715833559,0.5087252596443482,"[-3.22994412928363, 0.3847250720058475]",5.433968125740259
5415.0,24.0,0.594061013137402,0.8367860945067521,0.3997709671455192,0.30206578514596694,0.4253848544514392,"[-0.359460074315473, 1.1590020086065114]",2.4304522500163808,0.012630362712387627,0.13698874959205667,"[0.5204478344379191, 4.340456665594843]",14.716356251065774
5416.0,24.0,0.9900511250635141,0.9967292107757114,0.047935031461836045,0.8875632612938402,0.8935500466061012,"[-0.6165541067838727, 0.7124241697075449]",2.7312092792450002,0.7067935895027035,0.9433451247667436,"[-11.499406247016376, 16.961824805506375]",13.567549022152932
5417.0,24.0,0.3097118339670974,0.5485508926090992,0.41219090244622486,0.11579357067384277,0.20515172843116422,"[-0.10150593176715855, 0.9258877366596083]",0.16042238822743293,0.80781457658528,0.964880279922775,"[-1.1321853992609598, 1.4530301757158257]",23.38723161434393
5418.0,24.0,0.48451343200227026,0.7473599136237394,0.41444407592573473,0.22125261397542262,0.3412285841693748,"[-0.24962781230873765, 1.0785159641602071]",2.5832008589759683,0.0018904507540249544,0.04092864428983263,"[0.9536209727310196, 4.2127807452209165]",14.13289954307387
5419.0,24.0,0.8187877440759982,0.9516361507159439,0.1949652135382615,0.5255414691194443,0.6108106335651375,"[-0.4069704276824794, 0.7969008547590023]",-0.9790928274966264,0.5282682131180183,0.8840013597459259,"[-4.021955214539084, 2.063769559545831]",3.7398591178058034
5420.0,24.0,0.5123114865892578,0.7701615853717045,0.465632815701607,0.24026834698163602,0.361305784934791,"[-0.31152026457123627, 1.2427858959744502]",-1.4439224983626655,0.07841292729965144,0.4075986144065418,"[-3.0519251437330075, 0.1640801470076767]",5.515377673344417
5421.0,24.0,0.44098139012156884,0.703768576638316,0.4269856355539773,0.19236088456118028,0.3070405180545575,"[-0.2149745610088376, 1.0689458321167922]",-2.8997313923708092,0.0002586137187340071,0.010386093121847675,"[-4.455295011169482, -1.3441677735721367]",11.076158033629406
5422.0,24.0,0.6093315384445002,0.8475051893730141,0.29905914594052657,0.3143440393352902,0.4371961604106957,"[-0.28350399639068874, 0.8816222882717419]",-2.6276800135396865,0.009547266743714932,0.11558434314424856,"[-4.614769927569835, -0.6405900995095379]",10.03699831244687
5423.0,24.0,0.7977290475389917,0.9446389325620295,0.22656241214874304,0.4993997855115898,0.5913154327440888,"[-0.43087247173813314, 0.8839972960356193]",2.6756504915804964,0.0773553371298894,0.40478983322809736,"[-0.29346699518001085, 5.644767978341004]",13.779767958688904
5424.0,24.0,0.6770544187418013,0.8880044981876918,0.26801695286190647,0.3730682998994759,0.4892540662263838,"[-0.32172098154693235, 0.8577548872707452]",1.181089637226215,0.2795939767180752,0.7296533786976455,"[-0.9598878691990818, 3.3220671436515117]",19.488569904020025
5425.0,24.0,0.2563306048639636,0.46835484170283864,0.40996070325929657,0.08879932055699367,0.16224980916680737,"[-0.0622008101479779, 0.882122216666571]",-0.3993261260248042,0.5082515390691098,0.8765980321992236,"[-1.5823808268870163, 0.7837285748374079]",1.5253134447020338
5426.0,24.0,0.9766788906345083,0.9944981775987023,0.05988950146658855,0.8279767066003799,0.8432393386295752,"[-0.48029805473108667, 0.6000770576642638]",0.33712973590231154,0.9433273694504046,0.9899283388510246,"[-8.95780137123148, 9.6320608430361]",22.712259265629164
5427.0,24.0,0.733548135914198,0.9179678837619797,0.29864157641959793,0.42823151594389575,0.5358252201500197,"[-0.44020066746888104, 1.037483820308077]",-0.8360451635847443,0.5061055027564914,0.8752594956712603,"[-3.3004517153345017, 1.628361388165013]",3.1934572903820237
5428.0,24.0,0.872457825451594,0.9711122638619929,0.20707125979184965,0.6003609369780022,0.6683432139553548,"[-0.5676310012799068, 0.9817735208636063]",-1.870566911310779,0.3117376040290605,0.757560761484743,"[-5.4948317863985245, 1.753697963776967]",7.145039287661987
5429.0,24.0,0.8266069258024888,0.9537405397513428,0.22572234839958927,0.5356041475114603,0.6179810170894893,"[-0.4884443094038864, 0.9398890062030649]",0.5167808059076604,0.7536031680563309,0.9552799279805988,"[-2.710036693247695, 3.7435983050630157]",22.02604272587478
5430.0,24.0,0.8402301679461845,0.9587751665643991,0.18931514920515927,0.553592827019139,0.6319552819853186,"[-0.43705265462638854, 0.815682953036707]",-1.6343016721868846,0.3145098278596691,0.7590518680559124,"[-4.818989927811499, 1.5503865834377297]",6.242572551165432
5431.0,24.0,0.439951123134554,0.7029082600753369,0.4663730954354155,0.19193506622758216,0.3065565664072547,"[-0.23413365992590618, 1.1668798507967373]",-0.6439095085216824,0.4058342148634194,0.8236943674922252,"[-2.162158274319466, 0.8743392572761013]",2.459553148442368
5432.0,24.0,0.8412253442791333,0.9588799091292982,0.1935056017495617,0.5552429917475395,0.6328997968169834,"[-0.4493998265117066, 0.83641103001083]",-2.3462782677169174,0.16599831400996545,0.5842585000380387,"[-5.66615759930581, 0.9736010638719756]",8.962122820229682
5433.0,24.0,0.5111149518031255,0.769403811234571,0.3502958640873376,0.23967311354652243,0.36076826209764573,"[-0.23361705007255773, 0.9342087782472329]",-2.598914567863188,0.0026868986421933585,0.05137473503237779,"[-4.296015941483597, -0.9018131942427796]",9.927122403575124
5434.0,24.0,0.6608589136154128,0.8809347560636325,0.3045364213401548,0.35823862994598077,0.4777352594895891,"[-0.34514593655959624, 0.9542187792399058]",-2.9547426428031645,0.008816773124555108,0.10952513198205102,"[-5.165898134447836, -0.7435871511584926]",11.286285531996818
5435.0,24.0,0.35657148787307436,0.6116149020121344,0.4715694014643656,0.14172842093606802,0.24301855441712622,"[-0.15744144779405594, 1.100580250722787]",0.8659368532721681,0.2004510051328,0.6341379472723822,"[-0.4597273434568703, 2.191601050001206]",20.692364865511035
5436.0,24.0,0.9019360843031287,0.9803653090251399,0.1775278539343747,0.6489414374694145,0.7053711276841461,"[-0.5868016302279087, 0.941857338096658]",0.399008377473387,0.8596432128239327,0.9718046448331139,"[-4.023596989449762, 4.821613744396536]",22.475900265360806
5437.0,24.0,0.7029811958344596,0.9020674911259587,0.28683547975149104,0.39765997933455244,0.5102784285057775,"[-0.37783942252054126, 0.9515103820235233]",-0.56827653453729,0.6362582211813568,0.9241223256083614,"[-2.923351001328391, 1.786797932253811]",2.170656468353805
5438.0,24.0,0.9235681776181293,0.9862215899768196,0.13514820652010476,0.6897332402380439,0.7366344106153624,"[-0.5283644877045988, 0.7986609007448082]",-2.237839375262956,0.36733408619047037,0.7999730025151883,"[-7.1032751372573975, 2.6275963867314855]",8.547916762050681
5439.0,24.0,0.5804590743270832,0.8280770846332681,0.401971932025471,0.2912015182587121,0.41524486081807654,"[-0.3444594861930349, 1.148403350243977]",-2.067836220941647,0.025824362717509448,0.21342448526867314,"[-3.886216784668214, -0.24945565721508012]",7.898552545615866
5440.0,24.0,0.8024300048691921,0.9464161733347914,0.17713685026745282,0.5048850179560707,0.5955237296014044,"[-0.3435136054815492, 0.6977873060164549]",1.5435229205076624,0.2848111041215361,0.7346806579540356,"[-1.2849390068945308, 4.3719848479098555]",18.104176738213607
5441.0,24.0,0.4236052239175427,0.6874476207684886,0.48244330149969733,0.18136914355856004,0.2943348645870822,"[-0.22502785445969958, 1.1899144574590943]",-1.767937334651391,0.014349534302515767,0.15004147416580854,"[-3.1831899375513464, -0.3526847317514352]",6.753023181275502
5442.0,24.0,0.5056696926788297,0.7654703189204204,0.3176902883453564,0.23590954515403628,0.35706000477377975,"[-0.20764147061413374, 0.8430220473048465]",-2.274636089631896,0.006668575888288355,0.09210740177193859,"[-3.917937037895835, -0.6313351413679567]",8.688469857603257
5443.0,24.0,0.5191317518944545,0.7766782643543604,0.33061423877510754,0.24510813836364842,0.36681852493811495,"[-0.2268876673801825, 0.8881161449303976]",-1.467717737785824,0.07648956447738062,0.4042144658105994,"[-3.0916471268769072, 0.15621165130525938]",5.606268792774436
5444.0,24.0,0.15567486407370576,0.30381511333666233,0.6445279253380704,0.04410317064212459,0.08608856264322583,"[0.017015176378708308, 1.2720406742974324]",-3.016184347547911,4.923371254896114e-09,2.344462502331483e-06,"[-4.026761061367156, -2.0056076337286655]",11.520975556527677
5445.0,24.0,0.18882085910732552,0.3613796346551685,0.6689441756466381,0.05789409927510215,0.11080210387579359,"[-0.02238575887531502, 1.3602741101685911]",-2.710016364932378,5.369593626380178e-07,0.00010131308729019204,"[-3.7696503130923107, -1.6503824167724452]",10.351500008134025
5446.0,24.0,0.04088087429256029,0.08951362884291722,0.6190105401973219,0.006482092951102668,0.014193328117150576,"[0.17335082663235024, 1.0646702537622936]",0.5795148018715262,0.12029499656650716,0.504381536966487,"[-0.15160936529210756, 1.3106389690351599]",21.78641651249343
5447.0,24.0,0.30536875228392973,0.5426848272328589,0.47337150943326667,0.11349786983878059,0.20177399082449882,"[-0.11284931885623795, 1.0595923377227714]",-0.1417905354353346,0.8287787884469952,0.9685389604382321,"[-1.4267898857126982, 1.143208814842029]",0.5415999503563211
5448.0,24.0,0.6769536709765707,0.8880044981876918,0.3377025074728241,0.37304268461549506,0.4892540662263838,"[-0.4053299922874764, 1.0807350072331245]",-0.48687947413276333,0.6712538149160662,0.9336370835139726,"[-2.7352386205571193, 1.7614796722915926]",1.8597425999570851
5449.0,24.0,0.6894539972821017,0.8948137537730068,0.2727033651740471,0.3847469253217819,0.4993459672162481,"[-0.3422288648058249, 0.887635595153919]",-2.5592452219964734,0.028458402067841487,0.2276672165427319,"[-4.8487192319512324, -0.26977121204171484]",9.775596663961291
5450.0,24.0,0.4328017868848752,0.6961996097921522,0.45693145764522236,0.1872470006194239,0.30118546022104536,"[-0.22216436550401553, 1.1360272807944602]",2.7632836349836656,0.00039471031397394016,0.01409679692764072,"[1.2349104361945213, 4.29165683377281]",13.445034007857815
5451.0,24.0,0.26542713240715127,0.48338578110936303,0.47089824632393656,0.09333925867477297,0.169985901793431,"[-0.07911457426386054, 1.0209110669117336]",-0.5926551488482703,0.3269778795492121,0.7687404811771833,"[-1.7776784867528383, 0.5923681890562977]",2.2637759157135653
5452.0,24.0,0.9313113837320343,0.9878137795754037,0.13214369627268077,0.7056712464190829,0.7491997520109172,"[-0.5536209197772369, 0.8179083123225984]",2.0597290559972414,0.42672236164962296,0.8358910120462743,"[-3.0194473197125697, 7.138905431707053]",16.13241454339286
5453.0,24.0,0.6999637218224657,0.900390689249377,0.308996083270248,0.3944760018926352,0.5075294056212954,"[-0.4022207506467897, 1.0202129171872858]",-1.4644393645346394,0.19538655682008566,0.6279387127314469,"[-3.6811764867832393, 0.7522977577139605]",5.593746329377006
5454.0,24.0,0.8522947567103111,0.9630259211513128,0.1517595144759546,0.5704434469221968,0.6446596247377803,"[-0.3724631717354474, 0.6759822006873566]",-1.7139155387901823,0.31295486341434775,0.7577599598410357,"[-5.043029001783325, 1.6151979242029606]",6.546675120971199
5455.0,24.0,0.9921010672755366,0.9969916879982195,0.04020183303493081,0.8998135492870245,0.9042966543467269,"[-0.5856607171704057, 0.6660643832402674]",0.4919942712164529,0.9516497487128903,0.9915249937717022,"[-15.411164872533835, 16.39515341496674]",22.120720314312166
5456.0,24.0,0.5910386275027191,0.8338581087792312,0.33869744738658286,0.2993116628079222,0.4222794339840889,"[-0.3008901794267001, 0.9782850741998659]",-0.07441632903355178,0.940729129632943,0.9892015094756179,"[-2.0360372104282067, 1.8872045523611034]",0.2842494386986246
5457.0,24.0,0.8519899813141252,0.9630259211513128,0.19580506095884112,0.5700067030936018,0.6443666098729389,"[-0.47979836254368224, 0.8714084844613644]",-1.7050080954065665,0.31483733033983174,0.7590518680559124,"[-5.029727971775163, 1.6197117809620298]",6.512651193495671
5458.0,24.0,0.970723997355043,0.9936899468403179,0.07472061053693588,0.8073025362879451,0.8265614173112984,"[-0.5257109644338883, 0.6751521855077601]",-1.3528921247838097,0.7325816222144411,0.9514047041745989,"[-9.113122966405234, 6.407338716837614]",5.167667259106574
5459.0,24.0,0.5732249423502583,0.8230090935257159,0.2615210875376082,0.2854790894769599,0.40988332965648944,"[-0.21837389612566538, 0.7414160712008818]",-2.7722316101605986,0.004002514287922695,0.06615726095739992,"[-4.66018956594435, -0.8842736543768477]",10.589144739663922
5460.0,24.0,0.9356352605483245,0.9878137795754037,0.11536866374945529,0.7150493058865308,0.7552274037669316,"[-0.5039927032953585, 0.7347300307942691]",0.6197500402093956,0.8231874609445168,0.9666963285808975,"[-4.816378394062057, 6.055878474480848]",21.632729222862572
5461.0,24.0,0.4436447149995933,0.7069133196281149,0.4344035293896998,0.1940211172581804,0.3091969996146301,"[-0.2211489698711539, 1.0899560286505534]",-0.14364251843294618,0.8573092755967429,0.9714417537448703,"[-1.7094575821193985, 1.4221725452535061]",0.5486740043225299
5462.0,24.0,0.7215100045645959,0.9121491840260377,0.2287867275627788,0.41579768656797245,0.5256607921213305,"[-0.322270581034438, 0.7798440361599956]",-1.2047851779571346,0.3130542346155065,0.7578170772585487,"[-3.5454432766776947, 1.1358729207634255]",4.601940394457442
5463.0,24.0,0.8148299372708563,0.9499730215664026,0.219847770578132,0.5205629458167225,0.6068581788490586,"[-0.450827009780741, 0.8905225509370049]",-2.383140058102036,0.1265259469791188,0.5145422813302919,"[-5.440099334258285, 0.6738192180542124]",9.102924487853898
5464.0,24.0,0.8651701982021253,0.9691567107705251,0.1526480320674955,0.5894376507814267,0.660212422470236,"[-0.40175578633077663, 0.7070518504657677]",-2.131435046462352,0.24215463168795304,0.686857005583717,"[-5.70314397299623, 1.4402738800715262]",8.141482164570887
5465.0,24.0,0.6495072517794094,0.8761732790765,0.3087104332964459,0.348457422890633,0.47000404559840603,"[-0.3366294071168131, 0.9540502737097049]",-0.9481032861214329,0.3681594637282475,0.8007965373156024,"[-3.0129926649557355, 1.1167860927128697]",3.6214877891494948
5466.0,24.0,0.5878478394903912,0.8318132454789137,0.3841110942784858,0.29699582736674224,0.4201978315884865,"[-0.33776617933247977, 1.1059883678894513]",-2.0301959386110564,0.030212866686722947,0.23789658808443265,"[-3.8661817864682426, -0.1942100907538704]",7.754777257800954
5467.0,24.0,0.9323508840208246,0.9878137795754037,0.14206915732496897,0.7079509985642543,0.7508229913715709,"[-0.6012396040159143, 0.8853779186658521]",2.390814687257995,0.3717278346010783,0.803735858596926,"[-2.8551467327649025, 7.636776107280893]",14.86776058814847
5468.0,24.0,0.7860047753598433,0.9397892930302288,0.2315550144482584,0.48554709746349056,0.5805896179164063,"[-0.4191961581678333, 0.8823061870643502]",-0.5041944895029076,0.7304773590510731,0.9506810952450392,"[-3.3727866123772237, 2.3643976333714085]",1.9258810868179794
5469.0,24.0,0.5612170356680802,0.8126088015168977,0.39849438706721957,0.2764469562309556,0.400222194325753,"[-0.31914694354985024, 1.1161357176842894]",0.8798244468011811,0.3348036430608161,0.7759432255686499,"[-0.9081008672572319, 2.667749760859594]",20.639318165723992
5470.0,24.0,0.9424504892036335,0.9886639316868188,0.11514194523504889,0.7304608758750756,0.7663095489625846,"[-0.5399113467961079, 0.7701952372662055]",2.318824980779505,0.42303797080824446,0.8330768809375543,"[-3.3539533915765496, 7.9916033531355595]",15.142741011455342
5471.0,24.0,0.6339852141016273,0.8653906826394039,0.2593976880009448,0.3350413073427869,0.4572694245158822,"[-0.2679936685983984, 0.7867890446002881]",-0.9123740433202876,0.3744992425424677,0.8058196345601851,"[-2.9259606178416444, 1.1012125312010692]",3.485012134635908
5472.0,24.0,0.13898741659606362,0.2739864874561228,0.7312181211570444,0.03764975683722028,0.07423059313332074,"[0.04175001949587287, 1.420686222818216]",-1.8790991909909032,5.56501848974545e-05,0.003549710533690962,"[-2.792865550072033, -0.9653328319097734]",7.17763019534841
5473.0,24.0,0.9388093083081276,0.9880486751993395,0.1127893499163687,0.7219333528042053,0.7600482780475323,"[-0.5083904983827389, 0.7339691982154762]",1.6099915580133182,0.5515998539218995,0.8939184893512985,"[-3.6901657427881673, 6.910148858814804]",17.850285244943002
5474.0,24.0,0.9199265349034803,0.9859416571445778,0.1363200029672916,0.6823396601471792,0.731339399943386,"[-0.5165024214615929, 0.7891424273961761]",-2.8994890459498146,0.25140181580002874,0.6995042175849436,"[-7.854272135292582, 2.055294043392953]",11.0752323384892
5475.0,24.0,0.3079003457158636,0.5462131376900189,0.6913454938262676,0.11481550708000338,0.20371807501774908,"[-0.1679359806189089, 1.5506269682714442]",-1.4978206207035853,0.014143899611445876,0.14862660802474495,"[-2.6943029477819698, -0.3013382936252009]",5.721253335598716
5476.0,24.0,0.5984508786254056,0.8404028628358455,0.3847460141043028,0.3053072145183563,0.4288022675819611,"[-0.3508647790148422, 1.1203568072234478]",0.22454668368003183,0.8240452998523208,0.9666963285808975,"[-1.7548247978565534, 2.203918165216617]",23.142294848098338
5477.0,24.0,0.9924858196113937,0.9971144483581366,0.04127561932212745,0.9023037652485446,0.9065646189576456,"[-0.6177683100527934, 0.7003195486970483]",0.7951174618515555,0.9221903906562053,0.9878688510655973,"[-15.15985617000928, 16.750091093712392]",20.962875014583442
5478.0,24.0,0.10679986041916902,0.21549608639864612,0.5806934844782246,0.026013578344498387,0.05248601418053679,"[0.06940250865514519, 1.0919844603013038]",1.0244361886547146,0.02028039490772341,0.18572884566668327,"[0.15939756008934525, 1.889474817220084]",20.086942000641137
5479.0,24.0,0.6612166257106488,0.8810787287045051,0.231194769951281,0.358831657858688,0.4780597626681161,"[-0.2626332289602815, 0.7250227688628434]",2.516659612957776,0.022523540105818234,0.19844528727593158,"[0.35460273396581865, 4.678716491949733]",14.387068380432812
5480.0,24.0,0.38157921398356376,0.6414174045781875,0.5102170021415947,0.15589971614846992,0.26211730837314157,"[-0.19451072215074683, 1.2149447264339361]",0.1377270010489564,0.850617982368028,0.9708072590103425,"[-1.2956080240702248, 1.5710620261681376]",23.473921607660063
5481.0,24.0,0.5860968118732293,0.8306360712489077,0.3988802377261173,0.2956167836017961,0.4189580266465364,"[-0.34861608821539253, 1.146376563667627]",2.039223050382782,0.029114262641531104,0.23180145415231773,"[0.2074535170286953, 3.870992583736869]",16.210741715151528
5482.0,24.0,0.7583253270074609,0.9289787173924549,0.2549485477373582,0.4542821552096661,0.5565819103279418,"[-0.4128226893722472, 0.9227197848469636]",-1.2136122828333837,0.34982763195947686,0.788972827902179,"[-3.757816064967479, 1.3305914993007115]",4.635657451439338
5483.0,24.0,0.46541537217920426,0.728805781677426,0.36144622345696226,0.2084874414522645,0.32637436428338323,"[-0.20180542969425647, 0.924697876608181]",0.6532530829635048,0.415985465858434,0.8288815882747501,"[-0.9208106869207817, 2.2273168528477916]",21.504757026152117
5484.0,24.0,0.4941553663107982,0.7552428034705765,0.36503413606031887,0.22780419420715825,0.3481115437150951,"[-0.22819414140321992, 0.9582624135238577]",0.4794791301576611,0.5716441601979751,0.900856834990216,"[-1.1819585037186813, 2.1409167640340034]",22.168524631824145
5485.0,24.0,0.7345395153307583,0.9186337110189574,0.25998124711844384,0.4291817776649529,0.5367455948786305,"[-0.38454020852603044, 0.9045027027629181]",-2.601463187065127,0.043407945840968874,0.29589601800251447,"[-5.125904619910699, -0.07702175421955504]",9.936857411832262
5486.0,24.0,0.6266214014929257,0.8602710069919353,0.3271272407700638,0.32848094446594767,0.4510532633185174,"[-0.3290044843473849, 0.9832589658875124]",-1.440475286432184,0.14403735914897453,0.5438174959963109,"[-3.3730105475050696, 0.4920599746407017]",5.502210293697501
5487.0,24.0,0.6305219583779698,0.8626651503324254,0.3642163446547446,0.3320993325082272,0.4543704097800345,"[-0.3717928689035096, 1.100225558212999]",0.8923563690697831,0.38288830385071837,0.809701846218668,"[-1.1120129606918794, 2.8967256988314456]",20.5914497487122
5488.0,24.0,0.5895586465954554,0.8328275838331056,0.346371417532316,0.2981734447799058,0.42120842602049136,"[-0.3061686463220155, 0.9989114813866475]",-1.3863103703899151,0.13492488101333525,0.5283995738321321,"[-3.2038294962113634, 0.4312087554315329]",5.295315554570671
5489.0,24.0,0.29494752776661814,0.5275398457639386,0.5554563123299968,0.10830416017608457,0.19371160825627717,"[-0.12248123030438451, 1.2333938549643781]",-2.392958395788603,0.00012714732217673173,0.0066569278626561115,"[-3.6169173582616203, -1.1689994333155853]",9.1404277752722
5490.0,24.0,0.6784863394696804,0.8886527039550497,0.29889828100288346,0.3743285385560985,0.490287060877539,"[-0.3605270210366172, 0.9583235830423842]",-1.2687443877461337,0.24466415077529102,0.6899722244086041,"[-3.40616657543062, 0.8686777999383524]",4.8462465799175405
5491.0,24.0,0.9130142029464646,0.9839575417032704,0.157913188233949,0.669045657330746,0.7210320695449358,"[-0.5661440278853764, 0.8819704043532743]",-1.3679229766650174,0.5446662760697691,0.8913963247933143,"[-5.793813420398549, 3.057967467068514]",5.225080884125206
5492.0,24.0,0.6192165605361779,0.854815979446913,0.3343022690425704,0.32248995782648704,0.445120714736352,"[-0.32796865485769483, 0.9965731929428356]",-2.0496923602053476,0.03814885901066275,0.2728816810490897,"[-3.9873843249922682, -0.11200039541842721]",7.829248102664994
5493.0,24.0,0.9523216780208712,0.991078205928571,0.11431815296011466,0.7543377049447276,0.7853594012959163,"[-0.6016985299172732, 0.8303348358375027]",1.5828763612530876,0.6067295658440772,0.9135497973457457,"[-4.444120240961132, 7.609872963467307]",17.953857667278204
5494.0,24.0,0.8846580563821678,0.9749979007123574,0.18291312169739518,0.6198177785012209,0.6829959386738151,"[-0.5397171996850831, 0.9055434430798734]",-2.2741746710502477,0.25623018078445203,0.7054299087414294,"[-6.200113215809392, 1.6517638737088958]",8.686707368448769
5495.0,24.0,0.7897644703639447,0.9416531183545305,0.24306884363066483,0.48972079248706546,0.583977822628826,"[-0.4466222572794686, 0.9327599445407982]",-1.544659453142307,0.26752603232569105,0.7164596473639289,"[-4.275122478852275, 1.1858035725676603]",5.900164496669329
5496.0,24.0,0.3475851126499981,0.6002267984194045,0.46405741782425025,0.13660373789966912,0.23584899499252263,"[-0.14696055089342652, 1.075075386541927]",0.5367419915300831,0.4327797991953247,0.840349124651116,"[-0.8043293424690627, 1.8778133255292289]",21.949796613191978
5497.0,24.0,0.312166438581061,0.5517257663150602,0.5832258735561748,0.11731165595715945,0.20730103544293949,"[-0.14665053740658585, 1.3131022845189355]",-0.6244683381254319,0.3339499077589493,0.7747226475057227,"[-1.8912351825109162, 0.6422985062600524]",2.385293347609046
5498.0,24.0,0.9424933260770444,0.9886639316868188,0.12538939407855224,0.7305228930260319,0.7663095489625846,"[-0.5881334135919969, 0.8389122017491013]",-0.5524472464098524,0.851645189245856,0.9708072590103425,"[-6.342087173479032, 5.237192680659327]",2.1101930415272245
5499.0,24.0,0.3797271804513521,0.6393789871213204,0.5455511391724145,0.15509360608272985,0.2611003469406227,"[-0.2065128887474713, 1.2976151670923004]",-0.7442359427007998,0.2915215913307,0.7408030449388471,"[-2.1271427632195468, 0.6386708778179471]",2.8427718985797332
5500.0,24.0,0.6855660691366037,0.8927803999695321,0.39980533556937203,0.38106462442479316,0.4962425112967745,"[-0.4947848224842649, 1.2943954936230089]",1.0425603392252034,0.35202836822844574,0.7907196051851881,"[-1.1530600313398356, 3.2381807097902424]",20.017712844977897
5501.0,24.0,0.2986885877728961,0.5326116044452498,0.5506916352993689,0.11002558943368129,0.19619398971769134,"[-0.12470448537624224, 1.22608775597498]",-1.3680420645689857,0.023517592354176515,0.2029127899411261,"[-2.5518866314300794, -0.18419749770789173]",5.225535766411102
5502.0,24.0,0.8933662724534831,0.9774404695256799,0.15493749503565593,0.634001892608199,0.6937322383282623,"[-0.48289236417362547, 0.7927673542449373]",-0.05600761154148248,0.9795246104051818,0.9967274161587315,"[-4.333166222645991, 4.221150999563026]",0.213933317462343
5503.0,24.0,0.5080252071025645,0.767133710946148,0.3916395430440145,0.23723421118680443,0.358251602517071,"[-0.257807209818523, 1.041086295906552]",-1.6542503219856535,0.04227312288419171,0.29133785585245836,"[-3.250782233096374, -0.057718410874933124]",6.31877078052903
5504.0,24.0,0.8563320589913799,0.9647684330924018,0.17379323055405124,0.5762168333923557,0.6492584038223727,"[-0.4356480700416886, 0.7832345311497911]",0.016992094841817185,0.9927083168957355,0.999042938587908,"[-3.627199856810421, 3.6611840464940553]",23.935094978698523
5505.0,24.0,0.8501389116128404,0.9627484139121946,0.21722703711756058,0.5675977445826599,0.6427332630309817,"[-0.5276336863335267, 0.9620877605686478]",2.5702269294482836,0.14821865003442364,0.5525512270845295,"[-0.9139134781738281, 6.054367337070396]",14.182456303449637
5506.0,24.0,0.45441047934528567,0.7179510116091645,0.4420753355629067,0.20119478639915656,0.31782096411712163,"[-0.2358172124470278, 1.119967883572841]",-0.5112077895205429,0.5218926641646245,0.8833474069819929,"[-2.075700153617187, 1.053284574576101]",1.952669919582615
5507.0,24.0,0.5153027236601063,0.7736116553972471,0.4585084802612119,0.24249606937773238,0.36405354958374475,"[-0.3103850130099836, 1.2274019735324073]",-0.32796269830443503,0.7100399271154119,0.9447289007555106,"[-2.0568244860249045, 1.4008990894160342]",1.2527252300377631
5508.0,24.0,0.4670470644087034,0.7301032740483092,0.3697939634470683,0.2095610957125965,0.3275927711624144,"[-0.2078266270627087, 0.9474145539568453]",-0.6335741675760493,0.4319252757717884,0.8397502203959197,"[-2.2136484718883715, 0.9465001367362729]",2.420075054041466
5509.0,24.0,0.1243986878551274,0.24760885321482365,0.6613234594069818,0.03229379943781909,0.06427905939056348,"[0.05585008492722576, 1.2667968338867377]",0.7861158281680511,0.09238006530356987,0.44074458637199365,"[-0.12938163627960564, 1.701613292615708]",20.997258722502615
5510.0,24.0,0.8171681280524503,0.9512451842980602,0.2868275954648107,0.5234270562730543,0.6092870845429621,"[-0.5942204477887334, 1.1678756387183549]",-2.059333810384305,0.17940571729225852,0.6078928438153997,"[-5.065634236396467, 0.9469666156278569]",7.866075729574321
5511.0,24.0,0.8938461979063275,0.9777359417045804,0.15015125047300162,0.6349742628065018,0.6945682157148346,"[-0.4697517426124741, 0.7700542435584773]",-0.4679471563323654,0.8280985918064767,0.9680959605934224,"[-4.691747693955914, 3.7558533812911836]",1.7874264728662048
5512.0,24.0,0.3618399009941592,0.6167375166084186,0.3590686478994737,0.14452486839312026,0.24641480509327326,"[-0.1232419048832743, 0.8413792006822216]",-0.2826200118248403,0.6897453855215607,0.9373185088522442,"[-1.6702056392751425, 1.104965615625462]",1.079528925566718
5513.0,24.0,0.2187503338809647,0.4104903994763834,0.518919633620556,0.07111675616697982,0.1334523478457118,"[-0.04463453822910268, 1.0824738054702148]",1.1590665536690308,0.03177569382160915,0.24556177605571217,"[0.10108103192404072, 2.2170520754140206]",19.572691886666068
5514.0,24.0,0.7859206856580645,0.9397892930302288,0.2683077429177762,0.48553291961036493,0.5805896179164063,"[-0.48570704459765296, 1.0223225304332053]",-2.435141405314214,0.091391317411779,0.4389109269947067,"[-5.262449555703258, 0.39216674507482985]",9.301555002804042
5515.0,24.0,0.3308711336465597,0.5771451687285147,0.5185881137363049,0.12730050166438045,0.22212184437084112,"[-0.14798543527640273, 1.1851616627490125]",-1.9988761036308231,0.0017733862429442312,0.03909254844268443,"[-3.252238287936782, -0.7455139193248643]",7.635144300506716
5516.0,24.0,0.4150158281049313,0.6786849192231093,0.43874916822404053,0.17626398762528195,0.28829569451305515,"[-0.19713191546898812, 1.0746302519170692]",0.5741575410000239,0.4446819497878166,0.8474209762881348,"[-0.8981857151063637, 2.0465007971064115]",21.806879741672606
5517.0,24.0,0.10070654485241493,0.20406594701603836,0.7172037956783314,0.023884750466982702,0.048398683823673155,"[0.09493408799319691, 1.339473503363466]",-1.2792444107452035,0.0028441095319589322,0.05328883800749113,"[-2.1194543223703146, -0.43903449912009207]",4.886353713426673
5518.0,24.0,0.9259071312107876,0.9867884278163261,0.16038661757581493,0.6942766245609399,0.7400091926678105,"[-0.6393731461521135, 0.9601463813037434]",3.0471744038592337,0.24879034490498453,0.695756657100674,"[-2.1313488707021686, 8.225697678420635]",12.360651147904886
5519.0,24.0,0.8038999325535082,0.9465322931489172,0.21375825432431927,0.5068594273597824,0.5968229246744594,"[-0.4174544739441476, 0.8449709825927861]",2.7106622341004187,0.07931686561105392,0.40988109906793946,"[-0.317154808081733, 5.73847927628257]",13.64603295336955
5520.0,24.0,0.9967617771214424,0.9987202807390857,0.028812415779153062,0.9358082940401513,0.937782745654228,"[-0.6723515620342569, 0.729976393592563]",-1.3807547142980443,0.908246562848827,0.9846240597956871,"[-24.86203451176194, 22.100525083165856]",5.274094511471315
5521.0,24.0,0.3960745111962817,0.6578218089956513,0.40456236531395173,0.16475949949480861,0.27364142085170007,"[-0.16620088286862167, 0.9753256134965251]",0.6119982272670708,0.4013738502200368,0.8206211468997754,"[-0.8173835519366075, 2.041380006470749]",21.662338967207244
5522.0,24.0,0.2431449133701364,0.44827602022517776,0.4919679178342096,0.08251996341530426,0.15213857561818633,"[-0.0633901337909582, 1.0473259694593775]",0.5398577081216747,0.35732331020636476,0.794102831084476,"[-0.6096562330649418, 1.689371649308291]",21.937895452468172
5523.0,24.0,0.9488633494483991,0.9904627864805837,0.13869403060259825,0.7458196880089412,0.7785075381550807,"[-0.6998992228898544, 0.9772872840950508]",-0.742462832384378,0.8104221817020003,0.9654338727701918,"[-6.808795043476243, 5.323869378707487]",2.835999116063595
5524.0,24.0,0.6626275695050743,0.8813880945797742,0.29763117303456144,0.35981086182604816,0.4787151389422157,"[-0.33940072068504357, 0.9346630667541664]",-0.15931045708211666,0.8881464706480556,0.979163537493745,"[-2.379309220108195, 2.0606883059439616]",0.6085211215403548
5525.0,24.0,0.772760311223663,0.9345665441914526,0.253896576690014,0.47013454016147416,0.5688613289028808,"[-0.43509081510181935, 0.9428839684818473]",0.02339555294451845,0.9870265843960193,0.9971100704756963,"[-2.7965972359231723, 2.8433883418122092]",23.910635570460283
5526.0,24.0,0.9153955481941256,0.9843055544897815,0.16844039701086255,0.6735612450313498,0.7243372889895149,"[-0.6152391086858875, 0.9521199027076126]",0.21513117512663804,0.9302638737100208,0.9892015094756179,"[-4.6030111525887465, 5.033273502842023]",23.178259441570255
5527.0,24.0,0.8292221250467224,0.9545027190323622,0.155073325138866,0.5390753720839961,0.6206255722818284,"[-0.3397692172818487, 0.6499158675595808]",-0.5987275007629522,0.7168869458813435,0.9465980671013572,"[-3.8348326406532993, 2.637377639127395]",2.286970591475529
5528.0,24.0,0.7217962473000592,0.9122803934530577,0.256560231166239,0.416266509643775,0.5260539740222102,"[-0.36201428944642583, 0.8751347517789039]",0.7012220364115587,0.5711406459823755,0.9008246509973031,"[-1.72539676040723, 3.1278408332303473]",21.32152912080325
5529.0,24.0,0.834730221786863,0.9558174015320701,0.2172981412915718,0.5462359888933744,0.6255019274093155,"[-0.4885180523779933, 0.9231143349611368]",0.30077469038398075,0.8604323655795305,0.9722072112024179,"[-3.0520565905793933, 3.6536059713473548]",22.85112531044292
5530.0,24.0,0.963999299592686,0.9923284751869268,0.09737898228619012,0.7864984912295993,0.8097379709972194,"[-0.6072621498596503, 0.8020201144320306]",2.1216292308399174,0.5587183206320792,0.8959434689226791,"[-4.989688822433422, 9.232947284113257]",15.89597329208571
5531.0,24.0,0.21243712024206773,0.40037150441399877,0.5374171497439089,0.06828340607826743,0.12869092739967478,"[-0.040334915094281554, 1.1151692145820993]",-2.037289780306324,0.00014451728766321637,0.007119078210010659,"[-3.087998374978781, -0.9865811856338667]",7.781873737112471
5532.0,24.0,0.7274172566232057,0.9150478185522077,0.2424785133843582,0.42168408403662494,0.5307540390643486,"[-0.348993048390716, 0.8339500751594324]",-1.8019839455363318,0.13397003551626724,0.5280294488506798,"[-4.158687851651079, 0.5547199605784159]",6.883071655304254
5533.0,24.0,0.9326060016340675,0.9878137795754037,0.11866002733782645,0.7083915778849774,0.7511309276693642,"[-0.5031547680443813, 0.7404748227200342]",1.1877734994221187,0.6478603889704939,0.9294020283387066,"[-3.909241586417684, 6.284788585261921]",19.46303943104187
5534.0,24.0,0.7546845811173257,0.9268952014655365,0.27346799296551344,0.4505214429524875,0.5533301927689603,"[-0.4368762759677332, 0.9838122618987601]",2.40780973697584,0.07035524070161771,0.3873223776594489,"[-0.20004652217533714, 5.015665996127018]",14.802844280051968
5535.0,24.0,0.9436418398806812,0.9892460843701449,0.10990454397918056,0.7331286595621234,0.7685592405515498,"[-0.5218549661386792, 0.7416640540970404]",0.33180585926158646,0.9126018777011825,0.9856022475955274,"[-5.593337122898959, 6.2569488414221315]",22.732594976439955
5536.0,24.0,0.6756660481263705,0.887749373441559,0.33486820822126545,0.3716179496033214,0.4885210327373753,"[-0.3997358302477491, 1.06947224669028]",-1.5338080502045432,0.15445041404713636,0.5669985831392671,"[-3.6449297395995885, 0.577313639190502]",5.858715190660681
5537.0,24.0,0.7896478470118434,0.9416531183545305,0.19512591205419783,0.48959632830451283,0.5839650862410697,"[-0.35837173760720964, 0.7486235617156053]",0.10384025070334602,0.9449122360277606,0.9899551975146785,"[-2.841620645483499, 3.049301146890191]",23.60335945940786
5538.0,24.0,0.8622440664824488,0.9677471186161832,0.21411731306967788,0.5849675712010837,0.6566029534191083,"[-0.5542934160615565, 0.9825280422009122]",1.239011561396726,0.48548920355313785,0.8680300438997637,"[-2.2425854875770934, 4.720608610370546]",19.26732445093689
5539.0,24.0,0.9141270443778231,0.9842673633976802,0.15984703898272187,0.6713368045066757,0.7228908203806051,"[-0.5785080781459224, 0.8982021561113662]",0.8370188730062678,0.7214141691558269,0.9477398429831227,"[-3.763843468514768, 5.437881214527303]",20.802823413596283
5540.0,24.0,0.7753121385457588,0.9353525900550844,0.15813324847599028,0.4730641375319036,0.5708508960201564,"[-0.2738311028418957, 0.5900975997938762]",2.9536330587961874,0.04088144463259788,0.28551942673459396,"[0.12244591854600007, 5.784820199046375]",12.717952766710848
5541.0,24.0,0.38335368905367967,0.6433188270744751,0.477044563686661,0.15722066104966778,0.26383732345975464,"[-0.18396822201767488, 1.138057349390997]",0.7067798705859376,0.3203573327096285,0.763905992375511,"[-0.6872322630171097, 2.100792004188985]",21.30029975804155
5542.0,24.0,0.6159434858362745,0.8527722197744602,0.339675001952562,0.319886638660545,0.442805345032091,"[-0.3296291945711604, 1.0089791984762844]",-2.397032421523109,0.01746183711982337,0.16904004956266575,"[-4.3736503640366875, -0.42041447900953055]",9.155989407286524
5543.0,24.0,0.784719801404191,0.9397892930302288,0.2501831511660471,0.48384343030185917,0.5795920343817191,"[-0.45018241917061314, 0.9505487215027073]",-1.4361267107026414,0.2967273830262104,0.7463117737752201,"[-4.133604824547822, 1.2613514031425392]",5.485599957951114
5544.0,24.0,0.22424549468447325,0.4189938241488663,0.6035269300319039,0.07356785807263341,0.1374586286857874,"[-0.057567669274765976, 1.2646215293385739]",-1.3099961419693749,0.015372713897788041,0.1571363037440631,"[-2.3694429360782894, -0.25054934786046035]",5.0038166742177195
5545.0,24.0,0.45725493780355536,0.7204268753797941,0.43735190556068887,0.20308546606783517,0.32002121977282566,"[-0.23611386906000437, 1.110817680181382]",-0.9976101270688975,0.1970364404190178,0.6295158459912049,"[-2.513282881122051, 0.5180626269842563]",3.8105899920371726
5546.0,24.0,0.8242727940062805,0.9530427085657405,0.2472240500967575,0.5323896041061666,0.6157051568343135,"[-0.5288480269281189, 1.0232961271216339]",-1.3629049878619428,0.37808369250435003,0.8064925181406785,"[-4.393476514422613, 1.6676665386987275]",5.205913578787868
5547.0,24.0,0.11562886447863051,0.23139656689739946,0.6860344815710911,0.02910258062455729,0.05824010531230196,"[0.06983611975518578, 1.3022328433869965]",-2.102564801350164,2.9462401569669934e-06,0.00040359454205027306,"[-2.9841398697493946, -1.2209897329509336]",8.031205951341782
5548.0,24.0,0.5072348816977624,0.7667326418584927,0.35065374796397997,0.23670067956759144,0.35783947627761054,"[-0.23016597121174887, 0.9314734671397088]",0.15218168182881975,0.8621940241861177,0.9726270526004133,"[-1.5661457593767765, 1.870509123034416]",23.418708794133728
5549.0,24.0,0.7547481404015913,0.9268952014655365,0.30411588795736005,0.45057958980844104,0.5533336482972382,"[-0.4859389700076712, 1.0941707459223913]",-0.8885102930459219,0.4992717445725431,0.8731021700276606,"[-3.4660047344279743, 1.6889841483361305]",3.393859323030887
5550.0,24.0,0.5889600007789125,0.832334653446739,0.34018484040458824,0.29798700418737645,0.4210640160906831,"[-0.3004528779728702, 0.9808225587820467]",2.230147944518988,0.019107687049968444,0.1784097763769229,"[0.3649238833955166, 4.095372005642459]",15.481462339285754
5551.0,24.0,0.8798016049983174,0.9732318639361918,0.16431165903457398,0.6120083790537865,0.6770004193072859,"[-0.4706240644463012, 0.7992473825154492]",2.4921517707935643,0.2109160553201036,0.6495912003621981,"[-1.412189208281824, 6.396492749868953]",14.480681441831617
5552.0,24.0,0.7127272959773445,0.9078172156124628,0.34209345378400696,0.40697205845779194,0.5183549577877793,"[-0.4664731499389054, 1.1506600575069192]",1.8112283419780821,0.12017216169593342,0.5042854342245806,"[-0.47308629999678997, 4.095542983952955]",17.08161735134521
5553.0,24.0,0.4041288785296504,0.6668793375076739,0.3854179622044912,0.16934585572726568,0.27944860681066946,"[-0.16424406479928155, 0.935079989208264]",0.056131538601081665,0.9408130638614349,0.9892015094756179,"[-1.4256028482495087, 1.537865925451672]",23.785593316038824
5554.0,24.0,0.5841943314107474,0.8293502717358707,0.3740889197319372,0.29418269862799096,0.4175173128413156,"[-0.32486986524095046, 1.0730477047048248]",2.1475788061342405,0.022127142511457365,0.1956422856892782,"[0.30804680938009743, 3.9871108028883837]",15.796853215784266
5555.0,24.0,0.7211857383292095,0.9119698259094708,0.25076748565619195,0.41555520293823356,0.5254871053847162,"[-0.3529188278474115, 0.8544537991597954]",-2.6526619925045853,0.03453625307175502,0.2576806303437046,"[-5.112324321640904, -0.19299966336826646]",10.132422443018424
5556.0,24.0,0.5497465072280251,0.8033706082537265,0.3144977781548367,0.2676653096986178,0.39109484175718556,"[-0.2415953871505534, 0.8705909434602268]",-2.0057459795357655,0.022659528919277385,0.1989423083343054,"[-3.7306126630260734, -0.2808792960454576]",7.661385293515504
5557.0,24.0,0.5024444138410296,0.7628674141763208,0.42401224841527546,0.23338232755969224,0.3543612626172066,"[-0.27335691589711114, 1.121381412727662]",-2.919047533252079,0.0007797881463421914,0.02227966132406261,"[-4.621859241355344, -1.2162358251488137]",11.14994025689453
5558.0,24.0,0.059619937719817266,0.125833553650944,0.6735681652323094,0.011291435272296167,0.023821593401468708,"[0.15249279134555804, 1.1946435391190608]",0.8325958207239381,0.03425286705861072,0.2565757832105672,"[0.06179071143358161, 1.6034009300142946]",20.819718228819163
5559.0,24.0,0.09670134164819102,0.1967473889078149,0.8083390854392721,0.022558005692005077,0.045905587488817824,"[0.11371932172859767, 1.5029588491499466]",-0.35251727556608703,0.43490936014431925,0.8418686801090192,"[-1.2373853047488246, 0.5323507536166504]",1.3465168063591337
5560.0,24.0,0.9453165819546466,0.9901985232007054,0.10574481386381848,0.7371318740183479,0.7721892667277895,"[-0.5117246310675252, 0.7232142587951622]",1.1426620144619761,0.6940757847828178,0.9384107475438823,"[-4.551224950795255, 6.836548979719208]",19.63535261076081
5561.0,24.0,0.523493539924626,0.780983947373752,0.40512816392557055,0.24839014824064276,0.3705985843568631,"[-0.2827851597723628, 1.093041487623504]",-1.183353310379296,0.16032665399165302,0.5762999784027787,"[-2.8353284988437677, 0.46862187808517586]",4.520076690504547
5562.0,24.0,0.9710040357653991,0.9936899468403179,0.08228185975854861,0.8082582209309427,0.8273092383050474,"[-0.5822710537063082, 0.7468347732234054]",-0.3580050469535001,0.9327439608622919,0.9892015094756179,"[-8.672401683079084, 7.9563915891720844]",1.3674785489878951
5563.0,24.0,0.8179547751365547,0.9514516116315948,0.1911585311680142,0.5244792785615777,0.6101356743366276,"[-0.39751352390562955, 0.7798305862416579]",-0.5907397990034298,0.7109871261458459,0.9453358943569286,"[-3.7155249055893185, 2.534045307582459]",2.2564598182202054
5564.0,24.0,0.053436625286995436,0.11405896539380028,0.8083808776800676,0.009620211541959167,0.020529687456165527,"[0.19645295298604715, 1.420308802374088]",-2.1819718843644385,1.0390802430769008e-08,4.156320972307603e-06,"[-2.9290752213264186, -1.434868547402458]",8.334518666019308
5565.0,24.0,0.3213982059011707,0.5647482092798641,0.500287006081574,0.12217619186413961,0.21468316967868495,"[-0.13408078473990526, 1.1346547969030532]",-0.4556987291808152,0.49147240458476116,0.8697731756428894,"[-1.753945170460219, 0.8425477120985885]",1.7406409274357202
5566.0,24.0,0.7818808153773031,0.9388462552556966,0.226489348009429,0.4808230215311404,0.5772878155014293,"[-0.40318994488131044, 0.8561686409001684]",0.616019132967633,0.668094145553668,0.9332201550489372,"[-2.1999171072230443, 3.4319553731583103]",21.646980238776422
5567.0,24.0,0.5614648060840148,0.8126088015168977,0.3157213019340656,0.2764734918402302,0.400222194325753,"[-0.25288689202649234, 0.8843294958946235]",0.39730418102612397,0.6738434843395293,0.9338966192307091,"[-1.4528760293120075, 2.2474843913642557]",22.482409816286765
5568.0,24.0,0.9660226629973888,0.9924001547942788,0.09953048238851077,0.7924467831294546,0.8144026489420161,"[-0.6418243588134467, 0.8408853235904683]",3.031881414957226,0.4422578547123679,0.846978439121565,"[-4.701702812377394, 10.765465642291847]",12.41906606258658
5569.0,24.0,0.7732646211843957,0.9345665441914526,0.2709983993166692,0.4710036799399079,0.5693596768905842,"[-0.4658391444472398, 1.0078359430805781]",-0.6386813066001871,0.6488948949640894,0.9299133911664488,"[-3.3880728554791513, 2.110710242278777]",2.439582888139443
5570.0,24.0,0.6403709051209829,0.8701708077534304,0.35214272247476297,0.34030356680224905,0.462472789306253,"[-0.3716533551148461, 1.075938800064372]",-1.8726191750252337,0.06530984145743904,0.3726425282673917,"[-3.86394020966833, 0.11870185961786262]",7.1528783576143935
5571.0,24.0,0.16716529806338176,0.3240893719724346,0.5790384971380005,0.04872614213649144,0.09450376675037131,"[0.003236361900674667, 1.1548406323753264]",-0.0639087039882531,0.9034963156721644,0.982851517978372,"[-1.0970060588544366, 0.9691886508779304]",0.24411326751185297
5572.0,24.0,0.5808132671617743,0.8280770846332681,0.2987389330650099,0.29124561262771076,0.41524486081807654,"[-0.25604732853036144, 0.8535251946603812]",-3.0295243642789607,0.002072743238369703,0.043697989086868054,"[-4.9576144792615455, -1.1014342492963753]",11.57193066701588
5573.0,24.0,0.7953747116331484,0.944064939623915,0.2545654020669683,0.4964693861735813,0.5892811705324407,"[-0.4791086829460687, 0.9882394870800053]",2.8508405994067303,0.06046481822116149,0.35630417337160575,"[-0.12539146522365252, 5.827072664037113]",13.110591039296569
5574.0,24.0,0.5566406868334103,0.8091883803364011,0.4000917125771756,0.2729367528884714,0.39665274362515823,"[-0.31517578742938646, 1.1153592125837375]",0.9877072068414297,0.27160706465725715,0.7213999061281731,"[-0.7731849240991919, 2.7485993377820512]",20.227236376888737
5575.0,24.0,0.8311251659795542,0.9548988819733071,0.20527608007126802,0.5413379560457138,0.622127082244197,"[-0.45343324515578204, 0.863985405298318]",-3.067222355888197,0.0713132667694442,0.38957819047970865,"[-6.400585583450972, 0.2661408716745788]",11.715926388037804
5576.0,24.0,0.7058830669708556,0.9042204855699142,0.3269524923950114,0.40046047473366675,0.5129723940009987,"[-0.4351975706088062, 1.089102555398829]",-0.5398085632413059,0.6558065589598954,0.9301211184160023,"[-2.9135599870703555, 1.8339428605877437]",2.061916827916508
5577.0,24.0,0.8424655327506176,0.9593754410363697,0.15477369745556943,0.5569313580446629,0.6341561304097987,"[-0.36165122511198033, 0.6711986200231193]",-0.8992762429823866,0.594139244359787,0.9090257716643009,"[-4.207069749078197, 2.408517263113424]",3.4349822226181246
5578.0,24.0,0.6106530565190822,0.8487186331050481,0.3188103698299332,0.3155179834966192,0.4385239520453359,"[-0.3037362669948876, 0.9413570066547541]",0.7198531566264519,0.47220188701665733,0.8594865071289722,"[-1.2427065772098789, 2.682412890462783]",21.250363483742298
5579.0,24.0,0.7946338728687032,0.9437448976340048,0.25065016476553126,0.4956455469504141,0.5886526685871901,"[-0.4703598306781187, 0.9716601602091812]",1.182711149989541,0.40751297134078523,0.8249250431999701,"[-1.615951528021312, 3.981373828000394]",19.482376181502346
5580.0,24.0,0.917922619333167,0.9852676399952099,0.1415667801240113,0.678605282585547,0.7283866485998636,"[-0.5280466934912669, 0.8111802537392894]",-0.7459839410595492,0.7579481090884295,0.9561600972479242,"[-5.490350014577352, 3.9983821324582536]",2.849448760483209
5581.0,24.0,0.7623754668017491,0.9298352270236534,0.2907564991495243,0.4586040102113881,0.5594778702103064,"[-0.4781488332223657, 1.0596618315214141]",-0.15945070199046363,0.9092881917063202,0.9847157609726442,"[-2.9023631381617103, 2.583461734180783]",0.6090568176301201
5582.0,24.0,0.40458065956204314,0.6670744592943827,0.3823162798421059,0.16987953573734238,0.28009816279858596,"[-0.1636046440690212, 0.928237203753233]",2.5661326200818313,0.0005254171033760314,0.017447883217858097,"[1.115636068674531, 4.016629171489131]",14.198095413230876
5583.0,24.0,0.16681849631731582,0.32360523048945844,0.553271547173986,0.048748565248095156,0.09452892233487523,"[0.0030376307490248555, 1.103505463598947]",-0.780428106375175,0.12417887213089547,0.5107259184944607,"[-1.7753180787053386, 0.21446186595498873]",2.981015780578959
5584.0,24.0,0.2094693743694255,0.39597235230515215,0.586925771978982,0.06688213691288816,0.1264790788821637,"[-0.04083695646464269, 1.2146885004226067]",-0.28762542170633854,0.6098270688596303,0.9143882220641197,"[-1.392295263467585, 0.8170444200549078]",1.0986481829629131
5585.0,24.0,0.8881771738626397,0.9754828927651178,0.13834788982334897,0.6253314894788446,0.6869508761235336,"[-0.41695065049143787, 0.6936464301381359]",-0.06573047670959653,0.97535298565596,0.9955285224381598,"[-4.2355910168058015, 4.1041300633866085]",0.2510719267228557
5586.0,24.0,0.5843844579910156,0.8294056689284517,0.48057417436351385,0.29408886771060205,0.41744338922725627,"[-0.4171703119253805, 1.3783186606524083]",-1.3690884565584236,0.1367025372184013,0.5302931662877406,"[-3.172202299884278, 0.4340253867674304]",5.229532689391841
5587.0,24.0,0.523382683788277,0.780983947373752,0.35737243691703424,0.248166917022978,0.37036146577280893,"[-0.24916469443120481, 0.9639095682652733]",-1.4277500185297782,0.0871204699802698,0.4289357967784869,"[-3.063452697130103, 0.20795266007054614]",5.453603350765425
5588.0,24.0,0.672198170278139,0.8871149670238285,0.3087183469447114,0.36845890364696443,0.4863501896079256,"[-0.3640648223121286, 0.9815015162015515]",-3.0233496278722916,0.008812250812046531,0.10952513198205102,"[-5.285695378639269, -0.7610038771053143]",11.548344911302019
5589.0,24.0,0.8869145339073783,0.9753784460014808,0.16186408282816583,0.6233682144160981,0.6855706850690103,"[-0.4841533964723285, 0.8078815621286601]",1.945036505468937,0.3258626020620302,0.7674578475318659,"[-1.9351391372851623, 5.825212148223036]",16.570507815850377
5590.0,24.0,0.5728598891066955,0.8228381055827283,0.48032179344217496,0.2853471466363332,0.40986375558220794,"[-0.4008342845002776, 1.3614778713846274]",-0.9652825262572584,0.29585982804816047,0.746178633160556,"[-2.7751198713173704, 0.8445548188028538]",3.6871076528177986
5591.0,24.0,0.3127629888640788,0.5524871734041313,0.4796893944213819,0.11754140647497707,0.207596973640016,"[-0.12099277789251628, 1.08037156673528]",1.1389847902497232,0.06757507575149727,0.378851072081594,"[-0.08233733507032182, 2.360306915569768]",19.6493985726065
5592.0,24.0,0.9618256523080126,0.992026702813642,0.09593936281127569,0.7800513074480224,0.8045913434224058,"[-0.5774222587428112, 0.7693009843653625]",-0.024005169155613792,0.9948530994256335,0.999042938587908,"[-7.317641957927307, 7.26963161961608]",0.09169299194095283
5593.0,24.0,0.895216071730846,0.9784438812390368,0.12102103704249793,0.637184220820498,0.6964523126248748,"[-0.38189896810097007, 0.6239410421859659]",0.20886134406870127,0.9242329747574125,0.9879295512207908,"[-4.095529609345816, 4.513252297483218]",23.202208432095578
5594.0,24.0,0.7523478475695677,0.9258098617965093,0.3046263744748757,0.44772430687789444,0.5509774881588659,"[-0.4817874688130245, 1.0910402177627758]",1.3691740488271513,0.2815049798738988,0.7310026508669982,"[-1.1226269413265233, 3.860975038980826]",18.770140372224354
5595.0,24.0,0.31114641434674684,0.5504086113615401,0.5274811075769059,0.1165357662514573,0.2061850075220405,"[-0.13123574580229502, 1.1861979609561069]",-1.4773295418816836,0.016040770327554202,0.16105191091921892,"[-2.6797916779106874, -0.2748674058526799]",5.642983179987724
5596.0,24.0,0.6402226480689411,0.8701041697050029,0.4360727194538893,0.3401932146503559,0.4624075229718036,"[-0.4600287273788765, 1.332174166286655]",1.2430961652250803,0.22156913334414474,0.660857272862046,"[-0.7501064386388292, 3.2362987690889895]",19.251722413580374
5597.0,24.0,0.6843238172597972,0.8922083667011698,0.2695232237144135,0.3799827508423973,0.4954142774998661,"[-0.33218416543676166, 0.8712306128655887]",-0.8503911832946738,0.45306583574281134,0.8510636664122461,"[-3.0717770495019914, 1.3709946829126438]",3.24825504919472
5598.0,24.0,0.9124893814366009,0.9837402730272814,0.14271944296381436,0.6680244101540938,0.7203525422475342,"[-0.5095315007441792, 0.7949703866718079]",1.5497890890987414,0.4897573130303364,0.8697731756428894,"[-2.8480006213878992, 5.947578799585382]",18.080241737281188
5599.0,24.0,0.6506565835336872,0.8767775010560399,0.35615597064323334,0.34914887804661987,0.4706144737115782,"[-0.3894346710749299, 1.1017466123613966]",0.045487454920070114,0.9673069609968705,0.994148983552796,"[-2.129731200501691, 2.220706110341831]",23.826250720819225
5600.0,24.0,0.1858684870444539,0.3564112886758464,0.6588264678650699,0.056705615716301214,0.10871475405732596,"[-0.018804924551920732, 1.3364578602820605]",-0.7166904695284337,0.17429570118804705,0.5989271790585522,"[-1.7506668531254894, 0.31728591406862194]",2.737555941415239
5601.0,24.0,0.9352218652491269,0.9878137795754037,0.1460195405668685,0.7140521813952946,0.7546639270574208,"[-0.6350337493993239, 0.9270728305330609]",-0.36487556410333344,0.8966311725439295,0.9804117364427015,"[-5.869440416752777, 5.13968928854611]",1.3937219913717418
5602.0,24.0,0.42587160103118865,0.6896706089573905,0.5347711176519779,0.18303755501757069,0.29640974105069234,"[-0.25243374596205237, 1.3219759812660081]",0.9212478564359756,0.21522258611052958,0.6542767589910653,"[-0.5356762544938545, 2.3781719673658057]",20.48109239604964
5603.0,24.0,0.6650944210216351,0.8830335944680203,0.32629036593338606,0.3621744969985591,0.4809754276209284,"[-0.37552779311458234, 1.0281085249813544]",-1.9664150733448338,0.065625229182075,0.37334894293714965,"[-4.059926837270559, 0.12709669058089101]",7.511152298237813
5604.0,24.0,0.3789550534528598,0.6382938410861712,0.46021035437420205,0.1544993954817549,0.2602314224048423,"[-0.1732949299837126, 1.0937156387321167]",-2.7343078900524977,0.00014960225968723304,0.0072622456158850995,"[-4.14768562170223, -1.3209301584027648]",10.444286799288616
5605.0,24.0,0.25316582619193895,0.4637586118189026,0.5241037990162964,0.0873749232216186,0.1600566463118128,"[-0.07681945754397379, 1.1250270555765667]",-2.4197802512552617,3.85054178345042e-05,0.002673987349618347,"[-3.5719599710190817, -1.2676005314914416]",9.242879716402163
5606.0,24.0,0.9727531838537342,0.9937724649771265,0.0780578290061839,0.8141576059592869,0.8317915876167622,"[-0.5727832802408309, 0.7288989382531986]",-2.604649821268027,0.5477471285829449,0.8927601284913879,"[-11.096889156984716, 5.887589514448661]",9.949029457877478
5607.0,24.0,0.8846632978726288,0.9749979007123574,0.19227510757597285,0.6196307929598598,0.6829932094973369,"[-0.5669357512358564, 0.9514859663878021]",2.8982321521797623,0.1643757721231519,0.5816552445971405,"[-1.1869262584608826, 6.983390562820407]",12.929568642065485
5608.0,24.0,0.9764616906882221,0.9944981775987023,0.06800298600328084,0.8272002631040105,0.8426202130019461,"[-0.5425661141996969, 0.6785720862062585]",-1.1519123500230029,0.7963976278254266,0.9628316126547152,"[-9.902305792379085, 7.59848109233308]",4.399981068354299
5609.0,24.0,0.8456822206606566,0.9603477409273865,0.2420759241156674,0.5611466925732629,0.6373024244488538,"[-0.574355243090119, 1.0585070913214538]",1.3826834496599654,0.40495305548720506,0.8230753160309046,"[-1.8713798585351449, 4.636746757855075]",18.718538262126305
5610.0,24.0,0.6218950508464749,0.856840797528899,0.34336117340557726,0.3248434752161905,0.4474110598198397,"[-0.3401726137817449, 1.0268949605928994]",-0.8156856396281471,0.4208438212814165,0.8314526219188418,"[-2.8017695688463418, 1.1703982895900473]",3.115689637341456
5611.0,24.0,0.5501899459524822,0.8037837048246635,0.3952825722946304,0.26812166728045317,0.39153280852869915,"[-0.30432068187199957, 1.0948858264612604]",0.6582565065193755,0.47033542302862075,0.8584731734461428,"[-1.1288322180556145, 2.4453452310943655]",21.485645355960934
5612.0,24.0,0.4637630801531505,0.7270153317967557,0.4527289544572125,0.2070851079436823,0.3246999387403501,"[-0.2505981727417008, 1.1560560816561258]",-1.524355780186859,0.045686927416505846,0.3028642603511209,"[-3.0194870495994834, -0.029224510774234824]",5.82261017873859
5613.0,24.0,0.6068388327974764,0.8461851335237257,0.33745585542356055,0.31223710382011716,0.4354771322456306,"[-0.31704762744894915, 0.9919593382960703]",-1.155979069085487,0.23056680453239498,0.6711758648269693,"[-3.045775724331527, 0.7338175861605529]",4.415514790937348
5614.0,24.0,0.5669576478757508,0.8175308549037502,0.3849313667420713,0.28083152351526164,0.404889739785556,"[-0.3146368330864626, 1.0844995665706052]",-2.448760619777176,0.008735322728546489,0.10935808666390641,"[-4.279057571013244, -0.6184636685411076]",9.353576570071459
5615.0,24.0,0.8227966951504118,0.952756738845726,0.18076456040650277,0.5304609180734419,0.614511623143819,"[-0.38402194633456455, 0.7455510671475701]",-1.7379261025814685,0.25823939623254355,0.7071177333859352,"[-4.750827566037614, 1.2749753608746772]",6.638388718902554
5616.0,24.0,0.9049448278740182,0.9811184623469946,0.11955837122903247,0.6542772226350003,0.7094140962968344,"[-0.4037006051192624, 0.6428173475773273]",-0.34816303185041786,0.8796741135529166,0.9766268042296392,"[-4.85586828262876, 4.159542218927924]",1.32988482050052
5617.0,24.0,0.34674142714059253,0.5990695009339885,0.49801945044675205,0.1359787380533524,0.23493216664366343,"[-0.156670812709865, 1.152709713603369]",-1.3118362376467054,0.04314011608133834,0.29527800192565595,"[-2.5832040348626997, -0.04046844043071096]",5.01084532196514
5618.0,24.0,0.6982176000643558,0.8997460460666605,0.22992497263733144,0.3927920023906041,0.5061752608126341,"[-0.2974130971415765, 0.7572630424162394]",1.490813058288424,0.18572723589033524,0.6170340062801836,"[-0.7172154565922892, 3.6988415731691373]",18.305513581138833
5619.0,24.0,0.9915239045442222,0.9968074560951746,0.04705110262938303,0.8961731435593567,0.9009779215756251,"[-0.6596194844732327, 0.7537216897319988]",-1.6955286129239031,0.8183499328500569,0.966095377463714,"[-16.16501581676912, 12.773958590921314]",6.476442237614017
5620.0,24.0,0.8000761143511164,0.9455321020522349,0.20793269517908206,0.5021971752424662,0.593621602891175,"[-0.39939715376129514, 0.8152625441194593]",0.4126454834016089,0.7873389612123275,0.9612244673572549,"[-2.5853792543594802, 3.410670221162698]",22.423810357730144
5621.0,24.0,0.4734404158508707,0.736679934260197,0.3982031775068627,0.21366310010502398,0.3324460869846335,"[-0.22940348072527078, 1.0258098357389962]",0.3666000514457606,0.6577367566370588,0.9301211184160023,"[-1.2552011283305664, 1.9884012312220876]",22.59969095219194
5622.0,24.0,0.8085751408024063,0.9479515751594272,0.20661608477719964,0.5124337556609609,0.600896451234812,"[-0.41159374619025113, 0.8248259157446504]",-1.5641239358097465,0.28697774286236033,0.7379216838836727,"[-4.443254706714065, 1.3150068350945716]",5.974513343819318
5623.0,24.0,0.6621202076401629,0.8812993579664088,0.32863360993200363,0.3593290569627735,0.4784095333506477,"[-0.3740490251597304, 1.0313162450237376]",-0.07634924677857313,0.9462844563759756,0.9904370601691201,"[-2.297430656774816, 2.14473216321767]",0.29163264062766914
5624.0,24.0,0.23653493181627996,0.4381087827676976,0.49222220228024904,0.07944241671126794,0.14714283517552867,"[-0.05782113694861568, 1.0422655415091138]",0.8293113240653325,0.14443584487366082,0.544424594322129,"[-0.28439470752941975, 1.9430173556600847]",20.832264081910022
5625.0,24.0,0.938502168706978,0.9880486751993395,0.11499345420795556,0.7213029449333365,0.7597306386199038,"[-0.5168306821155841, 0.7468175905314953]",-1.8688983506126275,0.49130440742517223,0.8697731756428894,"[-7.191164848475098, 3.4533681472498428]",7.138665855270955
5626.0,24.0,0.4444485831090215,0.7075019994186386,0.42238441231387996,0.1948326615399556,0.3100949570904912,"[-0.21619077247566604, 1.060959597103426]",2.277328228496211,0.0029755491959991536,0.054397608701995497,"[0.7746004024060062, 3.780056054586416]",15.30124692941085
5627.0,24.0,0.706467465375774,0.9042204855699142,0.38836512040862725,0.40087086138168504,0.5131475440113735,"[-0.5177313139171978, 1.2944615547344522]",-2.839829951109889,0.020818482709575467,0.18837780724356415,"[-5.248024511128381, -0.4316353910913966]",10.847351382229302
5628.0,24.0,0.9038391483380834,0.9808891106307509,0.13809975025023052,0.6524034350730109,0.7079833837799004,"[-0.46282170738521305, 0.7390212078856742]",-0.5888043413929092,0.7938358057687932,0.9628316126547152,"[-5.004763263946187, 3.827154581160369]",2.249066914719585
5629.0,24.0,0.9328796499061516,0.9878137795754037,0.15603187772050178,0.7088846659740595,0.7511801052214715,"[-0.6630741264220339, 0.9751378818630374]",1.4975722157647864,0.5613614662549393,0.8965428366538035,"[-3.5559474601413275, 6.5510918916709]",18.279695501374842
5630.0,24.0,0.909402592792781,0.9830316644609026,0.1413202237457011,0.6624342526567313,0.7160677252802197,"[-0.4931535060336555, 0.7757939535250576]",-1.1140541926887195,0.6185459565312285,0.9174210890671123,"[-5.499378095944689, 3.2712697105672497]",4.255373559327854
5631.0,24.0,0.9395637564847902,0.9881465331839322,0.15051778105275715,0.7238345700316091,0.7612900399995889,"[-0.6844019942662715, 0.9854375563717858]",0.7873389735994669,0.780829029666402,0.9597210295801402,"[-4.758817310004745, 6.333495257203679]",20.992586651105892
5632.0,24.0,0.774540109563365,0.935209019033283,0.2539390604434299,0.47243740230331766,0.570369917063042,"[-0.4387517189683234, 0.9466298398551831]",-0.6181199637053156,0.6609825727244689,0.9312662111012402,"[-3.3805725415268717, 2.1443326141162404]",2.3610443435396142
5633.0,24.0,0.6158901557589296,0.8527722197744602,0.371620020171813,0.3197273844595202,0.4427743864555051,"[-0.3603885129671766, 1.1036285533108026]",0.48046766938388963,0.6400305376157346,0.9259807051547606,"[-1.533190063318377, 2.4941254020861563]",22.164748690121076
5634.0,24.0,0.4679117288913999,0.730427300798314,0.44173649337382553,0.209845080231998,0.3276781390256059,"[-0.24868891195673898, 1.13216189870439]",3.026621103213961,0.00025639262087268246,0.010338412131963003,"[1.403970268741212, 4.64927193768671]",12.439158973374061
5635.0,24.0,0.468184421743266,0.730738913287445,0.3964039200059093,0.21029766710730236,0.328231102087252,"[-0.2237829078253457, 1.0165907478371643]",0.9796503475727203,0.21303364968756022,0.6520772870754828,"[-0.562251522694962, 2.5215522178404024]",20.2580113123706
5636.0,24.0,0.298052377520501,0.5317616012854612,0.545670253352048,0.10988069146153365,0.19604048432030982,"[-0.12329467075284639, 1.2146351774569424]",-0.5955256644865958,0.34793307537281803,0.7877135507648133,"[-1.8390813892612468, 0.6480300602880551]",2.2747404777870557
5637.0,24.0,0.9031742901974029,0.9807517539335464,0.11549209510830341,0.6511485932790277,0.7070785028548461,"[-0.38512003926216354, 0.6161042294787703]",-1.9944028761612316,0.3549309241327714,0.7924334095395654,"[-6.219995969644831, 2.231190217322368]",7.618057830186077
5638.0,24.0,0.4901563203128623,0.7523977737755718,0.3624460287834905,0.22500446338105262,0.3453637196946318,"[-0.22303555229549143, 0.9479276098624725]",1.1686786871985966,0.14529867482753858,0.5460804722256212,"[-0.4041465186236268, 2.7415038930208198]",19.535976241108713
5639.0,24.0,0.5836481128393092,0.8293502717358707,0.35964700098738495,0.29345636202112757,0.4171930921351808,"[-0.31131782231094535, 1.0306118242857152]",-3.100512618863216,0.0017200094180561624,0.03813768110989273,"[-5.039070434691649, -1.1619548030347835]",11.843085825861083
5640.0,24.0,0.8180095906222257,0.9514516116315948,0.20251347670343828,0.5245048713838584,0.6101356743366276,"[-0.42116458308779153, 0.8261915364946681]",0.5020978247359995,0.7542706295647164,0.9552799279805988,"[-2.6418387141068727, 3.6460343635788717]",22.08212758266186
5641.0,24.0,0.6655376453082191,0.8830335944680203,0.34204718163575487,0.36262282391719314,0.4811235556815618,"[-0.3943498286292506, 1.0784441919007604]",2.6764687901331286,0.017255323221478935,0.16815234915799074,"[0.4734893621280394, 4.879448218138218]",13.77664228845907
5642.0,24.0,0.8767258429568849,0.9725797022127185,0.17210430002146218,0.6069930552622447,0.6733892337056187,"[-0.4836842806589584, 0.8278928807018827]",-0.29971374593859146,0.8812825490420664,0.9767995571081434,"[-4.233115153618875, 3.6336876617416918]",1.1448221802891672
5643.0,24.0,0.6339492268272737,0.8653906826394039,0.34698020289391,0.3346861712674809,0.4569718340626446,"[-0.35796034307261, 1.05192074886043]",1.4836081823193359,0.13713533720675575,0.5313263742997123,"[-0.47248526104444544, 3.439701625683117]",18.3330341801351
5644.0,24.0,0.2992054003411919,0.5334380466057977,0.6056179735186386,0.11051336338283252,0.19702863858590217,"[-0.1381610124224184, 1.3493969594596955]",-2.416213136693738,0.00012389349341966906,0.006520710179982582,"[-3.6500149660711125, -1.1824113073163636]",9.229254342441164
5645.0,24.0,0.8647714283516101,0.9689315723827565,0.17707731872397242,0.5886181228990708,0.6595900077309176,"[-0.4646381663795171, 0.8187928038274619]",1.5780074383152112,0.37511840514040273,0.8058196345601851,"[-1.9091330463435985, 5.06514792297402]",17.97245558295252
5646.0,24.0,0.8542246664624435,0.9638353248904392,0.2433426722842462,0.5731808718486306,0.6468579977978001,"[-0.60324176708699, 1.0899271116554823]",3.124483790752966,0.09029577366485247,0.43616627594875296,"[-0.49089739930801235, 6.739864980813945]",12.065351042187894
5647.0,24.0,0.760621429495032,0.9294675252910781,0.29035781116534826,0.45688027252923835,0.5583285745194163,"[-0.4745557020306805, 1.055271324361377]",-0.4964210217552001,0.7176109607557561,0.9465980671013572,"[-3.1867510077359005, 2.1939089642255003]",1.8961886272096657
5648.0,24.0,0.9921064287270281,0.9969916879982195,0.03618284715129304,0.8998656007404279,0.9042966543467269,"[-0.5274064506664348, 0.5997721449690209]",-0.9105054630358094,0.9079170268563903,0.9846177571464625,"[-16.339010857957845, 14.517999931886228]",3.4778746837037775
5649.0,24.0,0.8970844686062289,0.9786020165880102,0.19279520442228415,0.6405932580825848,0.6988035977774462,"[-0.6165780114804761, 1.0021684203250443]",0.8390544766673536,0.6940639522767797,0.9384107475438823,"[-3.341785247681826, 5.019894201016533]",20.795047980360174
5650.0,24.0,0.8067473656987413,0.9473744041918614,0.23183892558680136,0.5103741213453268,0.5993120260043762,"[-0.45846462656040915, 0.9221424777340119]",-2.6793066399138556,0.08483748746268883,0.4245268304360539,"[-5.726598732251869, 0.36798545242415814]",10.234197499229449
5651.0,24.0,0.48725189252931816,0.7498490189740199,0.4503940043023301,0.2229755868075377,0.3431309352091355,"[-0.2739757583714105, 1.1747637669760707]",1.2320134431993743,0.12184329552768515,0.5066249294290442,"[-0.3287964060469719, 2.7928232924457204]",19.294055293419685
5652.0,24.0,0.4655589631513343,0.7288918477551863,0.4218302647537728,0.20859989303176307,0.32649850216272197,"[-0.23568197618790027, 1.0793425056954458]",-0.8496569113202099,0.28297550875335553,0.7330971729361542,"[-2.400705079006238, 0.701391256365818]",3.245450336851286
5653.0,24.0,0.9355902128333973,0.9878137795754037,0.16076912734598875,0.7148013426344562,0.7551020976260077,"[-0.7015418041564585, 1.023080058848436]",1.3680993103278896,0.6045157949981353,0.9124766716952987,"[-3.809221603432168, 6.545420224087947]",18.774245570896884
5654.0,24.0,0.596827737476422,0.8395001256702085,0.3356366273782468,0.30428530205153137,0.42796807602184445,"[-0.3047254596190215, 0.9759987143755151]",-0.717739170359871,0.46324845359009625,0.8552647739381687,"[-2.6355673404159563, 1.2000889996962143]",2.7415616835227867
5655.0,24.0,0.37984755377505014,0.6394739962542932,0.41340575548283925,0.15516383745019413,0.26114478285632736,"[-0.15658752501332512, 0.9833990359790037]",-2.400958400410439,0.0006706402882747162,0.020261035899538253,"[-3.7844823014738838, -1.0174344993469948]",9.170985541999956
5656.0,24.0,0.7192156916687586,0.911437956746621,0.32422824532616823,0.41364477498682417,0.5241981687832014,"[-0.45311541238026853, 1.101571903032605]",-0.9689490647208014,0.42190335142361424,0.8326492035200596,"[-3.333598150982716, 1.395700021541113]",3.701112798110025
5657.0,24.0,0.8538260252309475,0.9637950392041399,0.18162869547370314,0.5727954129562008,0.6465689275947634,"[-0.4496195150535152, 0.8128769060009216]",-1.0986027301988361,0.5262924822941203,0.8839273529919359,"[-4.496589684807388, 2.299384224409715]",4.196353320129519
5658.0,24.0,0.6063336275489528,0.846007572971889,0.3424638852909418,0.31186677580449174,0.4352035642065422,"[-0.32124464143045167, 1.0061724120123352]",2.0456769276927727,0.03437467435061046,0.2569827353210536,"[0.15053592156377404, 3.940817933821771]",16.186089719727683
5659.0,24.0,0.37617234238093805,0.6346757927803915,0.38859684661587834,0.15301248331097564,0.2580799444764534,"[-0.1443990402045079, 0.9215927334362646]",-0.8387118668150837,0.22881729339696655,0.6690564134414226,"[-2.2046998644754883, 0.5272761308453207]",3.203643346402847
5660.0,24.0,0.7942213566268126,0.9435919646273169,0.24642276133939287,0.49500452336173717,0.5881008950478046,"[-0.46137386010832293, 0.9542193827871087]",-3.065971313458524,0.044005576973293936,0.29782820915864144,"[-6.049626184215194, -0.08231644270185301]",11.711147757956999
5661.0,24.0,0.7322584213150289,0.9170424812962166,0.27142741944420556,0.4267054407149298,0.5343837704632809,"[-0.39787288768626916, 0.9407277265746803]",1.2243903690701803,0.31613255963824416,0.7599756422207345,"[-1.16953655838245, 3.6183172965228105]",19.3231732917209
5662.0,24.0,0.5182094082836316,0.7759949210596461,0.32402052892131006,0.24460426650793254,0.3663385749706943,"[-0.22177953337063072, 0.8698205912132508]",-2.756867843970915,0.0018064285598537004,0.03961466140030045,"[-4.488526240917963, -1.0252094470238668]",10.530459475657612
5663.0,24.0,0.6602080237442375,0.8809347560636325,0.3839347893242099,0.3579616439308091,0.47753687824280827,"[-0.43466013217987787, 1.2025297108282977]",-0.8345048422175028,0.4412867051414605,0.846978439121565,"[-2.9585986257135315, 1.289588941278526]",3.187573696152906
5664.0,24.0,0.4595311922897752,0.7227606044192751,0.36494185711047117,0.20445706698679178,0.3216250857114862,"[-0.19872889696732826, 0.9286126111882707]",-1.1912652694645969,0.12007769544471175,0.5042854342245806,"[-2.6933018000642273, 0.3107712611350333]",4.5502981480557425
5665.0,24.0,0.9076377137659848,0.9823142978726804,0.16502264399975194,0.6591565294856297,0.7134203941623226,"[-0.5682681538915904, 0.8983134418910943]",-1.9327528837594201,0.38025597025934244,0.8081954734523751,"[-6.2500758296678764, 2.384570062149036]",7.382572205410251
5666.0,24.0,0.4764257305334202,0.7395618294526858,0.34788539489745096,0.21582245896840857,0.3350239971567969,"[-0.20300385657081932, 0.8987746463657212]",2.2062221919279583,0.005746957203282301,0.08377488634522305,"[0.6405800132875339, 3.771864370568383]",15.5728519822951
5667.0,24.0,0.3275268591966737,0.5732006636273603,0.49015029270131005,0.1253275423477577,0.21937255793411115,"[-0.1366001170327722, 1.1169007024353923]",0.09156039318787546,0.8925075133245823,0.9795465253756226,"[-1.236437999881074, 1.4195587862568249]",23.65026505998509
5668.0,24.0,0.26314127339662974,0.47957221322513166,0.5371994206398452,0.09201883391756951,0.16770336052044746,"[-0.08772017856857883, 1.1621190198482692]",-1.4534942874872092,0.011012623442651318,0.125714879482321,"[-2.574053894780927, -0.3329346801934918]",5.551939214626122
5669.0,24.0,0.39456974447435167,0.6560853749157826,0.5557791080366756,0.1635834026679308,0.27212006287739027,"[-0.22613972707073937, 1.3376979431440907]",-1.6104399808187795,0.019739147768972305,0.1824320496208161,"[-2.964382206856543, -0.25649775478101566]",6.151427604003021
5670.0,24.0,0.6316210284228434,0.8634380815893767,0.3174313274045603,0.332968182191524,0.4551570398815686,"[-0.3251884345416221, 0.9600510893507428]",-1.0335535499396347,0.3081389137867272,0.7545027271957081,"[-3.0212469128892314, 0.9541398130099623]",3.947883754153655
5671.0,24.0,0.4790258587548275,0.7416409022369214,0.4861695557835431,0.21759546420435127,0.3368872336342333,"[-0.28667361237601835, 1.2590127239431046]",0.7126305921304503,0.3822551457912923,0.809701846218668,"[-0.8859186944987631, 2.311179878759664]",21.27795164793443
5672.0,24.0,0.6337501854378005,0.8653906826394039,0.2386808274097902,0.33467712474859457,0.4569718340626446,"[-0.2462247728911758, 0.7235864277107562]",-1.9532889888146325,0.052691779419051364,0.33160339470768635,"[-3.9292878733219885, 0.022709895692723192]",7.461014348563647
5673.0,24.0,0.8110366706927894,0.9482278699781302,0.27611035924427835,0.5155055012898775,0.6027486533316806,"[-0.5560831466853655, 1.108303865173922]",-1.4779411370273996,0.31821549534938276,0.7616455130430415,"[-4.380074563230327, 1.4241922891755276]",5.645319301362405
5674.0,24.0,0.8888616824080663,0.9758344883036644,0.14693810037474345,0.6265387533836732,0.6878350984788195,"[-0.4449049352062785, 0.7387811359557653]",-0.29695241384253457,0.8886888266293229,0.979163537493745,"[-4.455293856569693, 3.8613890288846235]",1.134274668626629
5675.0,24.0,0.96967904000022,0.9934218215349042,0.09012744617519156,0.8039517063304216,0.823636621586335,"[-0.6214794504713235, 0.8017343428217065]",2.750334288871224,0.5064610641013831,0.8752755366075138,"[-5.363595753031632, 10.86426433077408]",13.494496866504287
5676.0,24.0,0.21975739597789604,0.4120708718880481,0.5495756549163202,0.07150172895759617,0.13409926661214586,"[-0.04808390918166072, 1.1472352190143011]",2.9178742084714555,3.7838404499684267e-07,7.722123367282504e-05,"[1.7919951551749664, 4.043753261767945]",12.854541513633993
5677.0,24.0,0.8769891542265433,0.9727031435520668,0.16103639830313138,0.6073360717402443,0.673620310270901,"[-0.4531647758533916, 0.7752375724596543]",0.1182369638190961,0.9533275516540141,0.9924292646825047,"[-3.841195514105619, 4.0776694417438115]",23.54836806604832
5678.0,24.0,0.5764736749702271,0.8250660869761373,0.32401125462897734,0.28805618521468657,0.4122744886427459,"[-0.2737420321916782, 0.9217645414496329]",-0.44689719700844055,0.6430228870469923,0.9269467971048314,"[-2.3367502834178273, 1.442955889400946]",1.7070215509873414
5679.0,24.0,0.8947475888861062,0.978293886820584,0.18710559203974225,0.6364744977406054,0.6959047646409419,"[-0.5888022219935725, 0.9630134060730569]",-1.1670327738136734,0.5710915138428453,0.9008246509973031,"[-5.205100737890386, 2.871035190263039]",4.457736832864607
5680.0,24.0,0.5403467132893175,0.7956806262543329,0.48447129675590717,0.260551357664106,0.3837420640181697,"[-0.3595031479205383, 1.3284457414323527]",1.344008456764545,0.11750252124868249,0.49979804869707567,"[-0.33882289797093934, 3.0268398115000292]",18.866265853166706
5681.0,24.0,0.7006567272429992,0.900866244279702,0.23980350196433584,0.39547745360744235,0.5083911217475798,"[-0.31332331897305343, 0.7929303229017252]",2.3589355347040497,0.045067253221247515,0.3008494874582611,"[0.051865560012944734, 4.666005509395155]",14.989529981201454
5682.0,24.0,0.7090515441155838,0.9059252708516119,0.297629919316711,0.4034647739117848,0.515575044154974,"[-0.4006098336234757, 0.9958696722568977]",1.1677498470419536,0.3163778598564918,0.7599756422207345,"[-1.116591182453365, 3.452090876537272]",19.539524149163242
5683.0,24.0,0.3080437862939003,0.5463706745191562,0.4737273267607196,0.11505521777119357,0.2040347894506004,"[-0.11546283329760298, 1.062917486819042]",-2.682477712321183,3.633283830593192e-05,0.002576797042973895,"[-3.9556049172582264, -1.4093505073841395]",10.24631010359413
5684.0,24.0,0.9817983009489435,0.9951833994356919,0.06917374860400054,0.8480461127087883,0.8597385570851462,"[-0.6383916932123114, 0.7767391904203124]",0.7642777527114157,0.8837578535683999,0.9771168674288871,"[-9.481163518232027, 11.00971902365486]",21.080674026259512
5685.0,24.0,0.6651731655205078,0.8830335944680203,0.23610666418734405,0.36239450712493015,0.4810661350089567,"[-0.2719681353968787, 0.7441814637715668]",0.6471000839121634,0.5597397069863834,0.896271176099223,"[-1.527508267624921, 2.821708435449248]",21.528259751284775
5686.0,24.0,0.05075381219671718,0.1088203520512804,0.9241625618999916,0.008907211086815978,0.019097793925420194,"[0.2316527266880919, 1.6166723971118913]",-2.6972644973251287,5.742090960411504e-12,9.570151600685841e-09,"[-3.4649980811678076, -1.9295309134824499]",10.302791461813692
5687.0,24.0,0.32844037654150776,0.57429686403481,0.48289050255062455,0.1259173538392199,0.22017372589477166,"[-0.13554063022795965, 1.1013216353292088]",1.895327159391476,0.0027816382915851574,0.05262692389248928,"[0.6532987147610323, 3.13735560402192]",16.760383531356624
5688.0,24.0,0.6690999867986216,0.8854042434810395,0.3168270639842756,0.36561847855583784,0.483941899601543,"[-0.3695463650606904, 1.0032004930292415]",0.0035027656123105544,0.9975669619564094,0.9998296237857246,"[-2.2478816586455177, 2.254887189870139]",23.986620420919404
5689.0,24.0,0.40783796765208113,0.6708964758218147,0.35540598586259203,0.17161985582776618,0.28236238207924674,"[-0.15415807598632864, 0.8649700477115128]",3.008936374505069,7.391088941104486e-05,0.0043734254089375655,"[1.5209442097795334, 4.496928539230605]",12.506709661164285
5690.0,24.0,0.9203496113296261,0.9859416571445778,0.16985628077876885,0.6832523157103261,0.73216064692491,"[-0.6460467963705621, 0.9857593579280997]",2.004523808922843,0.4017446193146502,0.8206211468997754,"[-2.680926399947606, 6.6899740177932925]",16.343283054348856
5691.0,24.0,0.9343055331340003,0.9878137795754037,0.1377892793552324,0.7120666986033029,0.7537822701808577,"[-0.5939237727376355, 0.8695023314481004]",-1.1735376547928986,0.6563452079525888,0.9301211184160023,"[-6.342691821648342, 3.9956165120625444]",4.482583647954242
5692.0,24.0,0.38571674460267574,0.6458401140643172,0.4205060679704237,0.15860503508375445,0.26549219130189894,"[-0.16410820015578093, 1.0051203360966283]",-0.9096173444807043,0.19547732127329942,0.6279387127314469,"[-2.2867943252688003, 0.4675596363073917]",3.474482320709459
5693.0,24.0,0.6303318022898501,0.862641032283906,0.3868367698993955,0.33188166821011966,0.4541968909403581,"[-0.3945320143281583, 1.1682055541269494]",2.5895068328771753,0.01352750857181577,0.1440629240874949,"[0.5343564986844833, 4.644657167069868]",14.108812497056617
5694.0,24.0,0.9343305088957843,0.9878137795754037,0.13746067588634714,0.7121664260175826,0.7537822701808577,"[-0.5927720852204222, 0.8676934369931165]",-2.6280465318243844,0.3418537039156847,0.7829552424665039,"[-8.04711860261115, 2.7910255389623804]",10.038398309168707
5695.0,24.0,0.9634938348074417,0.9923284751869268,0.07935045620525137,0.7849622994258425,0.8087392328722878,"[-0.4906309326851639, 0.6493318450956667]",0.3816458861563925,0.9193279741706942,0.9874079467440474,"[-7.003920492495439, 7.767212264808224]",22.54222009698056
5696.0,24.0,0.7952433562298682,0.9440210781456174,0.23268768383605926,0.49636521492994157,0.5892274631172145,"[-0.4377711781087748, 0.9031465457808934]",0.37623068568668305,0.8034905912183579,0.964856561617867,"[-2.5872066342903706, 3.3396680056637367]",22.562904639122667
5697.0,24.0,0.5687906606932602,0.8192091870524318,0.35438551305535,0.28190560966048717,0.40614552609204313,"[-0.2911085375301257, 0.9998795636408258]",-0.08533284943159103,0.929554403224912,0.9892015094756179,"[-1.977176037395732, 1.8065103385325498]",0.3259474750836995
5698.0,24.0,0.31721804764999684,0.5589745333039592,0.6039432172728749,0.11982241817556416,0.2111408249789677,"[-0.1570289412658339, 1.3649153758115837]",-0.24870266316668932,0.7084048775278278,0.943910562995107,"[-1.5520428932417663, 1.0546375669083876]",0.9499741968743342
5699.0,24.0,0.5902261876113506,0.8334173787226073,0.36332890290074094,0.29867411773927366,0.42179652272175355,"[-0.32186753249382793, 1.0485253382953097]",1.4618498411915155,0.11469497767233441,0.49630020628444144,"[-0.3544970582680742, 3.2781967406511052]",18.416144921190433
5700.0,24.0,0.7737276419361035,0.9345665441914526,0.22281773094367427,0.47128129603567315,0.5693866087177397,"[-0.38339719863771626, 0.8290326605250649]",1.3588722194451064,0.31064547832986367,0.7566701840184672,"[-1.2680369595638439, 3.9857813984540567]",18.809490461881357
5701.0,24.0,0.3830863737782546,0.6430860731546997,0.404775141249091,0.1570119121080177,0.2635312388519935,"[-0.15581602232451142, 0.9653663048226934]",-2.1298460676072297,0.0021746388171367116,0.04511698790740066,"[-3.4916848077388223, -0.7680073274756372]",8.135412712428618
5702.0,24.0,0.7743138792115781,0.9350986332930358,0.24048939080721202,0.4721618552801583,0.5701749248643381,"[-0.41510563060285566, 0.8960844122172796]",0.9961303566040565,0.46689354002535133,0.8568927430895292,"[-1.6873953006221196, 3.6796560138302326]",20.195062314781726
5703.0,24.0,0.7927177713041418,0.9429258609541356,0.22472341761156803,0.49346786121318986,0.5869725957097536,"[-0.4184534039150061, 0.8679002391381421]",-2.1281939641622394,0.1382627823826497,0.5328045563878601,"[-4.942204484298537, 0.6858165559740579]",8.129102142114153
5704.0,24.0,0.7905098279909104,0.9419802526107132,0.22172252740934206,0.4908589634792925,0.5849129688742761,"[-0.40905243243017586, 0.85249748724886]",2.1322260098648247,0.13526443462556484,0.5285831755590654,"[-0.6656566384516416, 4.930108658181291]",15.855496577781715
5705.0,24.0,0.7973367992109927,0.9445126750499893,0.24756720505067115,0.4989957476808682,0.5910171120228215,"[-0.47014293032904203, 0.9652773404303843]",0.5908575185128688,0.6938208178070635,0.9384107475438823,"[-2.3508043249684034, 3.532519361994141]",21.74309052637598
5706.0,24.0,0.7979664179993119,0.9446743435531099,0.21631494719965755,0.4996486058437756,0.5915101288549491,"[-0.41174824860480036, 0.8443781430041155]",-1.1635729065093878,0.41996918070108413,0.8307712672074292,"[-3.991387521651882, 1.6642417086331065]",4.444521113250549
5707.0,24.0,0.7101458349333646,0.9063849689492711,0.2641787420320015,0.4043931970460588,0.5162686034036241,"[-0.35680982936819033, 0.8851673134321933]",-2.976634838259256,0.016702350692378787,0.1655337035914647,"[-5.4144205168825845, -0.5388491596359279]",11.369907558924119
5708.0,24.0,0.6716585651380484,0.8871065237187449,0.3737566644622616,0.3679701708092754,0.48607587614176656,"[-0.439932335503406, 1.1874456644279292]",-1.4414811327005657,0.17800471013109032,0.6048410130176362,"[-3.539039048872683, 0.6560767834715517]",5.506052343431985
5709.0,24.0,0.9563065261993487,0.9911597957501838,0.12109997844719492,0.7649311701866413,0.7930243273941606,"[-0.6726871882063749, 0.9148871451007646]",2.455378538976719,0.46622017169985164,0.8568927430895292,"[-4.1493025228604195, 9.060059600813858]",14.62114484064238
5710.0,24.0,0.9069716394237821,0.9822088362830649,0.139550206921954,0.6580622464879815,0.7126513390599757,"[-0.47843329361624953, 0.7575337074601575]",-2.4844216837569393,0.27619582323845937,0.7263268467894519,"[-6.956232768915823, 1.9873894014019449]",9.489791800670556
5711.0,24.0,0.19647407176704507,0.3747359751421802,0.5621306118941318,0.06126742869187311,0.11685567173731283,"[-0.026552328313592555, 1.150813552101856]",-2.504267558236984,3.576759974775847e-06,0.00045855897112510863,"[-3.5633240952469407, -1.4452110212270275]",9.565597457234086
5712.0,24.0,0.8287555031746857,0.9545027190323622,0.2254099257952545,0.538348370107568,0.6201455709106877,"[-0.49259164717963133, 0.9434114987701404]",-1.181751385109175,0.45485434698551963,0.8517871666395498,"[-4.280969384317308, 1.917466614098958]",4.513957786699661
5713.0,24.0,0.7028750628277494,0.902047051883662,0.24256141487555533,0.3974195801647423,0.5100353954886323,"[-0.31923234428830644, 0.804355174039417]",1.9277512416160736,0.09306053433743355,0.4415928946827927,"[-0.3219606452467767, 4.177463128478924]",16.636532660286317
5714.0,24.0,0.6625166478778106,0.8813880945797742,0.28646608249425143,0.3600297386738226,0.47886479137247445,"[-0.32694814007362005, 0.8998803050621229]",0.7454542477726918,0.4963591681602164,0.8719768195712558,"[-1.4024436582524595, 2.893352153797843]",21.152574518835014
5715.0,24.0,0.8819672080002288,0.9742264531097192,0.18211242009487968,0.6154741563232511,0.6798565738686083,"[-0.5285218921481538, 0.8927467323379132]",0.8807196781244571,0.6558867781376843,0.9301211184160023,"[-2.993117603722145, 4.754556959971059]",20.63589863395655
5716.0,24.0,0.8801697981137999,0.973414077227345,0.14849287464171504,0.6123520443520514,0.6772307502234587,"[-0.4258702829580826, 0.7228560322415126]",-0.049004562498210724,0.9809335090304285,0.9969114181487428,"[-4.067954141283278, 3.9699450162868564]",0.18718364053550296
5717.0,24.0,0.6300430817017146,0.8623639223949009,0.33682948477642577,0.33152039409868284,0.4538266859667116,"[-0.3430217912653237, 1.0166807608181752]",2.7626327647783167,0.009087279653303582,0.11109143830444476,"[0.6870584862839544, 4.8382070432726785]",13.447520148909637
5718.0,24.0,0.05522182794428632,0.11729360226059116,0.7821244984726118,0.010045084871179985,0.021340736926237485,"[0.1866415862097237, 1.3776074107354999]",0.060522885317186415,0.8807936147020623,0.9766268042296392,"[-0.7304887832567848, 0.8515345538911576]",23.76881960715806
5719.0,24.0,0.9521924034548033,0.991078205928571,0.09969824456834765,0.7541751132809278,0.7852718797177507,"[-0.52432179838941, 0.7237182875261052]",2.4623137944930984,0.44437606433310894,0.8474209762881348,"[-3.847691228951709, 8.772318817937906]",14.594654115913489
5720.0,24.0,0.988632283114239,0.9966051241070958,0.049107791809463106,0.8798636553287202,0.8869593299684679,"[-0.5877070297972867, 0.685922613416213]",0.826800923900425,0.9002365240844193,0.9821476370111493,"[-12.099705883145036, 13.753307730945886]",20.84185310419923
5721.0,24.0,0.41181468990476977,0.6757007794617482,0.3836341486382552,0.1741013345266772,0.2857131635780551,"[-0.16958888314234233, 0.9368571804188527]",0.24612718502612285,0.7464156622255395,0.9549099799861029,"[-1.245667449719387, 1.7379218197716326]",23.059863404971175
5722.0,24.0,0.9092850033295935,0.9830108144103713,0.16377910334832377,0.6622792641217963,0.7159775828343743,"[-0.5711666691988337, 0.8987248758954813]",0.9553673635974054,0.6725431177201042,0.9338966192307091,"[-3.4748703051589365, 5.385605032353747]",20.35076547875522
5723.0,24.0,0.6735379950420937,0.8873352013781105,0.25063350476871465,0.3700149298848988,0.4874159777446338,"[-0.2973448144389404, 0.7986118239763698]",-0.734442325361842,0.511942352924279,0.8791728540688287,"[-2.929387149915736, 1.460502499192052]",2.805363035933838
5724.0,24.0,0.9389350046166904,0.9880486751993395,0.12724084063165597,0.7223907692350513,0.7603313011630896,"[-0.5747342482861849, 0.8292159295494969]",-2.526387330214607,0.3755710170944544,0.8058196345601851,"[-8.114588047606967, 3.0618133871777524]",9.650088762441387
5725.0,24.0,0.7692440728206196,0.9332266397944194,0.21725724522274453,0.46651591103837375,0.5659540349852891,"[-0.36752717965969156, 0.8020416701051807]",-2.338493605342711,0.08817276690635485,0.4323948579529639,"[-5.026500099339767, 0.34951288865434593]",8.932387600297927
5726.0,24.0,0.30061796141746683,0.5356699241223571,0.4883701764828986,0.11124758927936079,0.19823162736878258,"[-0.11264804960972208, 1.0893884025755192]",0.8639005962061344,0.1663105565937847,0.5846851386039164,"[-0.35938168588373287, 2.0871828782960016]",20.700142794570198
5727.0,24.0,0.4852963376390542,0.7479906560404658,0.4150250856852689,0.22164319250542774,0.3416728726767808,"[-0.2505402203800549, 1.0805903917505928]",2.802889301047413,0.0008859671477103166,0.02418308878087101,"[1.150411209738851, 4.455367392355975]",13.293751507174
5728.0,24.0,0.552158014667517,0.8050124138613749,0.41227161251378713,0.2693243299064081,0.39270077755171284,"[-0.3192356882876774, 1.1437789133152516]",1.357525537753749,0.12042086875698828,0.5045909910220823,"[-0.35572939643547974, 3.0707804719429777]",18.81463440703218
5729.0,24.0,0.6203200229771442,0.855613824796061,0.3502785269470676,0.32334424561833297,0.44587299884947934,"[-0.34486843401289113, 1.0454254879070264]",0.38528727902609194,0.7112683059331427,0.9453650348600355,"[-1.6548114803178424, 2.4253860383700263]",22.528311000781706
5730.0,24.0,0.27527306202482865,0.4983219804938969,0.5768609851373804,0.09824186093155246,0.17781332295303612,"[-0.10694276970200856, 1.2606647399767694]",-2.167281951136089,0.00027833138110760136,0.011044896075698467,"[-3.3359681967880945, -0.9985957054840837]",8.278407254331748
5731.0,24.0,0.6125723963333434,0.850523571434712,0.32725131002289626,0.3169710258317652,0.44005417996913115,"[-0.3136996904087089, 0.9682023104545014]",-0.458706625949044,0.6538507788115513,0.9301211184160023,"[-2.4636357627932313, 1.5462225108951433]",1.75213024677109
5732.0,24.0,0.6102233447381231,0.8484751734401045,0.3910137613160738,0.3148706764799719,0.4378068360400055,"[-0.37150508582306463, 1.1535326084552122]",-2.9352196680162903,0.004401040201777469,0.06978156382045168,"[-4.955286720980709, -0.9151526150518712]",11.21171326140827
5733.0,24.0,0.05790940696142098,0.12256791406051042,0.7160846339875561,0.01076665294972623,0.02279139066411141,"[0.16573183764098198, 1.2664374303341301]",-3.0711555315438552,4.727593183607317e-14,9.455186367214635e-11,"[-3.86956004873821, -2.2727510143495007]",11.730950012381324
5734.0,24.0,0.23501765610597122,0.4356212346727919,0.5579953757893925,0.07852748126423795,0.1455560357075773,"[-0.0636462938453779, 1.179637045424163]",-0.1408169593364219,0.8113005970412868,0.9656985281831257,"[-1.2968290585667175, 1.0151951398938737]",0.5378811635894872
5735.0,24.0,0.7859950906569989,0.9397892930302288,0.19069598508602317,0.48543677478076175,0.5805896179164063,"[-0.34509144031863415, 0.7264834104906804]",1.917749359073584,0.16821849421597013,0.5870841641586949,"[-0.8100111745588037, 4.645509892705972]",16.674737037411
5736.0,24.0,0.6552882812570113,0.8781904941339596,0.26725936293834074,0.35356904199341355,0.473728118521872,"[-0.29738984917391165, 0.8319085750505931]",0.6674405079901717,0.5394561429580753,0.8896052435427867,"[-1.4643773403341522, 2.7992583563144957]",21.450565054406365
5737.0,24.0,0.2190091512644355,0.41089897047736484,0.4325503497345255,0.07114194369710679,0.13347456603584762,"[-0.03724741357649658, 0.9023481130455475]",-1.7280211613034417,0.001218323915113249,0.03030656505256838,"[-2.77510772809407, -0.6809345945128134]",6.600554630132164
5738.0,24.0,0.7867936051732651,0.9403535475579627,0.2351867540592447,0.486558965308148,0.5815527034880731,"[-0.42730638345640826, 0.8976798915748977]",-0.7884322556209797,0.5832023719039282,0.9048911899207576,"[-3.6046560635781346, 2.027791552336175]",3.0115893786041212
5739.0,24.0,0.24785570186592104,0.4557194208108129,0.4380730591020546,0.08470788476289899,0.15574165244143956,"[-0.05995915273242086, 0.9361052709365301]",0.3982283132550375,0.5039272442135883,0.8742836255243381,"[-0.7696393236906274, 1.5660959502007024]",22.478879891191514
5740.0,24.0,0.6168675683976174,0.8534176663290782,0.3116582264827795,0.3206101303261275,0.44346511137364647,"[-0.30335980643493965, 0.9266762594004987]",-0.9670122810708461,0.330226985338943,0.7724312767886506,"[-2.9136009445242204, 0.9795763823825279]",3.6937148295118662
5741.0,24.0,0.16899997299853262,0.32710103844550537,0.6424972668257767,0.04948867449052477,0.09577835202346577,"[0.0014369452677412964, 1.283557588383812]",-2.9939966583008735,1.438855198400285e-08,4.796183994667616e-06,"[-4.029176894320813, -1.9588164222809346]",11.43622482646081
5742.0,24.0,0.38672645382527554,0.6471326201895508,0.3734667221046921,0.15901879180561318,0.26605118254243465,"[-0.14626637541914467, 0.8931998196285289]",-0.31307817136796245,0.669088873113947,0.9332201550489372,"[-1.748790962516478, 1.122634619780553]",1.1958705251371853
5743.0,24.0,0.4492411361700745,0.7126248880256502,0.3098543517815384,0.19761134267976033,0.3136261878515848,"[-0.16151291012644614, 0.7812216136895229]",1.6713695553094379,0.025344495331622956,0.21146950979611553,"[0.206404710262168, 3.1363344003567075]",17.615838564940802
5744.0,24.0,0.9348467630307556,0.9878137795754037,0.12734992189267946,0.7131500076095432,0.7542976599465566,"[-0.5515991524099367, 0.8062989961952957]",-1.4712701036035263,0.5743388234900357,0.9017816319235349,"[-6.605282847424351, 3.6627426402172985]",5.619837830683829
5745.0,24.0,0.9505972593367933,0.991078205928571,0.11826764236973894,0.7499748643993203,0.7819569016779484,"[-0.6091258858888356, 0.8456611706283136]",-0.137819465896162,0.9662413444187377,0.9940815958765544,"[-6.520218228357322, 6.244579296564998]",0.5264315820398178
5746.0,24.0,0.518197845631464,0.7759949210596461,0.3659601874455044,0.24469490364804403,0.36641944241995217,"[-0.2506040464731546, 0.9825244213641634]",-1.0371075639157592,0.2190350265781439,0.657423017751728,"[-2.6909165393819494, 0.616701411550431]",3.9614590875644846
5747.0,24.0,0.7722267665513787,0.9345665441914526,0.30268569495881803,0.4695366654136294,0.5684565431324686,"[-0.5175934554669499, 1.122964845384586]",-1.5155442689228629,0.25477637671239217,0.7041912015267887,"[-4.123858616621144, 1.092770078775418]",5.788952684967993
5748.0,24.0,0.9623651043995141,0.992026702813642,0.11410956806719877,0.781628443911729,0.8057811441521663,"[-0.6927181547035625, 0.9209372908379599]",-2.9357966662456003,0.43210307094403566,0.8398504780253366,"[-10.260224887382124, 4.3886315548909245]",11.21391723229667
5749.0,24.0,0.2050782503660747,0.3891427900684529,0.542484222957616,0.06494848742022424,0.12324191161332873,"[-0.03361153284804275, 1.1185799787632749]",-0.3409702977116247,0.5413447428406545,0.8901534294097935,"[-1.435126440653445, 0.7531858452301956]",1.3024105998796858
5750.0,24.0,0.4237719991150706,0.6876066836201048,0.29940367144949975,0.18170415516157712,0.2948306914839804,"[-0.13998895993548405, 0.7387963028344835]",-2.546361007137318,0.0008008004925140652,0.02268556636017182,"[-4.035025928322149, -1.0576960859524869]",9.726382588376667
5751.0,24.0,0.7201872500033234,0.9117731807377712,0.3313778190696951,0.41463595684183474,0.5248775203959621,"[-0.4647957628697049, 1.1275514010090952]",0.6473411651155843,0.6012746766433641,0.91161020243821,"[-1.7806003492531763, 3.075282679484345]",21.52733888891971
5752.0,24.0,0.46040909558458964,0.7235088361562432,0.4378509917298972,0.20505294110845296,0.32220763844822903,"[-0.23932209968209023, 1.1150240831418847]",-0.4087806569506993,0.6138480798208956,0.9171561511352546,"[-1.9966008256834502, 1.1790395117820516]",1.5614270926573475
5753.0,24.0,0.10621765590086221,0.2143645931399843,0.5832403650106697,0.025739239627962672,0.051945993194677444,"[0.07065437260733798, 1.0958263574140013]",-1.3971948201009905,0.0012347778573315875,0.030514571164962957,"[-2.2448230465887042, -0.5495665936132769]",5.336891089955138
5754.0,24.0,0.2867866383639259,0.5154324916677318,0.5617107392454678,0.10399115400849197,0.18689998923165344,"[-0.11545094330448424, 1.2388724217954197]",1.986461797141362,0.0009183319550450273,0.024620159652681696,"[0.8117788496667484, 3.1611447446159757]",16.41227485732182
5755.0,24.0,0.4248387016383001,0.6886455173702895,0.40808884176776067,0.18235310131915294,0.2955479762060826,"[-0.19169563057421296, 1.0078733141097342]",-0.5593059104862945,0.46329692804230593,0.8552647739381687,"[-2.0539559897407047, 0.9353441687681159]",2.136391208505766
5756.0,24.0,0.5832661207690337,0.8293502717358707,0.3346578997642162,0.29317773956756454,0.4171930921351808,"[-0.2893264737406279, 0.9586422732690604]",-1.4388946925150972,0.11646725226022055,0.49852374971028296,"[-3.235445234801233, 0.3576558497710385]",5.496172869659293
5757.0,24.0,0.5422247379127166,0.7970761847265089,0.4606194105278716,0.2619141726735662,0.3850693755424881,"[-0.344100161637919, 1.2653389826936623]",1.3886153223434876,0.106335681479145,0.476841620982713,"[-0.2967286154464248, 3.0739592601334]",18.69588017750132
5758.0,24.0,0.5560440708788636,0.8085561594864965,0.3869213203304156,0.27238198638683075,0.39607675786946456,"[-0.30400093811695617, 1.0778435787777874]",1.1527297613165626,0.19419087192346873,0.6263102864981096,"[-0.5875015264083467, 2.892961049041472]",19.596896650495882
5759.0,24.0,0.926887196827772,0.986995204800098,0.16121074878547806,0.6962980346498808,0.7414524913745936,"[-0.6482921714849327, 0.9707136690558887]",1.4183279902623687,0.5657632830107453,0.8980369571599132,"[-3.422105338224495, 6.258761318749232]",18.58238614617961
5760.0,24.0,0.178614040007727,0.34381913379735707,0.6333466018262527,0.05363414033864182,0.10322197909669327,"[-0.009906372659257201, 1.2765995763117626]",-2.431921116600419,3.072433947994636e-06,0.0004151937767560319,"[-3.453473275457207, -1.410368957743631]",9.289254405996438
5761.0,24.0,0.8436493047626268,0.9598903733852996,0.2050020866358987,0.5585201172951588,0.635548608665406,"[-0.4817817019094439, 0.8917858751812413]",1.0178107715235782,0.5446359583559998,0.8913963247933143,"[-2.275049715955932, 4.3106712590030885]",20.112249229916323
5762.0,24.0,0.4932451605034853,0.7544713755754244,0.4164521725340685,0.2272638870622281,0.3475514406824103,"[-0.2595510045176529, 1.0924553495857898]",-2.498052582053636,0.0028456239496000265,0.05328883800749113,"[-4.138867340103221, -0.8572378240040499]",9.541857996895407
5763.0,24.0,0.6173661759087262,0.8534176663290782,0.2983962010322786,0.3207139685454211,0.44346511137364647,"[-0.2905772717081353, 0.8873696737726925]",3.0966414314525115,0.0030831660314567027,0.05581430494145091,"[1.0457306624611613, 5.147552200443862]",12.171701020828085
5764.0,24.0,0.1881771138304835,0.36028549460172987,0.6331738039869111,0.05758862184096247,0.110259662724416,"[-0.020390100478316797, 1.2867377084521392]",1.2194937086518252,0.01709815345655263,0.1674647743051188,"[0.21715641135024133, 2.221831005953409]",19.341877156766266
5765.0,24.0,0.8705277472710157,0.9711122638619929,0.17890564184868954,0.5974431531722251,0.6667148233146134,"[-0.48509978299420964, 0.8429110666915887]",1.1897665939093267,0.5182634193527621,0.8815502965687397,"[-2.419847727051661, 4.799380914870314]",19.45542637088935
5766.0,24.0,0.11008859137710407,0.2214171186184716,0.8395407452197563,0.027142903338797156,0.054584875683861764,"[0.09480120962363814, 1.5842802808158745]",-0.4887772394837482,0.29053179301805665,0.7402083898549213,"[-1.3951404488751553, 0.41758596990765884]",1.8669915296315915
5767.0,24.0,0.47390607255604617,0.7367815710596752,0.29693188730934506,0.2138776087097799,0.33270982395126714,"[-0.17128068318916512, 0.7651444578078552]",0.20679359181690415,0.8040258389114913,0.964856561617867,"[-1.4265886400198304, 1.8401758236536387]",23.21010666390269
5768.0,24.0,0.4973472135022537,0.7580356858744912,0.4219470871857429,0.229783537387929,0.35033318705279615,"[-0.26669445895265287, 1.1105886333241388]",1.6370681614168685,0.041110015493396844,0.2864809442048561,"[0.06609027000513423, 3.208046052828603]",17.746860238371468
5769.0,24.0,0.6718199717128623,0.8871149670238285,0.30284027561603677,0.3682857907261873,0.48628136395483057,"[-0.3568944193243291, 0.9625749705564026]",-1.1579752416414273,0.2849110403728594,0.7346855089552847,"[-3.280372306874503, 0.9644218235916484]",4.423139608446363
5770.0,24.0,0.6484482935947126,0.8755715549483021,0.31116463876617395,0.34726094902882154,0.4688913705493134,"[-0.3376931996353464, 0.9600224771676943]",1.7658317862885333,0.08545759038432862,0.4251236536262876,"[-0.246520006606056, 3.7781835791831226]",17.255019421041325
5771.0,24.0,0.8695319565798377,0.9711100698903705,0.14086146338397032,0.5959044510655735,0.6655175910940067,"[-0.37975662793902587, 0.6614795547069665]",-0.34322546639277274,0.8597632457044098,0.9718133216959531,"[-4.150823894100802, 3.4643729613152567]",1.3110247097143435
5772.0,24.0,0.7491041764923199,0.924826405972736,0.2826127193672052,0.4445294381766387,0.5486663023656365,"[-0.4418637050824541, 1.0070891438168645]",0.8636390394155322,0.5065112981530234,0.8752755366075138,"[-1.6845366177515153, 3.4118146965825797]",20.701141867917162
5773.0,24.0,0.6300130714000782,0.8623639223949009,0.3475542189435957,0.33165228843602146,0.4539450977771988,"[-0.35413506700906505, 1.0492435048962565]",2.506520660369469,0.016139373376938826,0.16169914989562845,"[0.4644575278760126, 4.548583792862925]",14.425796326565694
5774.0,24.0,0.773236506549744,0.9345665441914526,0.22232478190308616,0.47080813868520976,0.5693596768905842,"[-0.3819040681344791, 0.8265536319406513]",-1.2196261586049824,0.3650604770609557,0.7992721325156805,"[-3.8587483120882955, 1.4194959948783308]",4.65862876478791
5775.0,24.0,0.6986778483308234,0.9000101099199065,0.2564624043211527,0.393511267460393,0.5069061799051823,"[-0.33263466399668956, 0.845559472638995]",-2.1360282772057406,0.06392094475284858,0.36842043085215326,"[-4.395686486525579, 0.12362993211409812]",8.159027013632613
5776.0,24.0,0.9728367394881775,0.9937724649771265,0.06179470357077471,0.8144672091164441,0.832022892140611,"[-0.45432131478029386, 0.5779107219218433]",-0.6861263096644192,0.8730430922149253,0.9752862410683755,"[-9.101837130193896, 7.729584510865057]",2.620809450443827
5777.0,24.0,0.9679296701279607,0.9928502104092325,0.09105368951034373,0.7983396069369375,0.818893842380693,"[-0.6074369602310965, 0.789544339251784]",-1.7336019546978063,0.645964873284135,0.929178471352323,"[-9.130167161497582, 5.662963252101969]",6.621871690654269
5778.0,24.0,0.41579556646164206,0.6795155523151529,0.40123568978699986,0.17670583694689734,0.2887702811638182,"[-0.18087119945934016, 0.9833425790333399]",-2.0718637905102364,0.004268497752076062,0.06851521271390147,"[-3.4929057858202253, -0.6508217952002475]",7.913936728147566
5779.0,24.0,0.5204282054517353,0.7779673831821071,0.376746831964836,0.24607166295641225,0.3679851397583554,"[-0.2598445118226201, 1.0133381757522921]",-0.19658965415618024,0.825816158643076,0.9673342432964434,"[-1.9474305814771906, 1.5542512731648301]",0.7509171652723741
5780.0,24.0,0.5851798472461558,0.8300076177490714,0.30485312872464543,0.2949702081699431,0.41833811965670564,"[-0.26567322936130666, 0.8753794868105975]",-2.1684915037453996,0.021263445985198994,0.19053267011827055,"[-4.01376293988466, -0.3232200676061392]",8.283027404972582
5781.0,24.0,0.8381036590745902,0.9579603180383357,0.19298507878741808,0.5508187365096082,0.6296180479120176,"[-0.4410843683751361, 0.8270545259499723]",-0.3563502935228673,0.8364187312734435,0.9708072590103425,"[-3.738981208207291, 3.0262806211615563]",1.3611578564738915
5782.0,24.0,0.7230011514674994,0.9127174942076481,0.34030656043854957,0.41747547810353136,0.5269824262856998,"[-0.4823147521353157, 1.1629278730124148]",-0.8843636796130028,0.4699910239694979,0.8584731734461428,"[-3.2834448970210732, 1.5147175377950677]",3.378020426432319
5783.0,24.0,0.8863379379467056,0.9752838225645968,0.16874495115286378,0.6223055964341361,0.6847552777664349,"[-0.5026798526234942, 0.8401697549292219]",-1.60760807282702,0.41058514867488116,0.8266260291421003,"[-5.436737378955664, 2.2215212333016248]",6.140610512276542
5784.0,24.0,0.6619757459806572,0.8812929694788435,0.3393789133319913,0.3591913470438842,0.47836090844430307,"[-0.3860713316540748, 1.0648291583180574]",1.5657571951157836,0.13570640872020126,0.5291021022618735,"[-0.4911360349144478, 3.622650425146015]",18.019248065174924
5785.0,24.0,0.7950146499063946,0.9438616287621923,0.2475018663909084,0.4959720512482433,0.5888436103993012,"[-0.4649914836158259, 0.9599952163976427]",-1.7235601361019146,0.2234775314332007,0.662664232788248,"[-4.498573796283312, 1.0514535240794824]",6.583514769042231
5786.0,24.0,0.9530505774805429,0.991078205928571,0.11970118018890469,0.7562115634393474,0.7864914856363467,"[-0.6359851886283698, 0.8753875490061791]",-3.133142176484998,0.3492735201533562,0.7887384329942547,"[-9.693879420576556, 3.42759506760656]",11.967721555134887
5787.0,24.0,0.8637875718519777,0.9683977725892569,0.20809508463492238,0.5872037788612032,0.6584478345606675,"[-0.5431748743701961, 0.9593650436400409]",-1.3461534507468063,0.4492957325035126,0.8499730088980565,"[-4.833396785649643, 2.14108988415603]",5.141927420317596
5788.0,24.0,0.6205316017448461,0.8556696107899148,0.29814251083406595,0.3233470987656424,0.44587299884947934,"[-0.2935411536690643, 0.8898261753371962]",-1.5637120844222068,0.10851465005590016,0.4815462434941741,"[-3.4733695540136305, 0.34594538516921713]",5.972940187399809
5789.0,24.0,0.5815435031605276,0.8287637211921443,0.4093773565187875,0.29190189394942156,0.41599243829189336,"[-0.3519095778924799, 1.1706642909300549]",0.280992958136018,0.774366457408409,0.9594555633735847,"[-1.6401697310532763, 2.2021556473253123]",22.92668596172733
5790.0,24.0,0.8113985883402861,0.9482278699781302,0.20572639404242604,0.5162373670303436,0.6032219759644118,"[-0.4154126674868183, 0.8268654555716703]",-2.2276991596610722,0.14419892506472784,0.543952579673821,"[-5.217574696477868, 0.7621763771557233]",8.509183991561304
5791.0,24.0,0.5872218566739231,0.8313609111974587,0.3608005368913001,0.29651379890053453,0.41975339595205907,"[-0.3165918492881199, 1.03819292307072]",0.4793928553556288,0.6244751675713874,0.9195245607783346,"[-1.440032266475496, 2.398817977186754]",22.168854177293127
5792.0,24.0,0.4677556534633311,0.730427300798314,0.4556600310456085,0.2097396808863995,0.3276781390256059,"[-0.25636290903735603, 1.167682971128573]",-1.462069625729555,0.05690213969642589,0.3464556430459154,"[-2.9670648165023916, 0.042925565043282043]",5.5846945939050245
5793.0,24.0,0.8397600004920701,0.9587751665643991,0.23702148246591936,0.5532384088455766,0.631694917613127,"[-0.5464871187435055, 1.0205300836753444]",0.8215455317196554,0.6252230945742581,0.9195245607783346,"[-2.4749274611467826, 4.118018524586093]",20.861927223642176
5794.0,24.0,0.6596302452391236,0.8805654487825544,0.257530249085959,0.3572182598814274,0.47705916120864617,"[-0.2907066940154004, 0.8057671921873184]",1.8879540240531405,0.07298753004354314,0.3948785159677203,"[-0.1759112299693415, 3.9518192780756225]",16.788546833800982
5795.0,24.0,0.9183444457193055,0.9853503815036669,0.16675761835133152,0.6793363995821746,0.7289017162898869,"[-0.6239137950449626, 0.9574290317476256]",-2.0161668477199255,0.3932006142886312,0.8163177410562709,"[-6.644285217199453, 2.611951521759602]",7.701190077903139
5796.0,24.0,0.5342184394258667,0.7904978387479531,0.4365640743786133,0.25616602165221714,0.37899988408376556,"[-0.31698072016422013, 1.1901088689214467]",2.7467035805001148,0.00240102240504377,0.047639333433408135,"[0.9732355590419848, 4.5201716019582445]",13.508365150924776
5797.0,24.0,0.33706178924274016,0.5854816557977074,0.5821636883558282,0.13074398044191343,0.2271043606772858,"[-0.17289127832591966, 1.3372186550375762]",-2.0836717614713907,0.0013171372957394916,0.031510461620562,"[-3.3550424420087537, -0.8123010809340276]",7.959039854860044
5798.0,24.0,0.5999605442569116,0.8411054875324709,0.36022365550974067,0.3064646790219887,0.4297639588023962,"[-0.3301520548915067, 1.050599365910988]",-0.07215812730271232,0.9433686363973581,0.9899283388510246,"[-2.0630664132405783, 1.9187501586351536]",0.27562374346754204
5799.0,24.0,0.7285668321511045,0.9150478185522077,0.27199123920328,0.42283278453563067,0.5312318501012964,"[-0.39311438862967124, 0.9370968670362312]",0.187895773409684,0.8844689602880402,0.9776378471184263,"[-2.3465345310865993, 2.7223260779059673]",23.28229101301858
5800.0,24.0,0.8742893618489348,0.9722968881771962,0.1911487621497851,0.6031978188918246,0.6708160797284526,"[-0.5295887402161223, 0.9118862645156927]",-1.2603521041306145,0.4990621990977596,0.8731021700276606,"[-4.914743807353143, 2.394039599091914]",4.814190417807804
5801.0,24.0,0.40597191731626797,0.6688169972261416,0.3686401955261209,0.17077721670901702,0.28129997810742385,"[-0.15885914332992862, 0.8961395343821703]",-0.8102295506858752,0.2661806902062177,0.7160047171367336,"[-2.2384328204737445, 0.6179737191019941]",3.0948489127387777
5802.0,24.0,0.5068655396792174,0.766472841574719,0.4333893295604554,0.23651315296341402,0.3577028931691077,"[-0.28418574465270474, 1.1509644037736155]",-1.85862523213786,0.023067901635690977,0.20076502729060902,"[-3.4617697831639824, -0.2554806811117376]",7.0994254332014854
5803.0,24.0,0.27812653123298364,0.5029412861355943,0.443696211464044,0.09964697844366492,0.1801934510735351,"[-0.08445013104955529, 0.9718425539776432]",-1.0505003681517255,0.07778299090213132,0.4058402805390724,"[-2.2179020132776, 0.1169012769741491]",4.012615831468872
5804.0,24.0,0.840375877155541,0.9587751665643991,0.20480875937205353,0.553810897456463,0.6320599149240618,"[-0.47319395082229854, 0.8828114695664057]",2.997792411925084,0.08715975390538853,0.4289357967784869,"[-0.4370573153137869, 6.4326421391639546]",12.549276462689942
5805.0,24.0,0.2184048977366638,0.4099191023586032,0.558509285782964,0.07088308815433865,0.13306380355610786,"[-0.04753793734653877, 1.1645565089124668]",0.21347154273292546,0.7096640653355335,0.9447289007555106,"[-0.9103219939468086, 1.3372650794126595]",23.18459877035045
5806.0,24.0,0.21086293059083822,0.3980047765021483,0.6113554513427523,0.06752062092445059,0.12742143975174672,"[-0.04406484409178457, 1.266775746777289]",0.32676918004087696,0.5623023594612679,0.8966709607100429,"[-0.7785605747910593, 1.4320989348728133]",22.751833673913815
5807.0,24.0,0.17306102793653902,0.3342487359132441,0.6552953823212828,0.051250037372467264,0.09899562946198041,"[-0.003557800349450635, 1.3141485649920162]",-2.01023230333786,5.91745518514335e-05,0.003713683838376283,"[-2.9912845694992427, -1.0291800371764772]",7.678521788141443
5808.0,24.0,0.0914828973833327,0.18715813703627804,0.5758146674694853,0.020813479154442045,0.04257205799640427,"[0.08753917599021255, 1.064090158948758]",-0.14728703153540312,0.7428173155668721,0.953797272171125,"[-1.0270659794048862, 0.73249191633408]",0.5625950189325907
5809.0,24.0,0.5648458577898265,0.815897526780047,0.3655210770533064,0.27913847104858014,0.4032044937867689,"[-0.2964366015186336, 1.0274787556252463]",2.0960706219972565,0.020762232742988346,0.18837780724356415,"[0.3193731157634918, 3.872768128231021]",15.993599986546391
5810.0,24.0,0.8013110850745044,0.9456304911189516,0.2616595591573193,0.5036465632380712,0.5945388590759338,"[-0.5051938415090562, 1.0285129598236948]",1.233531770741199,0.39526714697155774,0.8172334993625746,"[-1.6104464078862613, 4.077509949368659]",19.28825570941535
5811.0,24.0,0.14837486047353515,0.2907600636361653,0.624557347819573,0.04123626228333422,0.0808237206651004,"[0.024840533777666263, 1.2242741618614796]",1.7423081569023822,0.00022643389609959574,0.009514029247882173,"[0.8162537459706574, 2.668362567834107]",17.344873066551752
5812.0,24.0,0.5454434652274125,0.7994795762530997,0.4165368396509401,0.2645271530044011,0.3877248679306241,"[-0.31516270902778964, 1.14823638832967]",-0.5378849962585344,0.5556730720940234,0.8951179890946906,"[-2.326905815631913, 1.2511358231148446]",2.0545693432682732
5813.0,24.0,0.7169884626592796,0.9102923568111283,0.21910658349904152,0.41116721015583935,0.5220749636659198,"[-0.3034286053424644, 0.7416417723405475]",1.757020604210278,0.1344756868948734,0.5280589132477138,"[-0.5438650493710337, 4.05790625779159]",17.288675657415016
5814.0,24.0,0.23430601562973677,0.43457863945753594,0.4973097968752001,0.07823423667499609,0.14512008286959022,"[-0.05618007602438274, 1.050799669774783]",1.8369750705503183,0.0008258029060570134,0.02305666199721251,"[0.7602983421877287, 2.913651798912908]",16.983272092448008
5815.0,24.0,0.9556732607095324,0.9911597957501838,0.11360534806514498,0.7631908351016037,0.7921009257251218,"[-0.6254166503652997, 0.8526273464955897]",-1.1001377413100561,0.7345671679806401,0.9521126807754771,"[-7.4596393456196415, 5.259363862999529]",4.202216630674759
5816.0,24.0,0.751008403259095,0.925343030136884,0.2772019410948693,0.44633903771373695,0.5500172984765704,"[-0.4362354722267976, 0.9906393544165362]",-1.2771838869267595,0.31524666315052474,0.7593477307019229,"[-3.7697655351910204, 1.2153977613375013]",4.878483092201138
5817.0,24.0,0.6193141771092885,0.854815979446913,0.3476204627427587,0.3224321947257933,0.44510242231611447,"[-0.3409523231270297, 1.0361932486125471]",2.862420956814355,0.006118654020849946,0.08723659878279541,"[0.8158987215293911, 4.9089431920993185]",13.066357332315905
5818.0,24.0,0.9724834829099704,0.9937497270692525,0.07111506599943104,0.8131413959273639,0.8309231513666093,"[-0.5185527999442189, 0.660782931943081]",0.07582392573308372,0.9862340201588471,0.9971100704756963,"[-8.537400067439101, 8.689047918905267]",23.710373937958728
5819.0,24.0,0.9120099632867134,0.9837402730272814,0.13769967163755292,0.6673537574156023,0.7199846341736998,"[-0.4902605293640342, 0.76565987263914]",-2.2905805096752756,0.3224582855185649,0.7653393711230922,"[-6.8280477106111555, 2.2468866912606043]",8.749373055954555
5820.0,24.0,0.7086546501918367,0.9059252708516119,0.2724920026452836,0.4031265283178749,0.515375259930804,"[-0.3663145651255685, 0.9112985704161357]",-0.4769854527721247,0.696530424976125,0.9389973183580284,"[-2.874048179094109, 1.9200772735498597]",1.8219502221986266
5821.0,24.0,0.6263042249503066,0.8601898433598497,0.34507728274323807,0.32823100290831764,0.4508667622367001,"[-0.3466999754824162, 1.0368545409688923]",-2.9684270444396015,0.005125811389125089,0.07766380892613771,"[-5.04701600783971, -0.8898380810394926]",11.338556095925469
5822.0,24.0,0.6278347359755925,0.8607362305338067,0.28330359758378737,0.3295881688899509,0.4519859694047599,"[-0.2862316755124514, 0.8528388706800261]",0.28863692395409846,0.7852553344650954,0.9608848990282411,"[-1.7875681845403877, 2.3648420324485846]",22.897488163052778
5823.0,24.0,0.6976231773418031,0.8995613016989292,0.23427835892146062,0.3925095561663474,0.5060972555770619,"[-0.3027237467122965, 0.7712804645552178]",-2.1539089236059388,0.061504468195031636,0.3601648963799565,"[-4.411619942502718, 0.10380209529083961]",8.22732605187909
5824.0,24.0,0.5864667720393661,0.8310341722585731,0.36422232222017414,0.29594094448779373,0.4191946431296127,"[-0.3187838082399904, 1.0472284526803386]",0.5168005105164442,0.5963756124636649,0.9098026124541037,"[-1.3957233847316444, 2.4293244057645325]",22.02596745981343
5825.0,24.0,0.35219084989234023,0.6061804645307061,0.47202655779950786,0.13921068402885797,0.23960530813917036,"[-0.1536122165933166, 1.0976653321923324]",2.5634349674956107,0.00018967920114924366,0.008430186717744164,"[1.2173125322901295, 3.909557402701092]",14.208399687083075
5826.0,24.0,0.5883194694678238,0.8319856262166627,0.35854418368399277,0.2975007999928442,0.42049583037857835,"[-0.3159887686180245, 1.03307713598601]",0.7691459090719093,0.4235362862686526,0.8330768809375543,"[-1.1145176540514465, 2.652809472195265]",21.06207903869511
5827.0,24.0,0.6226751870809051,0.8570890393405438,0.39784707719943463,0.3252543718980301,0.44770044308056445,"[-0.3948254577065828, 1.190519612105452]",1.2704203782219192,0.19703845979524715,0.6295158459912049,"[-0.6597427014355786, 3.200583457879417]",19.14735160803135
5828.0,24.0,0.8444902268792311,0.9601935496068575,0.1991306857388881,0.5594602887667695,0.6361840900236178,"[-0.46958073332759637, 0.8678421048053726]",-0.08709946943049385,0.9609634856584672,0.9938808419181301,"[-3.5749612095208545, 3.400762270659867]",0.33269546641306863
5829.0,24.0,0.7456832261697621,0.9237571446140801,0.2764289223028626,0.4405893241744149,0.5459964303779319,"[-0.4261019833032799, 0.978959827909005]",-3.0089791102626964,0.025356309445432157,0.21146950979611553,"[-5.646579025783458, -0.37137919474193426]",11.493453577405472
5830.0,24.0,0.9124596387080472,0.9837402730272814,0.18233616507356862,0.6680549476803632,0.7203525422475342,"[-0.6510511456074504, 1.0157234757545877]",2.8119763475568864,0.24211788981032756,0.686857005583717,"[-1.8997681669141762, 7.5237208620279485]",13.259041546291872
5831.0,24.0,0.686361487735058,0.8932346274532249,0.30799009660980314,0.3816121267254654,0.49668877841936276,"[-0.38195042950511204, 0.9979306227247183]",-0.23030934070372844,0.8456453176424997,0.9708072590103425,"[-2.5490040453138065, 2.0883853639063497]",0.8797168803176121
5832.0,24.0,0.676572014372997,0.887781428800521,0.3151803983294555,0.37261497689973444,0.48899603267681685,"[-0.37767745118050416, 1.0080382478394152]",0.37679999067679404,0.7439284228693954,0.9543661614745291,"[-1.8840353435339279, 2.637635324887516]",22.560730054243397
5833.0,24.0,0.7642396817876488,0.9309778070260066,0.26954488212392186,0.4606780219892438,0.5611865294058275,"[-0.44656758883454967, 0.9856573530823933]",-1.7746924125967674,0.17499820795017207,0.6001310286357067,"[-4.339234652853639, 0.7898498276601047]",6.778825678378967
5834.0,24.0,0.3691140760352053,0.6254050763049904,0.4779340033038568,0.1486306596337432,0.2518736818060383,"[-0.17060037118994253, 1.1264683777976563]",-1.4629344927640773,0.02823706792686623,0.22662173296040314,"[-2.7698301464973074, -0.15603883903084736]",5.5879981426329
5835.0,24.0,0.24661708040406496,0.4538407810159458,0.5839083366511282,0.08400710121890025,0.15459532797000414,"[-0.07842328413249844, 1.2462399574347547]",-1.6730348467120102,0.0026836466506168877,0.05137473503237779,"[-2.7653989556012233, -0.5806707378227969]",6.390522379660988
5836.0,24.0,0.5906707151259184,0.8335742522239887,0.34046666297122774,0.2990250592832524,0.4221728918300895,"[-0.30208070873312387, 0.9830140346755794]",0.09986916705514659,0.9204412150663244,0.9876219255870755,"[-1.8599222894017182, 2.0596606235120114]",23.618527881616874
5837.0,24.0,0.12521343178726452,0.24913138039646737,0.7956709340030559,0.03254499450051107,0.06475327198669134,"[0.06613855782115285, 1.525203310184959]",2.0311593910371757,8.822372409307312e-06,0.0009385502563092885,"[1.1353832217547306, 2.9269355603196208]",16.241542625013828
5838.0,24.0,0.24713463540109898,0.45462589293800404,0.5462872938395332,0.08443088867299818,0.15531804391647938,"[-0.07421746921893302, 1.1667920568979995]",-2.129673146051612,0.00018606428077375722,0.008428070991455316,"[-3.2465674955043156, -1.0127787965989086]",8.134752200740369
5839.0,24.0,0.5743295931151876,0.8235059732601697,0.31411644364637287,0.28650561497642135,0.41083838417393764,"[-0.26352113022836304, 0.8917540175211087]",-0.6526687951971555,0.4910482940675883,0.8697731756428894,"[-2.510247156221375, 1.2049095658270643]",2.4930111589790203
5840.0,24.0,0.29225421732376816,0.5236592319006775,0.5091437628571276,0.10690962185074332,0.19152565720305145,"[-0.10981070251753766, 1.1280982282317928]",-2.422504657713627,0.00010197383228609678,0.005572340562081791,"[-3.644380406295166, -1.2006289091320883]",9.253286182518329
5841.0,24.0,0.8214737268424118,0.952733045322996,0.22953617801369275,0.5288209288733485,0.6133390499574908,"[-0.48478219495589314, 0.9438545509832786]",1.2677338841883357,0.40989540360413645,0.8261870702682022,"[-1.7474098581791426, 4.282877626555814]",19.15761325935211
5842.0,24.0,0.6647364222247951,0.8829013444345798,0.2600288525884343,0.361683547640691,0.4804510462814705,"[-0.2986956892690051, 0.8187533944458736]",3.051367880842851,0.007363384445156259,0.09830953865362162,"[0.8197672481520009, 5.282968513533701]",12.344633245728449
5843.0,24.0,0.6618559295255679,0.8812929694788435,0.3018589797242652,0.35936555800188674,0.4784095333506477,"[-0.3436233167685448, 0.9473412762170752]",2.593144993438071,0.019519808635495673,0.18107429160942182,"[0.41691945207993575, 4.769370534796206]",14.094915747367931
5844.0,24.0,0.8033796753104605,0.9465322931489172,0.2323231028429072,0.5061097727312055,0.5964055771048851,"[-0.4525015333079732, 0.9171477389937877]",1.3302651456649732,0.3600900803809768,0.7960482154681727,"[-1.5186098798610068, 4.179140171190953]",18.918761434669424
5845.0,24.0,0.9498104341925536,0.9910375982810451,0.10225542233122457,0.748162310015956,0.7806368009348456,"[-0.5219730496141074, 0.7264838942765565]",2.4665020531974813,0.4322974023850603,0.8399016949389164,"[-3.689695775022768, 8.62269988141773]",14.578656146095485
5846.0,24.0,0.28188116755449677,0.5080770864356468,0.5150909020170771,0.10154499720936175,0.1830317372050426,"[-0.10146824323204306, 1.1316500472661972]",-2.621359982323579,2.559002383735666e-05,0.002045300327820809,"[-3.841868865206435, -1.400851099440723]",10.012857571441943
5847.0,24.0,0.9450360914466556,0.9901985232007054,0.12794138613271497,0.7364594362601155,0.7717273774076447,"[-0.6171596481691058, 0.8730424204345358]",1.9888175155699086,0.4921994986657452,0.8697731756428894,"[-3.6866734775477568, 7.664308508687574]",16.403276675743356
5848.0,24.0,0.8920829318055999,0.9769912868067611,0.13419462008235453,0.6318864736794996,0.692098522282798,"[-0.4148165953192321, 0.6832058354839411]",0.23684092111867194,0.912691000252856,0.9856022475955274,"[-3.996823165932229, 4.470505008169573]",23.095334320260616
5849.0,24.0,0.7462326755226681,0.923874330742168,0.21719056167421338,0.4412211800199044,0.5463362803614468,"[-0.3355527230276224, 0.7699338463760491]",-2.8995832483649013,0.030905016789651858,0.24056259904392527,"[-5.532718471031212, -0.2664480256985904]",11.075592165209493
5850.0,24.0,0.9309395414431115,0.9878137795754037,0.12935240031996845,0.7048015003482871,0.7483558083969921,"[-0.539851952027687, 0.7985567526676238]",-1.2819543097248358,0.6159677557912169,0.9174210890671123,"[-6.2913609910232084, 3.727452371573537]",4.896704765055989
5851.0,24.0,0.05804859770245652,0.12277622187490803,0.7015084043378592,0.010819579114530388,0.02288405058064803,"[0.16199653491722088, 1.2410202737584974]",-0.27846324619008556,0.4921758021933351,0.8697731756428894,"[-1.0730706542784372, 0.5161441618982661]",1.0636512504136202
5852.0,24.0,0.19203414779489908,0.36696760518803573,0.741518973921585,0.05920197635331592,0.11313200143954887,"[-0.028798436857263243, 1.511836384700433]",1.3524558418102801,0.008236887429725748,0.1060088472294176,"[0.3492151444321445, 2.3556965391884157]",18.8339992190972
5853.0,24.0,0.8351687310237803,0.9560504332330844,0.17153673494837063,0.5470061388873957,0.6261517157593814,"[-0.38671063976258235, 0.7297841096593236]",2.223986958193649,0.17607699540410715,0.6019726338601954,"[-0.9978532461958984, 5.445827162583196]",15.504995573557737
5854.0,24.0,0.4620605176484006,0.7251420553176406,0.4581121807767122,0.2062309294050403,0.323651803837163,"[-0.25224000375590366, 1.168464365309328]",-1.0133284316437807,0.19267079462973802,0.6244437368203832,"[-2.5378994212835737, 0.5112425579960125]",3.8706294929199716
5855.0,24.0,0.15350893269073682,0.3001152154266605,0.7332589334089422,0.043371075443594205,0.08479193635111282,"[0.021834850802854522, 1.44468301601503]",-2.535246077653869,4.35115795720571e-07,8.531682269030804e-05,"[-3.5186369000521607, -1.5518552552555773]",9.683926685110858
5856.0,24.0,0.2964156838019719,0.5293137210749498,0.38799085135928096,0.10880582867373483,0.1943176903397143,"[-0.08622702556746309, 0.862208728286025]",0.035145193294248145,0.9567472018156825,0.9932738004330776,"[-1.234922901269005, 1.3052132878575013]",23.865755250271206
5857.0,24.0,0.7534036657009253,0.9262400611026866,0.2545440345829922,0.44900918718442306,0.5519707662203278,"[-0.4044419607005643, 0.9135300298665487]",2.699355494594797,0.04611060495918975,0.3048042435848638,"[0.04658066319664522, 5.352130325992949]",13.689221516951283
5858.0,24.0,0.37515162827536747,0.6331673051061054,0.46563726156731755,0.1522603690712378,0.2570229052519206,"[-0.17185701251993446, 1.1031315356545695]",1.1923298899922674,0.07920081614054805,0.4097389482071775,"[-0.1389910500865239, 2.523650830071059]",19.445635301076358
5859.0,24.0,0.359563138587413,0.6147429280003642,0.48051957466392914,0.14315844075568515,0.24479897530041922,"[-0.1627300557646365, 1.1237692050924948]",1.4484537071149193,0.027708110232549526,0.2231699651385458,"[0.15885425578943102, 2.7380531584404073]",18.467314384149123
5860.0,24.0,0.9050054886034724,0.9811184623469946,0.17403311878909283,0.6544157071528911,0.7094140962968344,"[-0.5879664141840384, 0.9360326517622239]",-1.9809022134485064,0.36266499843274513,0.7974785374940215,"[-6.24598240148628, 2.2841779745892676]",7.566489097248157
5861.0,24.0,0.9629678630941386,0.9923284751869268,0.08145946790616591,0.7833518235562387,0.8073295100033377,"[-0.49921150940725095, 0.6621304452195828]",-3.1065416181527277,0.41108324379658834,0.8267833441897668,"[-10.513831511207469, 4.300748274902013]",11.866114906792845
5862.0,24.0,0.9603736495188768,0.9918311520199155,0.09117502085861547,0.7760018322188258,0.8015719783274722,"[-0.5368704503062418, 0.7192204920234728]",-1.9443915769092897,0.5693015490137128,0.9003501129545338,"[-8.641050198936195, 4.752267045117615]",7.4270287385126075
5863.0,24.0,0.8241470795663162,0.9530427085657405,0.2459460968598939,0.5324002491146309,0.6157051568343135,"[-0.5261343483807125, 1.0180265421005004]",-2.0862770076643313,0.18399018150777657,0.6151460431553881,"[-5.164045325498037, 0.991491310169375]",7.968991162289912
5864.0,24.0,0.9615961695490494,0.9920032292111113,0.10674261183193795,0.7795527541852763,0.8041638565236057,"[-0.6407037610204644, 0.8541889846843402]",2.336821210056835,0.5124317178440567,0.8792582667193836,"[-4.655078120290099, 9.328720540403769]",15.07400047913929
5865.0,24.0,0.8272190225794822,0.954177025881037,0.180640611323266,0.5361834092920561,0.6185098646662932,"[-0.39170361568798495, 0.752984838334517]",-0.030004247333009992,0.9857496963346649,0.9971100704756963,"[-3.3224882958823274, 3.2624798012163074]",0.11460778264320859
5866.0,24.0,0.9968181289895784,0.9987202807390857,0.03216941740348033,0.9363955962613613,0.9382721405424461,"[-0.7579330418944571, 0.8222718767014178]",-0.4968011606983529,0.969032555375496,0.9946639642340541,"[-25.578462895118786, 24.58486057372208]",1.8976406510144137
5867.0,24.0,0.5072191534967675,0.7667326418584927,0.29380020703029075,0.23671081355763934,0.35783947627761054,"[-0.19285833733262786, 0.7804587513932093]",-0.19940987581052116,0.8198548969091765,0.966095377463714,"[-1.915623865396834, 1.5168041137757917]",0.76168961847805
5868.0,24.0,0.40092128855940146,0.6635572468709061,0.40636568971041237,0.16748584500603203,0.27720265641514735,"[-0.1706438545693197, 0.9833752339901445]",1.2964850679583835,0.06441471079443542,0.36956231092619285,"[-0.07758403486338117, 2.6705541707801483]",19.047791826950196
5869.0,24.0,0.8186769742733591,0.9516361507159439,0.2288955584845916,0.5253153800138379,0.6106188306565593,"[-0.4774109482368106, 0.9352020652059938]",1.1375219645303387,0.4588475584532451,0.8534160467298005,"[-1.872285119712633, 4.14732904877331]",19.65498615526543
5870.0,24.0,0.6573371987245881,0.8794985265247366,0.3299334618448315,0.3553078522326669,0.4753918279805552,"[-0.36965297352912574, 1.0295198972187887]",-1.0627327305389223,0.3161343435989,0.7599756422207345,"[-3.14059445097865, 1.0151289899008056]",4.059340014019601
5871.0,24.0,0.8837374367287214,0.974695746102203,0.1664389769799812,0.6183331706394817,0.6819600426155087,"[-0.4883285697812647, 0.8212065237412272]",0.8038988546412309,0.6883582990941755,0.9373175997811231,"[-3.124487474334477, 4.732285183616939]",20.929332564910442
5872.0,24.0,0.5836816367069504,0.8293502717358707,0.2860465632546933,0.29359201301710625,0.4171930921351808,"[-0.24775775490528223, 0.8198508814146688]",1.2742590708924908,0.1670613822133301,0.5853633937572217,"[-0.533287759902503, 3.081805901687485]",19.13268888210658
5873.0,24.0,0.8914822995870627,0.9767241063199419,0.13836413426009928,0.6310128072686603,0.6913904137948741,"[-0.42625735666923537, 0.702985625189434]",-0.5185356648409769,0.8070549214337127,0.964880279922775,"[-4.679872100571366, 3.642800770889412]",1.9806603414932111
5874.0,24.0,0.8822477502012105,0.9742274078264519,0.14302627318308958,0.6157001508356816,0.6799607977896386,"[-0.41544434395623797, 0.7014968903224171]",-0.16591508890450335,0.9359935780725342,0.9892015094756179,"[-4.21525174262513, 3.883421564816123]",0.6337489567843917
5875.0,24.0,0.8808062244099099,0.973696909584247,0.21769926179488103,0.6133648025702825,0.6781258182092675,"[-0.6267550140232181, 1.06215353761298]",-1.5984654583893398,0.4012996695582053,0.8206211468997754,"[-5.331249907666576, 2.1343189908878966]",6.105688297543579
5876.0,24.0,0.8718693521145098,0.9711122638619929,0.19512980815077954,0.5994186968450792,0.6678112957974374,"[-0.5330132173928726, 0.9232728336944316]",1.7907750554591342,0.33010537746133295,0.7723569898486966,"[-1.8131357041691878, 5.394685815087456]",17.159743150992377
5877.0,24.0,0.614927647678421,0.8525268926638305,0.4039482045874925,0.3189979840744407,0.4422542410570368,"[-0.39054125419129726, 1.198437663366282]",2.1647059268424265,0.028640427907849746,0.22894027104596124,"[0.22596332419183884, 4.103448529493014]",15.73143243366492
5878.0,24.0,0.9258519308469689,0.9867884278163261,0.14227906690852143,0.694363409746942,0.7400228175923926,"[-0.5674004634554803, 0.8519585972725232]",-0.8809131914896486,0.7273268617549655,0.9496368478325702,"[-5.832560344042728, 4.07073396106343]",3.3648405326504385
5879.0,24.0,0.43522842348303614,0.6986169497883861,0.5202439633137051,0.1887420986103674,0.3029568195993056,"[-0.2555698716838639, 1.2960577983112742]",0.3148693530420976,0.6882979267272832,0.9373175997811231,"[-1.223477924994772, 1.8532166310789673]",22.797287664844873
5880.0,24.0,0.5508607792263983,0.8040850013860587,0.33193844281838336,0.2683171072874384,0.3917038062590341,"[-0.25579317520839917, 0.9196700608451659]",1.7062645847024882,0.049985998476071145,0.32186734369653025,"[0.00010428459454336902, 3.412424884810433]",17.482549370927018
5881.0,24.0,0.8450879445360782,0.9603230413825136,0.18697069486563045,0.5603887646563479,0.6369501757858012,"[-0.4423928402248122, 0.8163342299560731]",-2.8142410244367966,0.11197488468832752,0.49103821403013537,"[-6.28466031551209, 0.6561782666384968]",10.749608882186775
5882.0,24.0,0.43453346238011686,0.697933604850814,0.4830376774322841,0.1882871373883599,0.30242071536839044,"[-0.2365511259080313, 1.2026264807725995]",-1.2798016248418342,0.08207258428400127,0.4176698883840759,"[-2.7223980708221074, 0.16279482113843913]",4.888482114494816
5883.0,24.0,0.786835709986431,0.9403535475579627,0.22311985245541358,0.4865851470084708,0.5815527034880731,"[-0.4054200171863719, 0.851659722097199]",-0.9205832831096927,0.5175608036175069,0.8812796782833903,"[-3.708842303440653, 1.8676757372212673]",3.51636912083216
5884.0,24.0,0.8073217628546712,0.9475607545242619,0.22678882209090853,0.5110407937429173,0.5998131381959124,"[-0.4495437890044246, 0.9031214331862417]",-2.747111813542657,0.07888884136321735,0.4088952952504398,"[-5.8112662736477825, 0.3170426465624683]",10.49319418443492
5885.0,24.0,0.21450814090738388,0.4036660536458108,0.6288720606340938,0.0692038361736634,0.13020947407613115,"[-0.049448119440742344, 1.30719224070893]",-1.1359046016831984,0.03435401959582445,0.2569827353210536,"[-2.188100283638415, -0.08370891972798189]",4.338835973729076
5886.0,24.0,0.3428586165998321,0.5939002539404677,0.5271954435832632,0.13374860715035206,0.2316795550846216,"[-0.16189852917847236, 1.2162894163449987]",-0.06573953011168321,0.9244056810772939,0.9879295512207908,"[-1.4236598944910395, 1.292180834267673]",0.25110650817150915
5887.0,24.0,0.6546297382448736,0.8781904941339596,0.31431245389251206,0.35297314845776706,0.4735352139224136,"[-0.34892614975602076, 0.9775510575410449]",-2.5093631923877657,0.021227582921207286,0.19038190960724022,"[-4.6441068119728435, -0.37461957280268754]",9.585061345952921
5888.0,24.0,0.9293636076240962,0.9878137795754037,0.12218680806709456,0.701426397444306,0.7457223021946694,"[-0.5024465629563482, 0.7468201790905373]",-1.4799102251178358,0.5556760257521558,0.8951179890946906,"[-6.402170574215102, 3.4423501239794305]",5.652840663833836
5889.0,24.0,0.6039101659326305,0.8446296027029797,0.3177819234463176,0.3096729605792855,0.43323021905328135,"[-0.29530589364056836, 0.9308697405332036]",0.10752578180485717,0.9162123238315147,0.9866950240827408,"[-1.8956545890853098, 2.110706152695024]",23.589281767582474
5890.0,24.0,0.9908170841994577,0.9968074560951746,0.037133277056577305,0.8920081471668568,0.8975731003892703,"[-0.49894466894173994, 0.5732112230548946]",-0.7078327269030469,0.9238950174868894,0.9879295512207908,"[-15.230472393722895, 13.814806939916803]",2.7037218568520527
5891.0,24.0,0.8022444238608855,0.9463777561175952,0.2432233681641217,0.5048397707621036,0.5955237296014044,"[-0.4715963185276252, 0.9580430548558686]",-2.7108004475248118,0.07788553818634614,0.4060768414303761,"[-5.724302478873533, 0.30270158382390955]",10.354494983023102
5892.0,24.0,0.8670465748263421,0.9701834484814971,0.19021792485832736,0.592146215387529,0.6627496566511464,"[-0.5056948252802356, 0.8861306749968902]",-0.35233837774637333,0.8545581969129825,0.9710102122541093,"[-4.119655473311627, 3.4149787178188804]",1.3458334670235546
5893.0,24.0,0.5519729187385423,0.804977276853642,0.41160803508467814,0.26918381559534577,0.3925679095746621,"[-0.3185075705920054, 1.1417236407613616]",-1.3607589776220923,0.11939340616298244,0.5039445290928164,"[-3.0733360218080206, 0.3518180665638362]",5.197716423485515
5894.0,24.0,0.03359554039783132,0.07490644458825266,0.7083275376034237,0.0048394832000005624,0.010787969683460906,"[0.21559197024780474, 1.2010631049590428]",-2.42316702961633,1.1031079498818278e-11,1.3788849373522847e-08,"[-3.122381634518002, -1.7239524247146583]",9.255816256817859
5895.0,24.0,0.9833486337812142,0.9954747198059007,0.054557267033794904,0.8546451427479836,0.8654634356941606,"[-0.5291397319537788, 0.6382542660213687]",-0.8667859882870133,0.8730515703745452,0.9752862410683755,"[-11.499101717188603, 9.765529740614577]",3.3108785913281245
5896.0,24.0,0.26728588473943865,0.48634112594384604,0.42592859520441406,0.09409167026112525,0.17123142904663377,"[-0.07270098761572197, 0.9245581780245501]",-2.92674380846752,2.2285026506262487e-06,0.00032772097803327187,"[-4.139106522370129, -1.7143810945649114]",11.179337862748925
5897.0,24.0,0.3076764655519981,0.5461015121813985,0.5759872903895575,0.11472823240508169,0.2036354852770353,"[-0.13974192875928138, 1.2917165095383965]",0.1887202759950659,0.7739531767589922,0.9594231226648312,"[-1.0991447506559178, 1.4765853026460496]",23.279141645129243
5898.0,24.0,0.8324668989949642,0.9550331349012728,0.2147488982360965,0.543279771318379,0.6232772145264076,"[-0.47767949319217157, 0.9071772896643646]",-1.9897511051424548,0.21459662764086973,0.6538593163950936,"[-5.132186974067924, 1.1526847637830144]",7.600289373743598
5899.0,24.0,0.3572337676914249,0.6122653335448516,0.4719001483648949,0.1420842121861886,0.24337823259025113,"[-0.15811407544791012, 1.1019143721777]",0.9413203011523903,0.1620132634851149,0.578412222367422,"[-0.3780754647257085, 2.260716067030489]",20.404421304932292
5900.0,24.0,0.3438973393143776,0.5948751761189719,0.537076915462527,0.13437352447260933,0.23245472839106904,"[-0.16606141628674687, 1.2402152472118009]",2.922000862794892,2.392209259816763e-05,0.0019735595998265592,"[1.5664093414017248, 4.277592384188059]",12.838778855217836
5901.0,24.0,0.9065926289064302,0.9819047210077225,0.12583754128196462,0.6573630931391531,0.7119712911720493,"[-0.4302064332631023, 0.6818815158270315]",-0.6135306168334038,0.7882137748807028,0.9617054354327754,"[-5.089926169386634, 3.862864935719826]",2.34351432977414
5902.0,24.0,0.8296069596437978,0.9545027190323622,0.16643484886545182,0.539401092014816,0.620789854272116,"[-0.36508912027437945, 0.697958818005283]",-1.3024079933559705,0.40870029945347763,0.8250542772233282,"[-4.392126385560921, 1.7873103988489807]",4.9748320815599785
5903.0,24.0,0.7743551782299629,0.9350986332930358,0.22188666395055504,0.47197392179347875,0.57001681376024,"[-0.38273917530825974, 0.8265125032093698]",-2.9669835989291595,0.039562794686759065,0.2799914698284435,"[-5.7922392529588365, -0.14172794489948304]",11.333042540211773
5904.0,24.0,0.6072662818031674,0.8462500840130023,0.3198568530317968,0.3124265053075662,0.4355297154337871,"[-0.3007558244781846, 0.9404695305417782]",-0.15952337795336025,0.8765373774237166,0.9759908444758008,"[-2.172008703535201, 1.8529619476284807]",0.6093344193598551
5905.0,24.0,0.8126203121068256,0.9485141600090665,0.19473633706380944,0.5174761639903565,0.6041756631981744,"[-0.394961124892119, 0.7844337990197379]",-1.5545288940626882,0.2957434382193569,0.74607325484197,"[-4.468459714017475, 1.3594019258920982]",5.937862984062099
5906.0,24.0,0.6116296782036783,0.8494856641717755,0.35071323552513695,0.31602277748350727,0.43898149393458435,"[-0.33484542345781615, 1.03627189450809]",0.19918960891459303,0.8471457682973774,0.9708072590103425,"[-1.8261343799778107, 2.2245135978069968]",23.239151739088825
5907.0,24.0,0.9432195030006542,0.988907006710688,0.13465217980858668,0.7320665849881273,0.7675263000504584,"[-0.6361729570151178, 0.9054773166322911]",-0.04054002234707532,0.9893423901227512,0.9980609328895059,"[-5.988929579096809, 5.907849534402659]",0.1548514787902305
5908.0,24.0,0.7896368551472893,0.9416531183545305,0.33077488906602226,0.48972380205653354,0.583977822628826,"[-0.607782580420807, 1.2693323585528515]",1.1884814130079002,0.39864031732436755,0.8197755210572415,"[-1.5712781891649978, 3.9482410151807983]",19.460335400326855
5909.0,24.0,0.4535468881388186,0.7170701788756025,0.3534339007861717,0.20039017484024824,0.31682241081462176,"[-0.18756553532207082, 0.8944333368944142]",-3.1274913681399172,0.0001164623167503074,0.006261414879048786,"[-4.718211706753026, -1.5367710295268087]",11.946137057200858
5910.0,24.0,0.9260022606628404,0.9867884278163261,0.12634169532399597,0.6946723328568558,0.7402731594808779,"[-0.504514611322541, 0.757198001970533]",0.8685628022355605,0.7315170513642201,0.9512605204558294,"[-4.09299666358323, 5.830122268054351]",20.682334479323092
5911.0,24.0,0.42044252276382427,0.683980027271554,0.5115777458735684,0.17939561993520636,0.2918425572396394,"[-0.23522720932035268, 1.2583827010674895]",-1.755268605474047,0.01457505426046302,0.1510368317146427,"[-3.163614193010161, -0.3469230179379328]",6.704632200365099
5912.0,24.0,0.879290371031135,0.9731880414281983,0.15212936779412345,0.6111921360384747,0.6763992242969838,"[-0.4343856049866339, 0.7386443405748808]",-2.2025776838451936,0.2572852876691416,0.706034507547217,"[-6.013360979950974, 1.6082056122605866]",8.41322702226865
5913.0,24.0,0.7840986662493261,0.9395359504810574,0.17051821607525391,0.4834225727395658,0.5792802667358555,"[-0.30637324967602847, 0.6474096818265362]",-0.8084381666470666,0.5703304180218728,0.9008246509973031,"[-3.600206250885132, 1.9833299175909986]",3.0880063297447222
5914.0,24.0,0.5616327972519046,0.8126650227925113,0.3924576483757097,0.2765927973776978,0.4002287997218142,"[-0.3145268705911875, 1.099442167342607]",-0.3853672391272003,0.6833706376123713,0.9361876263895716,"[-2.237206650138503, 1.4664721718841025]",1.4719944243064893
5915.0,24.0,0.5267179598774864,0.7837098996882345,0.3295674872639262,0.25061575883273424,0.37292240465683335,"[-0.23267960424447204, 0.8918145787723244]",1.332325268557625,0.1132222254658158,0.4939560215002053,"[-0.31635910467581896, 2.981009641791069]",18.91089234486761
5916.0,24.0,0.7464319801117392,0.923874330742168,0.2979878591399193,0.4413671721724586,0.5464493898383789,"[-0.4606244911388968, 1.0566002094187354]",0.07726893219085351,0.9543309627715132,0.9927151416642309,"[-2.5671719586304826, 2.7217098230121897]",23.704854419865438
5917.0,24.0,0.5622362019413869,0.8131851344249159,0.4101719251818943,0.2772312800582276,0.40091291403937473,"[-0.3297063598072046, 1.1500502101709933]",2.407619912722754,0.009168305029244503,0.11167241204926312,"[0.5966580081912791, 4.218581817254229]",14.803569355288705
5918.0,24.0,0.728920791341453,0.9151118241095088,0.2912802544075889,0.4233732431548497,0.5314753240708633,"[-0.4218238081937596, 1.0043843170089375]",2.0435145780356576,0.09427588546054717,0.44406917315377853,"[-0.35014336065589813, 4.437172516727213]",16.194349287006634
5919.0,24.0,0.7509841178014105,0.925343030136884,0.2784935483489435,0.44645148867197904,0.5500880836273768,"[-0.43844539057144355, 0.9954324872693305]",2.076512877153137,0.10662650582153771,0.4777173199889682,"[-0.44581809589167465, 4.598843850197948]",16.06830506897051
5920.0,24.0,0.9308235191493182,0.9878137795754037,0.1216556932781672,0.7044941267843712,0.7481883249621614,"[-0.5070428440009194, 0.7503542305572537]",-3.117190968371013,0.25526572164138117,0.7046292623147469,"[-8.487533318499489, 2.2531513817574633]",11.90679242826381
5921.0,24.0,0.548036474467178,0.8019753196290194,0.37598639000412853,0.26651266554898145,0.38999394740406074,"[-0.28723051337588407, 1.039203293384141]",-0.9157273467302662,0.3041250362578308,0.7514276816848787,"[-2.6622672601846524, 0.8308125667241202]",3.497820810157148
5922.0,24.0,0.7507184179730176,0.9253277677468478,0.339085859023085,0.44593501864572127,0.5496548978746718,"[-0.532847818166617, 1.211019536212787]",1.484893925519085,0.23978097141532928,0.6833313519958087,"[-0.9908639454081261, 3.960651796446296]",18.328123002876215
5923.0,24.0,0.809559140082766,0.9481259049426021,0.25781052196919557,0.5139548625105199,0.6018466755675292,"[-0.5163667924833071, 1.0319878364216981]",-2.2592963812422493,0.13738808816696088,0.5316876477049569,"[-5.240027953302702, 0.721435190818204]",8.629876487624047
5924.0,24.0,0.8084079127012687,0.9479515751594272,0.1858303164837816,0.5125180069758061,0.6009121901463315,"[-0.3702981312247481, 0.7419587641923112]",0.6551432149072145,0.670954854202336,0.9335673496623571,"[-2.367320495333275, 3.677606925147704]",21.497537253945623
5925.0,24.0,0.6229431150020288,0.8573017699758808,0.35982993659535717,0.3256264046558366,0.44808917662837017,"[-0.3576485621445232, 1.0773084353352376]",-0.5129955181230663,0.6210930219129839,0.9177195404295999,"[-2.547082076214159, 1.5210910399680264]",1.9594985398385756
5926.0,24.0,0.6404457145065248,0.8701708077534304,0.37007225749142575,0.34046804324747393,0.46252960636798524,"[-0.39083542000244936, 1.130979934985301]",2.014707413952438,0.0491028081443688,0.3186424928252356,"[0.007918678708785265, 4.021496149196091]",16.30438454845392
5927.0,24.0,0.6910212773642979,0.8961500160346231,0.25432420786882565,0.3862059242850492,0.5008506345286593,"[-0.32092759388552955, 0.8295760096231808]",-2.597431814769322,0.027042055372758635,0.22039164932973623,"[-4.9000458158342575, -0.29481781370438664]",9.921458703952556
5928.0,24.0,0.7051090970618232,0.9039860218741324,0.3318089033486503,0.3994526211078062,0.512118745010008,"[-0.4400093894979912, 1.103627196195292]",-1.4621865255867696,0.20082231472281542,0.6343372390294133,"[-3.7024972126472915, 0.7781241614737522]",5.585141118467964
5929.0,24.0,0.8986942661695823,0.9792822092434281,0.17477059338493434,0.6432392600288515,0.701001809098574,"[-0.5647866033959641, 0.9143277901658327]",-0.3543742336610869,0.8733439413296189,0.9752862410683755,"[-4.711378934640456, 4.002630467318283]",1.3536098637975433
5930.0,24.0,0.8050049835431938,0.9468372767914627,0.24316407922412123,0.5081282372179314,0.5977276052440083,"[-0.4770311943742269, 0.9633593528224693]",-2.847851438012211,0.06797321180928517,0.37973861345969373,"[-5.906000711593871, 0.21029783556944848]",10.877991205224138
5931.0,24.0,0.5030840116401036,0.7634878720898118,0.31011155973694626,0.23386018104412687,0.35492514955854737,"[-0.2004477112107843, 0.8206708306846768]",1.8478909813516324,0.023024472453696928,0.20056160673952028,"[0.2545101534577414, 3.4412718092455234]",16.941576384550903
5932.0,24.0,0.9221889745699909,0.9861488829547715,0.143302473568926,0.6867672953795616,0.7347462237932616,"[-0.5532145856648808, 0.8398195328027328]",1.5397777612788772,0.518784684962267,0.8816839468333598,"[-3.137556130269264, 6.217111652827018]",18.118482192707862
5933.0,24.0,0.4894932973376785,0.7518800106139474,0.35088723866901955,0.22443626905543868,0.3447561736642683,"[-0.21522840239041258, 0.9170028797284517]",1.3477547164598462,0.09005557895489241,0.43589341217276095,"[-0.21058610660685995, 2.9060955395265524]",18.85195619519999
5934.0,24.0,0.9445091895301048,0.9898440468770747,0.12046367034418848,0.7352789036321729,0.7705710580928241,"[-0.5778391482971664, 0.8187664889855434]",0.9226753035599549,0.7525812094409349,0.9552799279805988,"[-4.813981709386301, 6.659332316506211]",20.475639949670835
5935.0,24.0,0.7092206518973707,0.9059252708516119,0.2399381944855951,0.4037018200381245,0.5157584463062623,"[-0.32324064056845253, 0.8031170295396428]",-0.5098466867509117,0.6764978412064742,0.9341755514903409,"[-2.9047864716944876, 1.8850930981926641]",1.9474708899703859
5936.0,24.0,0.955719809536462,0.9911597957501838,0.10120292068202869,0.7632684520287274,0.7921009257251218,"[-0.5573616908905425, 0.7597675322546]",1.904118778617737,0.554446833855924,0.8948702936230022,"[-4.40943589216327, 8.217673449398744]",16.726802019573235
5937.0,24.0,0.8847283379338854,0.9749979007123574,0.19457384525795718,0.6196797389769337,0.6829932094973369,"[-0.573821140655408, 0.9629688311713224]",-1.5647718668555832,0.41962774047193696,0.8307712672074292,"[-5.364822620110974, 2.2352788863998083]",5.97698825810878
5938.0,24.0,0.6087546101531665,0.8470218591250402,0.34768458099500266,0.31395560665814404,0.43683818931145685,"[-0.3290568226533781, 1.0244259846433834]",2.26694925534704,0.02154124846719709,0.192332575599974,"[0.3337721783166778, 4.200126332377402]",15.340891686552656
5939.0,24.0,0.5116073268532174,0.7697851097696085,0.31424895676352305,0.2400154892006947,0.36102065779821324,"[-0.20995857979307642, 0.8384564933201225]",-1.0374394817420276,0.21431178926037142,0.653392833958889,"[-2.6748612481940954, 0.5999822847100402]",3.9627269202705073
5940.0,24.0,0.6329041889801319,0.8648518623920428,0.3407243513578516,0.33379963843364213,0.4561974011666559,"[-0.3502380718629523, 1.0316867745786555]",0.10558933338679122,0.9217078971932907,0.9878688510655973,"[-2.000086521810193, 2.2112651885837753]",23.596678455689137
5941.0,24.0,0.9396925251553537,0.9881465331839322,0.1199226795121389,0.7240885625346933,0.7614770875325412,"[-0.5459250290682562, 0.785770388092534]",-0.5568137484731412,0.8467662829320068,0.9708072590103425,"[-6.204199272636806, 5.090571775690523]",2.1268718508246653
5942.0,24.0,0.7983569022162723,0.9448153917556348,0.20738977927178584,0.5001316633116203,0.5918662493735326,"[-0.3954383188193882, 0.8102178773629598]",2.7136464449863835,0.07439158619745428,0.39824189613198224,"[-0.2673292832088263, 5.694622173181593]",13.634634107440034
5943.0,24.0,0.29036804181837234,0.5210264522131209,0.3850123179623402,0.10568888506308022,0.18967854462146486,"[-0.08140743746209772, 0.8514320733867782]",0.062154057778879945,0.9228928153990856,0.9878688510655973,"[-1.196438357843026, 1.3207464734007859]",23.76258898731053
5944.0,24.0,0.9647891449189853,0.9923284751869268,0.08646402516008632,0.7888606600966352,0.8113590668310079,"[-0.5463681257898662, 0.7192961761100388]",-0.6327978374681926,0.8669688268113871,0.9734244302898619,"[-8.036901550688803, 6.771305875752419]",2.4171096914621915
5945.0,24.0,0.5316032308175754,0.7882389987700033,0.43362132839276446,0.25408896458692953,0.3768188708096241,"[-0.31157964971013263, 1.1788223064956616]",1.5029519032114127,0.074962978861388,0.39980255392740266,"[-0.15131149858192416, 3.1572153050047493]",18.259146608988765
5946.0,24.0,0.677994820149616,0.8885209441484517,0.3033501138874415,0.37407446030878677,0.49020372206629115,"[-0.36554092455253795, 0.9722411523274209]",-0.956442362296678,0.3891330430768758,0.8133552094429017,"[-3.1331875006833494, 1.2203027760899934]",3.6533407138081375
5947.0,24.0,0.8319079059751451,0.9548988819733071,0.18723008622910242,0.5426160640439712,0.6228375390771019,"[-0.4154752271265164, 0.7899353995847213]",-2.5749784991369107,0.12296200981206708,0.5087252596443482,"[-5.846938394285349, 0.6969813960115281]",9.835693355831738
5948.0,24.0,0.9620389172900636,0.992026702813642,0.07976959914753348,0.7807191421534581,0.8051971350592595,"[-0.481852726393068, 0.6413919246881349]",1.8889126614551728,0.5875661854230054,0.9077706636973603,"[-4.937102776056051, 8.714928098966396]",16.784885108652993
5949.0,24.0,0.3660918031569762,0.6219704436917707,0.4541979109458715,0.14705191188735853,0.24979091538535506,"[-0.15973105500769813, 1.068126876899441]",0.43680247258700255,0.5366272286539753,0.8887546089143881,"[-0.9486767750500027, 1.8222817202240078]",22.331537455992393
5950.0,24.0,0.8420910605572461,0.9592106852229708,0.19396319275026522,0.5564118432156553,0.6337596513157869,"[-0.45237163959295523, 0.8402980250934856]",0.6551176353876631,0.7028119208994428,0.9411493399050215,"[-2.710320515562104, 4.020555786337431]",21.497634960513107
5951.0,24.0,0.8830352586392326,0.9742298309856686,0.16039689740818838,0.6169402985549025,0.6808744052035123,"[-0.4681067693770832, 0.78890056419346]",0.023018632986604004,0.9911599893197511,0.999042938587908,"[-4.048964833661174, 4.095002099634382]",23.91207529864713
5952.0,24.0,0.26770579949775186,0.48682633114703006,0.4726747805005798,0.09444086248622478,0.17174188486311107,"[-0.08126721187377578, 1.0266167728749354]",0.5253805118435348,0.3886747382059228,0.8129569926917439,"[-0.6691660537461019, 1.7199270774331716]",21.993194268862833
5953.0,24.0,0.8766959791950647,0.9725797022127185,0.140327522847925,0.6068620225158481,0.6733892337056187,"[-0.3941835890048962, 0.6748386347007462]",1.5936611207600233,0.39412155459653353,0.8163177410562709,"[-2.0717229624373847, 5.259045203957431]",17.912662920424136
5954.0,24.0,0.7611239910345304,0.9294675252910781,0.24738654967495893,0.45753000970512114,0.5588494072372312,"[-0.40526597378251067, 0.9000390731324286]",-2.3665937091814624,0.0789545596466225,0.4088952952504398,"[-5.006893994058692, 0.2737065756957673]",9.039722090553916
5955.0,24.0,0.4788379127350386,0.7414647146717848,0.41016516658686186,0.21714339966077845,0.33632632608853696,"[-0.24121645907296507, 1.0615467922466888]",1.647379384523738,0.03469182323631511,0.25793177127371825,"[0.11854413661976704, 3.176214632427709]",17.70747426732871
5956.0,24.0,0.31680078867254907,0.5584360808611829,0.31888961890386974,0.11954057425963968,0.21082993696585484,"[-0.0826072763331539, 0.7203865141408934]",-3.0830658384525775,3.847309241196151e-06,0.00047497644953038904,"[-4.391160631861107, -1.7749710450440486]",11.776444033619677
5957.0,24.0,0.784009840776696,0.9395359504810574,0.24928463573435422,0.4833008206333552,0.5792802667358555,"[-0.44770032425324924, 0.9462695957219577]",-0.9092589624547456,0.5199429479774185,0.8827554295032572,"[-3.678955021118799, 1.8604370962093078]",3.47311340220674
5958.0,24.0,0.8875837641536827,0.9754739687368751,0.17101166866634218,0.6243533213479726,0.6863129785011499,"[-0.5134555500247966, 0.855478887357481]",0.06536432778116374,0.9754210006254302,0.9955285224381598,"[-4.0927463766434204, 4.223475032205748]",23.750326659161974
5959.0,24.0,0.5568763135111763,0.8092161760394625,0.34002933735736157,0.27304924122532104,0.39675856033903084,"[-0.2680037099420786, 0.9480623846568017]",-1.0963769885737884,0.21909414284738793,0.657423017751728,"[-2.8449234314052205, 0.6521694542576435]",4.187851613369397
5960.0,24.0,0.1828466508899005,0.35115546550777893,0.6142047247563529,0.055262058668786564,0.10613032200650385,"[-0.013827820758103626, 1.2422372702708095]",0.16278002009566528,0.7635304937683896,0.9565635162989086,"[-0.8976993625145073, 1.2232594027058379]",23.378226123964243
5961.0,24.0,0.22325959287297859,0.4173856662422482,0.5748178187687861,0.07321264635215816,0.13684606794795917,"[-0.05405210266691052, 1.2036877402044828]",-1.071888879263522,0.04990711420848716,0.3215664575289121,"[-2.1433430127540034, -0.0004347457730404791]",4.0943139259205115
5962.0,24.0,0.8169144551643454,0.9512278238988651,0.22139590783748908,0.522893574004647,0.6089362687837976,"[-0.45779306898035876, 0.9005848846553369]",1.5728761078655689,0.2963376909251255,0.7463117737752201,"[-1.3790759937871315, 4.524828209518269]",17.992055821489284
5963.0,24.0,0.9780386827797348,0.9948196093691711,0.09811685667770687,0.833089579070974,0.8475832526920074,"[-0.8144048576210335, 1.0106385709764472]",2.0602210694170218,0.6573373580628963,0.9301211184160023,"[-7.04263959472506, 11.163081733559103]",16.13053519056504
5964.0,24.0,0.7079586152076962,0.9054209861338411,0.2484358276710921,0.4025309717987511,0.514745488233697,"[-0.333238641269227, 0.8301102966114111]",-0.633167610097404,0.6003103470801587,0.91161020243821,"[-3.0016676561472866, 1.7353324359524787]",2.418522118864409
5965.0,24.0,0.7806927010298871,0.9383325733532297,0.23542200829999427,0.4793848714170247,0.5762270976594444,"[-0.4169513885374435, 0.887795405137432]",-2.6603320978035554,0.0656625054937695,0.37334894293714965,"[-5.49300259829398, 0.17233840268686906]",10.161720087155217
5966.0,24.0,0.7753825726691985,0.9353525900550844,0.15957036425937993,0.47323747501123037,0.5708534077336916,"[-0.2764904553635174, 0.5956311838822772]",1.218312948802346,0.36823572259226955,0.8007965373156024,"[-1.4354929132330252, 3.8721188108377174]",19.346387327165843
5967.0,24.0,0.8692361520215917,0.9708881403122882,0.19060014758078125,0.595609615596325,0.6652626109642857,"[-0.5132854525013918, 0.8944857476629543]",-0.8707445929702882,0.6418206595670362,0.9267530297802351,"[-4.539691624283018, 2.798202438342441]",3.325999347402283
5968.0,24.0,0.940368329503874,0.9882270368621947,0.11122274898804653,0.7255834152632266,0.7625679613906743,"[-0.5098271042729717, 0.7322726022490648]",2.003941810633873,0.4708221184427437,0.8584731734461428,"[-3.4424938082968266, 7.450377429564573]",16.34550612405831
5969.0,24.0,0.642087938924211,0.8711001749073546,0.3117826851945621,0.34178830762503976,0.463732598476107,"[-0.33103088452584517, 0.9545962549149694]",-2.8390788958919795,0.008926250989534418,0.11014240389713044,"[-4.967101031260299, -0.7110567605236606]",10.844482562618136
5970.0,24.0,0.8331975129294339,0.9555017350108187,0.22922834801044423,0.5443636753748675,0.6242702699253068,"[-0.5118783908827531, 0.9703350869036416]",-0.9278818623565437,0.5696120767793229,0.9003534678471261,"[-4.126161449537657, 2.270397724824569]",3.5442476399845817
5971.0,24.0,0.7123813908549836,0.9076409081518789,0.29647319284956003,0.4068690852280087,0.5183549577877793,"[-0.4041123070323101, 0.9970586927314302]",-2.517022540977826,0.03916710995331273,0.2781754968275052,"[-4.908997507875451, -0.12504757408020106]",9.61431790248825
5972.0,24.0,0.13926354181239833,0.2743568593624868,0.5225631456282557,0.037726562934452104,0.07435270582272784,"[0.029638699744958197, 1.015487591511553]",1.383158139710897,0.002894780034409365,0.05380632034218151,"[0.4730483761230382, 2.293267903298756]",18.71672507969329
5973.0,24.0,0.7391959183720982,0.9208869046618889,0.22125245555140954,0.4340850116380853,0.5407811282397974,"[-0.33312684858164926, 0.7756317596844684]",-0.8440270497171802,0.5072071771043041,0.8754924137551734,"[-3.3384193127059714, 1.650365213271611]",3.2239458495781954
5974.0,24.0,0.9986020046416134,0.9992015255569476,0.023047025851597052,0.9578211539509376,0.9583961916659371,"[-0.8310474670656621, 0.8771415187688562]",2.886896377026911,0.8826280185088458,0.9768649301292893,"[-35.43786615726249, 41.21165891131632]",12.972868113649994
5975.0,24.0,0.7859952273124453,0.9397892930302288,0.26446110440095405,0.48530507813944745,0.5805622013592745,"[-0.47835569713655346, 1.0072779059384616]",3.125665870559898,0.035836118881418105,0.2627281442919216,"[0.20673840622912776, 6.044593334890669]",12.060835829922237
5976.0,24.0,0.8754061239142487,0.9724665269479806,0.2231374038650255,0.6051090205848424,0.6724180693241942,"[-0.6226733495711099, 1.0689481573011608]",-0.8355218383400276,0.6645154825462822,0.9319266977215779,"[-4.61149697889922, 2.9404533022191655]",3.191458335193029
5977.0,24.0,0.4280661260554399,0.6912855533805542,0.3925028750767598,0.1841706156595111,0.2974916659827856,"[-0.18677300064268315, 0.9717787507962028]",-1.790639487454003,0.013806297524431368,0.1462531517418577,"[-3.215989820057066, -0.36528915485094027]",6.83973901737222
5978.0,24.0,0.2546732749539216,0.4660275504609569,0.46537940194439226,0.08787403499626144,0.16085307522654482,"[-0.06905311018949262, 0.9998119140782771]",-3.1381880013274506,2.552232702213442e-07,5.548331961333569e-05,"[-4.331618695203349, -1.9447573074515525]",11.98699518631054
5979.0,24.0,0.8648822720359048,0.9689472014742381,0.17950998631431733,0.5890585650879672,0.659935654366981,"[-0.47179062611299527, 0.83081059874163]",-0.8135081118032286,0.659641271815664,0.9305138550086952,"[-4.4338892142385475, 2.80687299063209]",3.107372093732114
5980.0,24.0,0.5286539914910593,0.7852929622276816,0.28302692825203657,0.2522370354044998,0.3746836533043669,"[-0.20147542214985742, 0.7675292786539305]",-0.5799509066016313,0.5131884521555192,0.879952764327022,"[-2.318314348756874, 1.1584125355536117]",2.215249284870618
5981.0,24.0,0.5172866291462205,0.775425916873363,0.43573810727455964,0.2437984958054057,0.3655463387089447,"[-0.2969929918509604, 1.1684692064000797]",-3.0175433397855786,0.0007032534856713248,0.02086805595463872,"[-4.763039017479549, -1.2720476620916081]",11.526166524501637
5982.0,24.0,0.8300047958466493,0.9545027190323622,0.1630599857637584,0.5401370262903982,0.621098966451074,"[-0.3586322714681663, 0.6847522429956832]",0.6892865557211856,0.6750921999064433,0.9339958493448303,"[-2.5336973586636247, 3.912270470105996]",21.367119298804468
5983.0,24.0,0.7838508895727562,0.9395359504810574,0.24710795719150289,0.482829420171615,0.579071024432256,"[-0.4430472661539655, 0.9372631805369713]",-3.0249978989877153,0.04087311580991279,0.28551942673459396,"[-5.924471635853028, -0.12552416212240347]",11.554640843195827
5984.0,24.0,0.6505825727611038,0.8767775010560399,0.246277978644743,0.349090831813365,0.47059966542648285,"[-0.2692277449304934, 0.7617837022199794]",0.0837682839823497,0.9398037305543179,0.9892015094756179,"[-2.0903620329652055, 2.257898600929905]",23.6800287247172
5985.0,24.0,0.49243932941119845,0.7536567637147207,0.3135329512171193,0.22642218924124324,0.3465822581375222,"[-0.19448602721575992, 0.8215519296499986]",1.4223408361481757,0.0742634675909405,0.3977689747773996,"[-0.1394280828213188, 2.9841097551176703]",18.5670582039734
5986.0,24.0,0.7934274369358865,0.9434333376169876,0.20715191489324225,0.49417580204044553,0.5876179785168314,"[-0.38670621467867883, 0.8010100444651633]",0.3347738193550045,0.8242535805693213,0.9666963285808975,"[-2.619801649879381, 3.28934928858939]",22.721258203965547
5987.0,24.0,0.033845290896053995,0.07539605902440186,0.7470725060904967,0.00489277367276252,0.010893392152056315,"[0.22673487055305563, 1.2674101416279377]",-0.8919126017101293,0.011395089690808822,0.12760458780301032,"[-1.582773963039552, -0.20105124038070654]",3.4068551848348787
5988.0,24.0,0.9611297099820351,0.9918311520199155,0.070826255222281,0.7781507576514266,0.803045157535012,"[-0.42190452722591587, 0.5635570376704779]",-1.1592026954484727,0.7374467250915804,0.9523631024368666,"[-7.93649527992709, 5.618089889030145]",4.42782813662576
5989.0,24.0,0.9458113550682642,0.9901985232007054,0.11525960394133865,0.7382677845165933,0.7731362284182567,"[-0.5608018607259557, 0.7913210686086329]",-1.2733254719875964,0.6604767314655982,0.9312199247162837,"[-6.9549266171503366, 4.408275673175144]",4.86374503275952
5990.0,24.0,0.5577641592348037,0.8097017985030556,0.3207598747304716,0.2738121077269394,0.39746277794591295,"[-0.2537288143059914, 0.8952485637669345]",-0.6411582879365731,0.48768206680407356,0.8691535676422626,"[-2.451888464312781, 1.1695718884396347]",2.4490442599066164
5991.0,24.0,0.18553404960550007,0.3559064830337619,0.5327261916472518,0.05650901911045017,0.10840019012171527,"[-0.01476999849406091, 1.0802223817885643]",2.653700242617762,7.311898058555184e-07,0.00012827891330798567,"[1.6035747657172872, 3.703825719518237]",13.86361173367731
5992.0,24.0,0.48408121201214716,0.747038907426153,0.37523554679331556,0.22078581385139318,0.34071884853610057,"[-0.2254042581612699, 0.9758753517479011]",-0.2904061124467816,0.7305984216958126,0.9506810952450392,"[-1.9434313285201186, 1.3626191036265554]",1.109269639200146
5993.0,24.0,0.9867248493264614,0.9961904215642817,0.0491857910826985,0.8701240473658789,0.8786469225142673,"[-0.5404278818363671, 0.6387994640017641]",0.28866822296351113,0.9635492097154762,0.9938808419181301,"[-12.091570879799715, 12.668907325726739]",22.89736860964329
5994.0,24.0,0.7923054848922091,0.9429258609541356,0.19503472024982305,0.49272363048591095,0.5865059284441269,"[-0.36221065223473903, 0.7522800927343851]",-1.526010418874515,0.27672011488644976,0.7264680123859192,"[-4.2757383348729, 1.2237174971238702]",5.8289304329667075
5995.0,24.0,0.1917185460211891,0.36646499526577175,0.5809967552223739,0.05909107338950194,0.11296324486618607,"[-0.022300509936184265, 1.184294020380932]",-0.29696811045997507,0.5871705234431341,0.9076681456842388,"[-1.3689942669914146, 0.7750580460714644]",1.1343346252887605
5996.0,24.0,0.1604051662333248,0.3121937840274908,0.5364157015795089,0.0460472237532811,0.08962091038007221,"[0.009409964904898205, 1.0634214382541196]",-1.9091435534824726,8.686007962468035e-05,0.004991958599119561,"[-2.8625696126250846, -0.9557174943398603]",7.292391206610282
5997.0,24.0,0.36107003638997487,0.6163465090568986,0.4953035650465065,0.1440056973924186,0.2459533687317141,"[-0.16914103207173825, 1.1597481621647514]",1.6401921009741658,0.012793452397339658,0.13860728491158894,"[0.3488648915384833, 2.9315193104098483]",17.73492766823233
5998.0,24.0,0.7698298682597784,0.9333533805283444,0.2237845103271538,0.4668721905414914,0.5661115442482011,"[-0.37905094581555215, 0.8266199664698597]",1.725319266926487,0.1928577404892029,0.6244437368203832,"[-0.8715456124056686, 4.322184146258643]",17.409765846167147
5999.0,24.0,0.8454928801026977,0.9603230413825136,0.2583536088958847,0.5608494600157571,0.6373024244488538,"[-0.6123151984391613, 1.1290224162309306]",0.06857042017797621,0.969378600113326,0.9946639642340541,"[-3.4324389171760457, 3.569579757531998]",23.738080288290885
6000.0,24.0,0.8068787800502083,0.9473744041918614,0.264365628664836,0.5104534738560598,0.5993348289961956,"[-0.5229343438225158, 1.0516656011521879]",0.3286623028787403,0.8338124334799719,0.9707873627483405,"[-2.741507727051017, 3.3988323328084977]",22.74460247733319
6001.0,24.0,0.5604736980188969,0.8123984606738613,0.43810859715502126,0.2756066898741625,0.39948788211938324,"[-0.3494938891014917, 1.2257110834115341]",-0.225425706306547,0.8123443886417945,0.9656985281831257,"[-2.0865092136541348, 1.6356578010410405]",0.8610627710080513
6002.0,24.0,0.9049415114166635,0.9811184623469946,0.15383782118091843,0.6544117216218386,0.7094140962968344,"[-0.5197288124873829, 0.8274044548492199]",-0.7676668186969939,0.7314694617179991,0.9512605204558294,"[-5.152061852415223, 3.6167282150212348]",2.932271252238154
6003.0,24.0,0.9384960882885202,0.9880486751993395,0.1268564124134279,0.7212269542460794,0.7597306386199038,"[-0.5699497193331482, 0.8236625441600041]",0.007841045508832245,0.997851911139709,0.9998296237857246,"[-5.700492734459304, 5.716174825476968]",23.97004941235826
6004.0,24.0,0.8043338184599964,0.9466091778980774,0.25975663352647577,0.507505807466077,0.59720617494243,"[-0.508454286006494, 1.0279675530594456]",0.9048913117925625,0.5450591521261076,0.8915268848960768,"[-2.025729782020082, 3.8355124056052072]",20.5435697944153
6005.0,24.0,0.9910619229612416,0.9968074560951746,0.0426707389913682,0.8933842047523504,0.898686454835882,"[-0.5813487777075421, 0.6666902556902785]",-0.124901594740086,0.9871330198316022,0.9971100704756963,"[-15.304513890177692, 15.05471070069752]",0.4770889488706887
6006.0,24.0,0.14184682460619588,0.278951474151811,0.42476460486475515,0.038722642437347445,0.07616570109627743,"[0.022019506023098545, 0.8275097037064117]",0.22877528639319777,0.6477711347340238,0.9294020283387066,"[-0.7526863920327517, 1.2102369648191473]",23.126142775518204
6007.0,24.0,0.5074150485986703,0.7667326418584927,0.3545172354967101,0.2369965158369458,0.35816308876673086,"[-0.23307256304995827, 0.9421070340433785]",-0.4316594745471294,0.6185932464005349,0.9174210890671123,"[-2.1310576908892642, 1.2677387417950055]",1.6488177385590197
6008.0,24.0,0.05357958081089573,0.11431529936184281,0.8026198297407614,0.009625793987447733,0.02053721780978821,"[0.19500602337602613, 1.4102336361054966]",0.2818726129459108,0.47993067689564983,0.8639493090300455,"[-0.500190198745784, 1.0639354246376056]",22.923325927858315
6009.0,24.0,0.8111904853059856,0.9482278699781302,0.15894489943507537,0.5159109637602737,0.6029814910709136,"[-0.32057609305414536, 0.638465891924296]",-2.6344783347499288,0.0935248861364507,0.4419890649170638,"[-5.713312916259236, 0.44435624675937824]",10.062965986654946
6010.0,24.0,0.7685247944873371,0.9330582022989097,0.2031744259915558,0.46560738896855214,0.5652633106331821,"[-0.3425905952199959, 0.7489394472031075]",2.0551339234354273,0.1253874569004432,0.512412982837937,"[-0.5731625793806541, 4.683430426251508]",16.149966656865864
6011.0,24.0,0.2212174947369431,0.41410987408637795,0.43914755714753406,0.07218493391282213,0.1351524694117621,"[-0.03957176368466514, 0.9178668779797332]",0.27233555928436726,0.6356462967484577,0.9241223256083614,"[-0.8542449196033313, 1.3989160381720658]",22.95975478944473
6012.0,24.0,0.6374072172310941,0.8681683886991963,0.2886429938039279,0.33770092472825897,0.4600795623417709,"[-0.3014470905147687, 0.8787330781226245]",0.2189956274903171,0.8393186343351333,0.9708072590103425,"[-1.8978555184153918, 2.335846773396026]",23.163498320865713
6013.0,24.0,0.9400311214451004,0.988176067113019,0.10749763123365237,0.7247010612758045,0.7618808465893655,"[-0.49074678810559264, 0.7057420505728974]",0.011220033984305822,0.9969661517732912,0.9997520371781384,"[-5.772235856841918, 5.794675924810529]",23.95714262711373
6014.0,24.0,0.542250928469444,0.7970761847265089,0.3805006549309825,0.2621841478053488,0.38529786876151106,"[-0.2846246762575274, 1.0456259861194925]",-0.577359731683071,0.5238808578123886,0.883739638684866,"[-2.352774455433315, 1.198054992067173]",2.205351725749707
6015.0,24.0,0.5095865547219508,0.7684912603256685,0.375467261325641,0.23843915256207848,0.35952827587768166,"[-0.24876220656817694, 0.999696729219459]",1.2629375161079714,0.12444541043126939,0.5107259184944607,"[-0.3481960382087774, 2.87407107042472]",19.175934035885188
6016.0,24.0,0.5231090881208639,0.7807598330162147,0.4011448755834983,0.247970242833761,0.37016008782469173,"[-0.27940035853905587, 1.0816901097060525]",-1.7136138705731083,0.03995783979389622,0.2821881341376852,"[-3.3486283981555856, -0.0785993429906311]",6.545522833261094
6017.0,24.0,0.43874746852208213,0.7012105937703086,0.4217031772532131,0.1910381890029922,0.30536794917358084,"[-0.21043002583587517, 1.0538363803423014]",-1.9778386054813968,0.007924666696298913,0.10334022923500001,"[-3.437766630419579, -0.5179105805432145]",7.5547869768082885
6018.0,24.0,0.8993614915797079,0.9792822092434281,0.17159623949982444,0.6443296526189375,0.7015961568566119,"[-0.5569204448870271, 0.9001129238866761]",0.18753688645479905,0.933428361369134,0.9892015094756179,"[-4.212747890445387, 4.587821663354985]",23.283661860207726
6019.0,24.0,0.3404459675699118,0.5903346065023614,0.3915509299973196,0.13251088425848634,0.2297743788078487,"[-0.1186126618231777, 0.9017145218178169]",-1.8970890563608531,0.003257620426628017,0.05786181930067525,"[-3.160794209730313, -0.6333839029913928]",7.246346419328856
6020.0,24.0,0.9286964673652112,0.987764802558191,0.12084844138645258,0.7001128876048109,0.7446425096839087,"[-0.4941002064928115, 0.7357970892657166]",2.7926155332912423,0.29630787892615507,0.7463117737752201,"[-2.44820314978887, 8.033434216371354]",13.332994409315743
6021.0,24.0,0.5721955291497249,0.8227110411929905,0.2912894718359426,0.2846466185658634,0.40926904179132045,"[-0.24230795569794555, 0.8248868993698308]",-1.2529048936808866,0.16676326945240705,0.5847239461865604,"[-3.028912348119181, 0.5231025607574078]",4.785744169280129
6022.0,24.0,0.5674415982808703,0.8178748894218367,0.3782326391656917,0.2811880188732796,0.4052868533774569,"[-0.3096709743146546, 1.066136252646038]",0.6461175808302162,0.49084460491323045,0.8697731756428894,"[-1.191951374490248, 2.4841865361506805]",21.532012636615054
6023.0,24.0,0.37658071433303947,0.6351504711301054,0.44985133604841515,0.15296582888428242,0.2580799444764534,"[-0.16709056346347112, 1.0667932355603014]",0.11426131320493571,0.8750180289889246,0.9754479263760243,"[-1.3095493590581664, 1.5380719854680378]",23.563553932782316
6024.0,24.0,0.5990371980381504,0.8408438951443495,0.3707310801069173,0.30601427560341843,0.4294334487839158,"[-0.33912099865276285, 1.0805831588665975]",-2.5594871786016733,0.009868802456721337,0.11764067406615296,"[-4.503572170727825, -0.6154021864755217]",9.776520870114842
6025.0,24.0,0.9041826766448847,0.9809800948968047,0.1226964132973755,0.6530419973865815,0.708519038067247,"[-0.4122513793332047, 0.6576442059279557]",-0.8901678707914629,0.6866682197800709,0.9372486972514004,"[-5.215355430249749, 3.4350196886668236]",3.400190803633174
6026.0,24.0,0.4661932408149913,0.7292245281010344,0.49155986388522244,0.20889209836854317,0.32670018512440285,"[-0.27513283917212805, 1.258252566942573]",0.4452922988384742,0.5849382024047685,0.9067403540610269,"[-1.1526196447291335, 2.043204242406082]",22.29910870845848
6027.0,24.0,0.5129434950777104,0.7709957839737117,0.4227924626826528,0.24098346543606353,0.3622177445303826,"[-0.2839327115117637, 1.1295176368770692]",0.5745979236543377,0.5071944008201069,0.8754924137551734,"[-1.12348686926721, 2.2726827165758854]",21.805197603841744
6028.0,24.0,0.9960587113430952,0.9987202807390857,0.026226776508070163,0.9292260196483484,0.9320220859060666,"[-0.5525202061202585, 0.6049737591363988]",-0.9238387253553011,0.9339140340200628,0.9892015094756179,"[-22.76006583536398, 20.912388384653383]",3.52880399424029
6029.0,24.0,0.8719746856095938,0.9711122638619929,0.18058809955339616,0.5995870692754965,0.667840353392177,"[-0.49360224800384345, 0.8547784471106358]",-2.906395782340045,0.14037499119437005,0.5362156158566631,"[-6.769964945626828, 0.9571733809467382]",11.101614128180508
6030.0,24.0,0.9046754848034277,0.9811184623469946,0.15265377302538805,0.6537502759914158,0.7091336110114066,"[-0.5143628793900847, 0.8196704254408609]",1.3208644083958303,0.5399862717266999,0.8898916804988463,"[-2.903522164449135, 5.5452509812407955]",18.95466960599164
6031.0,24.0,0.9392230948411462,0.988121653144843,0.1543296906714957,0.7229549063542995,0.760604846243345,"[-0.6989003460967967, 1.007559727439788]",1.9377579784986008,0.47964916965483306,0.8639493090300455,"[-3.4351568184717047, 7.310672775468906]",16.598309740948537
6032.0,24.0,0.5108954956651357,0.769403811234571,0.411082099077578,0.23933836719230972,0.36044934818118934,"[-0.27366823868162204, 1.095832436836778]",0.2705273126685954,0.7580921397447667,0.9562211651674657,"[-1.4510505404092424, 1.9921051657464333]",22.966661782738232
6033.0,24.0,0.4318972010564871,0.6953746595660717,0.4454720793680889,0.18680314464952907,0.3006649680501031,"[-0.21592647153575978, 1.1068706302719376]",-0.5948652488640604,0.4388566916174018,0.8451378487968474,"[-2.1009708480129925, 0.9112403502848718]",2.272217875927337
6034.0,24.0,0.7181195323867908,0.9107413219870525,0.3126116248508238,0.41246551180849034,0.523167823196969,"[-0.4349914735798735, 1.060214723281521]",-1.1140082310119013,0.34993769542443554,0.788972827902179,"[-3.4499366627827825, 1.22192020075898]",4.2551979986544515
6035.0,24.0,0.6736156738147319,0.8873352013781105,0.2781612300071598,0.370046210303726,0.4874159777446338,"[-0.3300427145755244, 0.886365174589844]",2.1771630149789294,0.0479212881441778,0.3138263794641637,"[0.01992376902981219, 4.334402260928046]",15.683849861981981
6036.0,24.0,0.6482084329946326,0.8753807020033882,0.3192188175927561,0.34717845077463627,0.4688913705493134,"[-0.3463201601299925, 0.9847577953155047]",1.9642297564011946,0.05777904715409446,0.34764769647469596,"[-0.06479907064571666, 3.993258583448106]",16.497194997613448
6037.0,24.0,0.3555152052895461,0.6105361588348722,0.46037038217126325,0.1411335784592624,0.2423726231483125,"[-0.1527853171477943, 1.073526081490321]",0.8401131317471595,0.21442110985862683,0.6535236508949309,"[-0.48617887240676794, 2.166405135901087]",20.791004215824643
6038.0,24.0,0.3813858148873937,0.6413079113626933,0.5256171784413949,0.1560573619683055,0.26227855479552514,"[-0.20065840404205482, 1.2518927609248447]",-2.4570406836630267,0.0005432806137832315,0.017638980966988037,"[-3.849486034630597, -1.064595332695457]",9.385204084388656
6039.0,24.0,0.7378134256252431,0.9199668648693804,0.2413749200313044,0.4323333667006336,0.5390690357863261,"[-0.3611252319773767, 0.8438750720399855]",-1.705435536764666,0.16461377864533322,0.5820654015865844,"[-4.110661853965409, 0.6997907804360768]",6.514283899216234
6040.0,24.0,0.8623594573988809,0.9677471186161832,0.19412355416202495,0.5852901417122008,0.6568175757066557,"[-0.5031339119242745, 0.8913810202483244]",0.6481263343821801,0.7263410399584778,0.9490709376786874,"[-2.981346810441094, 4.277599479205454]",21.524339763241088
6041.0,24.0,0.46878283910305285,0.731444592140822,0.4336813408462091,0.21062997468818456,0.3285959043497419,"[-0.2453217013319407, 1.112684383024359]",-1.0950646250039178,0.16097619195377133,0.5771404496462651,"[-2.6261628172234897, 0.4360335672156539]",4.18283875378671
6042.0,24.0,0.323767772099332,0.5681133042627339,0.5190279468816791,0.12330697512408585,0.21637265244874596,"[-0.1410950069670598, 1.179150900730418]",-1.7245510619100122,0.005835643815041886,0.08464562284163664,"[-2.9505973930295886, -0.498504730790436]",6.587299826816536
6043.0,24.0,0.4988453329582357,0.759277523528517,0.3808329986838509,0.23081723030960533,0.3513734667523296,"[-0.24208792762489195, 1.0037539249925937]",-1.5349051456079579,0.05598230629972886,0.34323915573101693,"[-3.108995110279957, 0.03918481906404114]",5.862905786416605
6044.0,24.0,0.8274623168440353,0.954177025881037,0.177120824696586,0.5368003955909294,0.6188922497680085,"[-0.3849217455573777, 0.7391633949505496]",-2.3998669112614643,0.13958627138599355,0.5354870071966664,"[-5.583747072174914, 0.7840132496519852]",9.166816360558585
6045.0,24.0,0.21168455335366373,0.39925415570287387,0.6628206619584005,0.06800254872341624,0.1282582963474467,"[-0.04902141625625411, 1.3746627401730551]",2.21912288694881,4.271751279449651e-05,0.002886318432060575,"[1.156288958902992, 3.281956814994628]",15.523574957129751
6046.0,24.0,0.9465369438948836,0.9901985232007054,0.11565042052478221,0.7401317141247312,0.7742773450410412,"[-0.5677534383658356, 0.7990542794154001]",2.4708828023786467,0.416559891015842,0.8288815882747501,"[-3.4902420943407444, 8.432007699098037]",14.561922916816407
6047.0,24.0,0.7819650460024697,0.9388462552556966,0.24364661743494762,0.48063463555273633,0.5772878155014293,"[-0.4334420645581015, 0.9207352994279968]",1.6220385380292441,0.23458367026847526,0.6760336318976233,"[-1.0525751456513088, 4.296652221709797]",17.80426917089027
6048.0,24.0,0.8824762715270694,0.9742298309856686,0.17838689157673954,0.6162200775689535,0.6803047886608009,"[-0.5191822940778557, 0.8759560772313348]",0.4904899123636044,0.8098367736581751,0.9652974790766282,"[-3.504507215605441, 4.48548704033265]",22.126466541854924
6049.0,24.0,0.6391825114387317,0.8695177682474925,0.3117683591254544,0.33943028086865223,0.46174708321133484,"[-0.3278842758615592, 0.951420994112468]",0.5212586873051732,0.6252720345672849,0.9195245607783346,"[-1.5706014239795878, 2.6131187985899342]",22.008938478858937
6050.0,24.0,0.4909042548576347,0.7528051753682483,0.4386862864061082,0.22542950393414063,0.3457840462961681,"[-0.27060062529995876, 1.147973198112175]",-0.26958176530507405,0.7518674995057064,0.9552799279805988,"[-1.9406998009150553, 1.4015362703049072]",1.029726492377802
6051.0,24.0,0.3601824797479132,0.6154162118161681,0.4929355904644425,0.14374687513889314,0.2455952078231559,"[-0.16790549428220697, 1.153776675211092]",-2.5526581010806604,0.00023564824503253314,0.009799930718330702,"[-3.9131721993938373, -1.1921440027674834]",9.750435715453396
6052.0,24.0,0.48906363699892036,0.7515202964642491,0.3159942576677163,0.22436532634724915,0.34473593580946676,"[-0.19374758750222515, 0.8257361028376577]",-2.148010111471363,0.008031218433377589,0.10416625724225147,"[-3.7362456073139656, -0.5597746156287602]",8.204794249248973
6053.0,24.0,0.7449826244231514,0.9237571446140801,0.251837406631908,0.4398253479605919,0.5455536442081269,"[-0.38712673937479747, 0.8908015526386135]",0.01143277971631207,0.9932193550432022,0.999042938587908,"[-2.6252856565113394, 2.6481512159439635]",23.956329998276836
6054.0,24.0,0.9635376505821711,0.9923284751869268,0.09015822561637776,0.7851711174246241,0.8088710388633193,"[-0.5581016764652625, 0.7384181276980181]",-2.3887306236062718,0.5160093219643294,0.8807846513356998,"[-9.59698297093897, 4.819521723726426]",9.124278875086173
6055.0,24.0,0.4770649404915179,0.740324240365484,0.43102623736688606,0.2160352821790421,0.3352502827111144,"[-0.2518360214123315, 1.1138884961461035]",-1.8465510044421878,0.018248139522263618,0.17343581878348188,"[-3.379745484488004, -0.3133565243963714]",7.053305280678686
6056.0,24.0,0.2860832428314643,0.5144456803299124,0.5113677558993123,0.10358616354699667,0.1862725472882515,"[-0.10438180770876881, 1.1271173195073934]",1.2456678308520042,0.036560622956772336,0.2655948601213674,"[0.07785908594031765, 2.4134765757636907]",19.241899374464268
6057.0,24.0,0.7975581876928306,0.9446383840966843,0.1897092735933042,0.49898974933126905,0.5910171120228215,"[-0.3602600393612901, 0.7396785865478985]",3.134338383563559,0.04144218744222274,0.28799296346228453,"[0.12160976073774377, 6.147067006389374]",12.027709270396764
6058.0,24.0,0.2234726665865855,0.4176278575716417,0.5010337218029204,0.07329533220776431,0.13697501814196283,"[-0.0472717000038112, 1.049339143609652]",0.4610586779682109,0.41979267546923826,0.8307712672074292,"[-0.6590202765321131, 1.581137632468535]",22.23888557630268
6059.0,24.0,0.9407061483756823,0.9882270368621947,0.11504967146955378,0.7263862386383853,0.7630909114806023,"[-0.5293332772044215, 0.7594326201435291]",-0.5156802963984894,0.8595673661215155,0.9718046448331139,"[-6.228356743562739, 5.19699615076576]",1.9697536374459195
6060.0,24.0,0.9302132352374203,0.9878137795754037,0.14914484468823774,0.7033508533361549,0.7474504286250317,"[-0.618496148964994, 0.9167858383414695]",-2.06591305323178,0.42169910418964984,0.832626142840632,"[-7.105404344011265, 2.973578237547705]",7.891206586077785
6061.0,24.0,0.9515360814694267,0.991078205928571,0.10255767242012029,0.7523351891804924,0.7839274660628242,"[-0.5344313061114537, 0.7395466509516943]",1.6083143165525629,0.5979327585678718,0.9110092270106063,"[-4.368901760321994, 7.58553039342712]",17.85669183540471
6062.0,24.0,0.79192174146908,0.9428762251090368,0.2406754394581476,0.49257135333507396,0.5864642854328777,"[-0.4467307642212043, 0.9280816431374995]",-2.2452510790417586,0.12022164751914001,0.5042854342245806,"[-5.077331669333695, 0.586829511250178]",8.576227385085785
6063.0,24.0,0.6127171808615666,0.850523571434712,0.2780203296397113,0.31695777458911323,0.44005417996913115,"[-0.26649247640162327, 0.8225331356810459]",-1.8385594572363333,0.057197447336201857,0.3468492451597861,"[-3.73334984686448, 0.056230932391813315]",7.022779818900351
6064.0,24.0,0.7061964632988558,0.9042204855699142,0.33950445563436304,0.40078377960815104,0.5131081402393942,"[-0.4524485038972723, 1.1314574151659984]",2.5688981570543126,0.03363231880090969,0.2544048320794984,"[0.1989003710672277, 4.9388959430413975]",14.187531840123505
6065.0,24.0,0.348227232077183,0.6007024876266741,0.5037687681851496,0.13699776714911488,0.2363252840246936,"[-0.16020284759415415, 1.1677403839644533]",0.6166851445034789,0.36522854265066096,0.7992721325156805,"[-0.7182140414105069, 1.9515843304174647]",21.644436262102356
6066.0,24.0,0.4580750933222662,0.7211821646735787,0.4286702216258595,0.20362770494127558,0.320522123313829,"[-0.23221934402383132, 1.0895597872755503]",0.9863654148022158,0.20303167959200719,0.637179387958919,"[-0.5323298358056177, 2.505060665410049]",20.23236164494415
6067.0,24.0,0.40114196875848035,0.6638126241245745,0.4167490314333458,0.16775493604138902,0.27755614831467407,"[-0.1753789523714136, 1.0088770152381052]",0.4975229023473151,0.5015294732111779,0.8731021700276606,"[-0.9533749971666556, 1.9484208018612859]",22.099602498959964
6068.0,24.0,0.9884881464211045,0.9965715870808359,0.05518343172157789,0.8791042568856954,0.8862831504039675,"[-0.655888929658106, 0.7662557931012618]",0.8574087359749996,0.895666203518927,0.9799823477491091,"[-11.95726934584899, 13.67208681779899]",20.724939874065722
6069.0,24.0,0.3993841871636241,0.6614511215031866,0.49304205606686785,0.16676031033721272,0.2761846809162185,"[-0.20584599387523211, 1.1919301060089678]",-0.6379062278839882,0.383089590123077,0.809701846218668,"[-2.071347832899073, 0.7955353771310967]",2.4366223055242022
6070.0,24.0,0.7963609243459636,0.9444516968797697,0.2410361466865295,0.49778546354031505,0.5903499744045884,"[-0.4557740300213764, 0.9378463233944354]",-1.0585278307801813,0.4640805181549986,0.8557701156702952,"[-3.8922267644329405, 1.7751711028725778]",4.0432784800561725
6071.0,24.0,0.7358330314042876,0.9190307033624343,0.3210493332415564,0.4305764211922205,0.5377499952444368,"[-0.4772767450851948, 1.1193754115683077]",0.6676192622970927,0.602005456431114,0.91161020243821,"[-1.841417550106303, 3.1766560747004884]",21.449882263249272
6072.0,24.0,0.3843331423702605,0.6443757273525214,0.37714666205472575,0.15780311610037345,0.2645261471657406,"[-0.1461768446945964, 0.900470168804048]",2.404905128389439,0.0007137520534696447,0.020931145263039436,"[1.0121181472398812, 3.7976921095389966]",14.813939067594518
6073.0,24.0,0.3906857870860534,0.6515773633856794,0.49577105895419266,0.1614724775636246,0.2693003294923692,"[-0.19822805577149155, 1.189770173679877]",-1.0887696256801656,0.11917819796260881,0.5035661646934338,"[-2.4582376410265203, 0.28069838966618943]",4.158793627567462
6074.0,24.0,0.5627457315690811,0.813686714241008,0.31965706519330905,0.2775995621748626,0.4013294234131308,"[-0.2573904210319473, 0.8967045514185654]",0.654952280144574,0.4813831749037466,0.8651746493597171,"[-1.16825463675026, 2.4781591970394077]",21.498266571016398
6075.0,24.0,0.5239723024935626,0.7812320001395,0.3922233377959341,0.24860767445362064,0.3707795293864588,"[-0.2740836898763007, 1.0585303654681688]",-0.18269010903655225,0.8388723540431767,0.9708072590103425,"[-1.9436467868679828, 1.5782665687948783]",0.697824813771951
6076.0,24.0,0.6459235457664623,0.8739325473771645,0.37120898232063143,0.3450107930159868,0.4668616955561391,"[-0.3992536156586715, 1.1416715802999344]",1.5029141614232326,0.14038140699790527,0.5362156158566631,"[-0.4949922296880602, 3.5008205525345257]",18.259290772000362
6077.0,24.0,0.392856641257855,0.6543248521949617,0.4867663832192496,0.16286845555683072,0.2711311063040298,"[-0.19689693399236097, 1.1704297004308601]",0.7821002586675769,0.2752133068844501,0.7255777749638787,"[-0.6227559447335607, 2.1869564620687143]",21.012597068150523
6078.0,24.0,0.8097943354114764,0.9481259049426021,0.22942343406371507,0.5140323452526816,0.6018466755675292,"[-0.45963735730252714, 0.9184842254299572]",-0.27497584556513566,0.8621398116217898,0.9726270526004133,"[-3.378574457528845, 2.8286227663985737]",1.0503303612615593
6079.0,24.0,0.582110055520372,0.8293347421575324,0.38736640940234135,0.2925432276240022,0.41678761593389685,"[-0.33394643214022646, 1.1086792509449093]",2.1468524705502947,0.021715729480526906,0.1932004402182109,"[0.3136512072195139, 3.9800537338810758]",15.79962761334895
6080.0,24.0,0.9380754653904438,0.9880486751993395,0.12454373156025378,0.7203111536852997,0.7589412640241278,"[-0.5572214361407223, 0.8063088992612298]",-0.19405230467760592,0.946543460544879,0.9904370601691201,"[-5.8666348371271235, 5.478530227771912]",0.7412252041875722
6081.0,24.0,0.955762634144269,0.9911597957501838,0.12305875184948946,0.7634114551997293,0.7921671217180962,"[-0.6782287161567542, 0.9243462198557331]",1.1511364237698247,0.7222031466162268,0.9481464442907007,"[-5.19509457902372, 7.497367426563369]",19.602982751613734
6082.0,24.0,0.5306145106699371,0.787145098160417,0.385562841882971,0.25343214753194865,0.37601208832633326,"[-0.27613108525603086, 1.047256769021973]",1.3426200403639612,0.11246087714456864,0.49256143622537907,"[-0.31529294502851934, 3.0005330257564418]",18.87156921316405
6083.0,24.0,0.20022404220400664,0.381016255383457,0.6715542374179161,0.0627496761658262,0.11943219673739286,"[-0.035726612544452196, 1.3788350873802844]",-0.15975131016543198,0.7743983076268386,0.9594555633735847,"[-1.2521373764419461, 0.9326347561110822]",0.6102050562776412
6084.0,24.0,0.19284011123991965,0.36836697467033364,0.6439642914993091,0.059542382865490205,0.11373903126168139,"[-0.025905621565247228, 1.3138342045638653]",1.3801391628014574,0.007039646571808179,0.09541297609398341,"[0.37640622152535275, 2.383872104077562]",18.72825672205051
6085.0,24.0,0.9205559997653494,0.9859416571445778,0.15091248185225056,0.6835318382259528,0.7323816974455725,"[-0.57467123680923, 0.8764962005137312]",-1.6177889304351165,0.4931895734025752,0.8707443033237556,"[-6.24505335327845, 3.0094754924082165]",6.179498523794381
6086.0,24.0,0.11802160113308886,0.23571320378088448,0.6716425074718274,0.0299838551200681,0.059871915175854835,"[0.06509366637273672, 1.278191348570918]",0.8337064876065146,0.06935166182926972,0.383582200383129,"[-0.06603191223297278, 1.733444887446002]",20.81547579383139
6087.0,24.0,0.294211704964682,0.5265062723061597,0.4907515910485843,0.10768216160947158,0.19270955857444258,"[-0.10715728336410363, 1.0886604654612722]",0.13271827748639886,0.8370085318719238,0.9708072590103425,"[-1.1317249388631216, 1.3971614938359194]",23.493053522385548
6088.0,24.0,0.6052741708456427,0.8455911858698557,0.3710926664905883,0.3107722092741887,0.43416067235846423,"[-0.346474503986722, 1.0886598369678986]",-1.6353660997800734,0.08505348108126086,0.4250548779673206,"[-3.4966285064680953, 0.2258963069079487]",6.2466383650778985
6089.0,24.0,0.6362714947572696,0.8672093427249142,0.3591622115895255,0.3370196371228087,0.45934256115961386,"[-0.37405983592229447, 1.0923842591013455]",0.7938599844319931,0.44566741962997136,0.8480769362464472,"[-1.2462905124823052, 2.8340104813462914]",20.967678224515037
6090.0,24.0,0.49951387453848645,0.7600637165832113,0.46830274308332087,0.23159652619112014,0.3523988529992698,"[-0.29897133582149327, 1.235576821988135]",0.6404109334586998,0.4486206830848666,0.849596270386384,"[-1.0161219061505657, 2.2969437730679654]",21.553810423918872
6091.0,24.0,0.9636806607302503,0.9923284751869268,0.10048566481745025,0.785586911909284,0.8091326726844,"[-0.6234673828807815, 0.824438712515682]",2.268840748184144,0.5343571447733557,0.8874890296850286,"[-4.887694593093429, 9.425376089461718]",15.333666716116303
6092.0,24.0,0.6828658495685767,0.8910965411863737,0.3059843105087922,0.37830410635106915,0.4938695905366438,"[-0.37472054905078805, 0.9866891700683724]",-1.4286823515190417,0.19153041805090665,0.6240808668977081,"[-3.572653537595096, 0.7152888345570125]",5.457164600457799
6093.0,24.0,0.7853031758326112,0.9397892930302288,0.192492523784688,0.4847891003996413,0.5802383008972367,"[-0.3475407316501155, 0.7325257792194915]",-0.6227683469323324,0.6673673549868184,0.9332201550489372,"[-3.4629402940247207, 2.217403600160056]",2.3787998595707784
6094.0,24.0,0.4979297654767177,0.7583650269497431,0.4279005648623972,0.23052406503481027,0.3510875190904817,"[-0.27156792172725924, 1.1273690514520536]",0.7490046741241194,0.3704901195156065,0.8029694831287527,"[-0.8902258406885288, 2.3882351889367675]",21.139012889141092
6095.0,24.0,0.5533176621782503,0.8058806614888586,0.3748523010670721,0.2703175823055688,0.3937046057465319,"[-0.29164141130658305, 1.0413460134407273]",-0.40139904967520224,0.6666093720434769,0.9332201550489372,"[-2.2275749127563502, 1.4247768134059458]",1.5332314297967444
6096.0,24.0,0.6653154255347982,0.8830335944680203,0.3337297259908974,0.36252849421939215,0.4810661350089567,"[-0.3846193483300358, 1.0520788003118307]",-0.9074694840352455,0.40426884319245926,0.8226879185845731,"[-3.040037301622636, 1.225098333552145]",3.466278098142267
6097.0,24.0,0.9871054205016105,0.9961904215642817,0.06742263570810535,0.872056818668841,0.8802430793063905,"[-0.7531228666627143, 0.887968138078925]",-2.23564647930431,0.7163325090317072,0.9465980671013572,"[-14.294570339330313, 9.823277380721695]",8.539540516494567
6098.0,24.0,0.21701849311287122,0.40754646593966426,0.4323037111711362,0.07038848781290995,0.13218495363926752,"[-0.03597224313034403, 0.9005796654726164]",1.0051520616475091,0.06449594337751413,0.36960426004306096,"[-0.060474314803889095, 2.070778438098907]",20.160601939914947
6099.0,24.0,0.8109991399573259,0.9482278699781302,0.22870499882619255,0.5155309231945864,0.6027486533316806,"[-0.4606510137716715, 0.9180610114240566]",1.2996194885376386,0.38245058601082804,0.809701846218668,"[-1.6168412434646364, 4.216080220539913]",19.035819222256176
6100.0,24.0,0.7965505611483978,0.9444516968797697,0.3107895036380977,0.4980153567598621,0.5904853649037967,"[-0.5881509847473887, 1.209729992023584]",-1.0536845475695564,0.46650828688458235,0.8568927430895292,"[-3.889805253378826, 1.782436158239713]",4.024778500925814
6101.0,24.0,0.7287440826949783,0.9150478185522077,0.2768801746572748,0.42329395749043486,0.5314425078348209,"[-0.40085411419726663, 0.9546144635118163]",-0.6745812316501745,0.5922331239930498,0.908193718744134,"[-3.1431176706508372, 1.7939552073504883]",2.5767105008194604
6102.0,24.0,0.21065641330230753,0.3976900383279357,0.5836595074951304,0.06735316093921301,0.12717741869186747,"[-0.041686403417500295, 1.2090054184077612]",-1.579437669652151,0.0026767348120235648,0.05137473503237779,"[-2.6104203523316754, -0.5484549869726267]",6.0330074983364135
6103.0,24.0,0.9282483501388935,0.9877014963600204,0.11233071811596364,0.699147432642464,0.7439321479489934,"[-0.4573467497897361, 0.6820081860216634]",-0.2654943969760595,0.92093370020377,0.9877011736516302,"[-5.508006582069811, 4.977017788117692]",1.0141138954066036
6104.0,24.0,0.42711442071301253,0.6907883239738194,0.4873929178082034,0.1838359219565745,0.29732479695386466,"[-0.23137782451858258, 1.2061636601349894]",0.8375056122112152,0.26376439601267754,0.7132622931657046,"[-0.6313312023182842, 2.3063424267407147]",20.800964206785146
6105.0,24.0,0.6541511759140257,0.8780360151533841,0.3089293322604653,0.3525082732563719,0.4731019638389101,"[-0.3423211006028635, 0.9601797651237942]",1.022119474586166,0.33348698492328965,0.7746503714826705,"[-1.0493189478962845, 3.0935578970686164]",20.095791196538897
6106.0,24.0,0.714855988118615,0.909138990358152,0.30775935265258353,0.40902441693420244,0.5201887535726852,"[-0.4228471468350055, 1.0383658521401726]",-1.4455001447328168,0.21543841924188634,0.6542767589910653,"[-3.7325881129431693, 0.8415878234775356]",5.521403838582671
6107.0,24.0,0.3573784431999082,0.6122653335448516,0.3955377544952692,0.14218297817246572,0.24350569990146553,"[-0.13265901813626169, 0.9237345271268]",0.8833580667358127,0.19146499316373355,0.6240808668977081,"[-0.4420696923825578, 2.208785825854183]",20.62582073181348
6108.0,24.0,0.3712704972953144,0.6283135848626069,0.5275770184318513,0.1501623358165711,0.25412478560936047,"[-0.19102056011373947, 1.246174596977442]",-2.306477351893439,0.000863417544524618,0.02372026221221478,"[-3.663358142095361, -0.949596561691517]",8.810094520400298
6109.0,24.0,0.6869683708482119,0.893295601562366,0.2987895134492891,0.38213573544265733,0.4970548067672442,"[-0.3712770709589372, 0.9688560978575154]",0.13212027806992754,0.9114112665262044,0.9852029688965565,"[-2.195348659515514, 2.459589215655369]",23.495337711899886
6110.0,24.0,0.5240695013661018,0.7812604373376592,0.3992791051373518,0.24896572181136734,0.3710416885520235,"[-0.27952763875197023, 1.0780858490266738]",-0.8978264149029185,0.2964911197661798,0.7463117737752201,"[-2.5833899334885753, 0.7877371036827383]",3.429444287286586
6111.0,24.0,0.4249908765054449,0.6886904496928292,0.4815218553941936,0.18239320232283618,0.2955650661527081,"[-0.2262549483188419, 1.1892986591072292]",0.4631897162031198,0.5461639130333553,0.8919042707808021,"[-1.041048165145206, 1.9674275975514455]",22.230745609846593
6112.0,24.0,0.8467807234630769,0.9609324572896919,0.1989976526659997,0.5627160812448364,0.6385793023659061,"[-0.47484511524700446, 0.8728404205790038]",0.26982162096236095,0.8798928152955847,0.9766268042296392,"[-3.229998604444025, 3.769641846368747]",22.96935732649854
6113.0,24.0,0.36268149526882115,0.6178164997532593,0.5282555255336525,0.14521629616620924,0.24726084823124336,"[-0.18253309276475005, 1.239044143832055]",-0.8264290952160476,0.2271975566683504,0.6672468624621156,"[-2.167733091547185, 0.5148749011150897]",3.1567266148463187
6114.0,24.0,0.5543737350732212,0.8067138170448503,0.36119416230562323,0.2710681062358904,0.394453006746057,"[-0.28202189397385596, 1.0044102185851025]",-0.3396137833802033,0.7167856906796688,0.9465980671013572,"[-2.174530829221573, 1.4953032624611666]",1.2972290968103888
6115.0,24.0,0.23732688927825699,0.4393315240249111,0.4010028030588273,0.07977290327460444,0.14764247399317887,"[-0.04759804829611669, 0.8496036544137713]",-2.126306520484242,0.00015099175663378978,0.0072942877600864625,"[-3.226071212027099, -1.026541828941385]",8.121892638326292
6116.0,24.0,0.8829986421542212,0.9742298309856686,0.1500526280189184,0.6170196472585722,0.6808868321105409,"[-0.4380502709257995, 0.7381555269636363]",-0.4091057171741719,0.8420472472040565,0.9708072590103425,"[-4.4328441757971, 3.614632741448756]",1.5626687312501846
6117.0,24.0,0.5556730371834591,0.8082516904486677,0.3514534404831257,0.2721531899766356,0.395835236287491,"[-0.275834707839049, 0.9787415888053004]",2.64901312434062,0.004403216677070502,0.06978156382045168,"[0.8258174429361476, 4.472208805745092]",13.881515206701232
6118.0,24.0,0.8062085630666502,0.9473661140618687,0.25583141186775654,0.5097287700412868,0.599046621273107,"[-0.5047490719984618, 1.0164118957339747]",1.0776430531839374,0.46803027807412334,0.8570413442119087,"[-1.8328950956194179, 3.9881812019872926]",19.883706748731218
6119.0,24.0,0.6531571739142061,0.8776136598629726,0.3356789047052362,0.3515687188611252,0.47241160825198225,"[-0.3705826996149678, 1.0419405090254403]",-0.4528596312523394,0.6803652489651159,0.935645905148272,"[-2.6073850707536996, 1.7016658082490208]",1.7297963721739869
6120.0,24.0,0.29283646744356173,0.5245145395729208,0.5696968112119344,0.10703306724110791,0.19171246147431112,"[-0.1231143711665218, 1.2625079935903907]",-0.290761680320446,0.6499826701528786,0.9299133911664488,"[-1.546600530362048, 0.965077169721156]",1.1106278084329069
6121.0,24.0,0.2802005667254089,0.5059598532419807,0.35853456584294513,0.10051107944527203,0.18152624064524478,"[-0.06932891759585758, 0.7863980492817478]",-1.5034288570976377,0.01031236853274228,0.1210371893514352,"[-2.6521481651275396, -0.3547095490677359]",5.742675220658107
6122.0,24.0,0.9525357974372772,0.991078205928571,0.12693136259567292,0.754914864613778,0.7857966738979681,"[-0.6700209575056603, 0.9238836826970062]",1.7773142593785467,0.5654825515345198,0.8978594550553634,"[-4.283878524410461, 7.838507043167555]",17.21115960461264
6123.0,24.0,0.6015273935230938,0.842593351342056,0.39459676617939526,0.3077764915841963,0.43111989296007325,"[-0.3637093546372914, 1.152902886996082]",2.9453329981879213,0.003743274537377721,0.06334967716752332,"[0.9540598583039872, 4.9366061380718556]",12.749656662881279
6124.0,24.0,0.4708420657151857,0.7335743568969596,0.3329814548285956,0.21209809273555036,0.33047381230219747,"[-0.19003728499262146, 0.8560001946498126]",2.2446166726611763,0.004730811371781223,0.07300634832995714,"[0.6872156174151605, 3.802017727907192]",15.426195868787785
6125.0,24.0,0.28068432815094985,0.506633954126045,0.4617747501933632,0.10100115141828014,0.18224675463421172,"[-0.09008575059181034, 1.013635250978537]",0.8312567689226125,0.17128453869355875,0.5924750560136933,"[-0.3596266777946384, 2.0221402156398636]",20.82483302993685
6126.0,24.0,0.5486470135922531,0.8024674763671977,0.34877616550849483,0.26682952424373063,0.39027281591886887,"[-0.26685132209252066, 0.9644036531095104]",1.9846727565071411,0.02370503278275633,0.20380654235927834,"[0.264911721193287, 3.7044337918209953]",16.4191084891697
6127.0,24.0,0.3854941249630619,0.6457471538824753,0.5143227892609094,0.15848677313208392,0.2653544402975462,"[-0.2005183717434197, 1.2291639502652383]",0.7201058847527264,0.3123011596692008,0.757560761484743,"[-0.6767411313362328, 2.1169529008416856]",21.24939813340898
6128.0,24.0,0.615836123444544,0.8527722197744602,0.38020998610639184,0.3197977028344601,0.442805345032091,"[-0.36882769620149464, 1.1292476684142783]",2.315523571730604,0.020840375701246024,0.18837780724356415,"[0.35160744482606243, 4.279439698635145]",15.155351465118564
6129.0,24.0,0.7007838514251802,0.900866244279702,0.24626547074472505,0.3954324907115604,0.5083911217475798,"[-0.32171237457553226, 0.8142433160649823]",-0.4032294743064053,0.7386328239492991,0.9523631024368666,"[-2.771822802371232, 1.9653638537584213]",1.5402231368690595
6130.0,24.0,0.9383106000417363,0.9880486751993395,0.11229767361060582,0.7208495576315055,0.7594285267925679,"[-0.5036688907837741, 0.7282642380049857]",-0.2312008761892992,0.936382745121609,0.9892015094756179,"[-5.90849987772546, 5.446098125346862]",0.883122295024902
6131.0,24.0,0.8824210717834243,0.9742298309856686,0.14578065460472703,0.6159631357607525,0.6800962081933891,"[-0.4238691520545126, 0.7154304612639666]",-1.4619429364155287,0.4464447716292549,0.848592989221165,"[-5.225435261535759, 2.301549388704702]",5.584210676371485
6132.0,24.0,0.7426406963114831,0.9233543095781701,0.27312993285683324,0.43768679690827894,0.5441367235249899,"[-0.4166280302056307, 0.9628878959192972]",-0.868731765057305,0.4974273626842165,0.8728067218963704,"[-3.3780532803205183, 1.6405897502059084]",3.318310911115612
6133.0,24.0,0.7117094450125381,0.9072140790472124,0.26336295912713625,0.4062324139025898,0.5178233446814402,"[-0.3581371180470301, 0.8848630363013026]",2.274123466358943,0.05734615291265485,0.346929377190324,"[-0.07095286925034383, 4.61919980196823]",15.313488219064768
6134.0,24.0,0.9518196014922928,0.991078205928571,0.0984831636255615,0.7531012640712574,0.7845259204754018,"[-0.5151609952458011, 0.7121273224969241]",-1.8382301339808294,0.5500529003253738,0.8933781067490235,"[-7.866304833045816, 4.189844565084157]",7.021521896724625
6135.0,24.0,0.4947050865375008,0.7557364597273156,0.3913608924533935,0.2281930379017132,0.3485459567767118,"[-0.24518377948256204, 1.027905564389349]",0.49494144303457865,0.5592479133015362,0.8959434689226791,"[-1.166249571173332, 2.1561324572424896]",22.109462947200267
6136.0,24.0,0.42789223207009475,0.6912342509767972,0.4131010510463003,0.18427698703072393,0.297556898160381,"[-0.19672249879056264, 1.0229246008831632]",0.9878810056315084,0.1829789935412509,0.6131235775383096,"[-0.4661255668999562, 2.441887578162973]",20.22657251441167
6137.0,24.0,0.36556488029861456,0.6212863363334713,0.5459630907706516,0.14679622638890763,0.24949124621382246,"[-0.19153610918063524, 1.2834622907219386]",1.04971052338637,0.12044586955697104,0.5045909910220823,"[-0.2751580472370909, 2.374579094009831]",19.990401153299487
6138.0,24.0,0.9050817815151025,0.9811184623469946,0.10235169835017661,0.6544345038338297,0.7094140962968344,"[-0.3458186511190164, 0.5505220478193696]",1.4698455204753706,0.49448450409844125,0.8710596358706354,"[-2.74688631375773, 5.686577354708471]",18.385603676036762
6139.0,24.0,0.3989913843189131,0.6612386216753614,0.5426592997758246,0.1665369240769755,0.275951821171459,"[-0.22615616969044205, 1.3114747692420914]",-0.8882866537489083,0.2155059509424545,0.6542767589910653,"[-2.2939514744541647, 0.5173781669563482]",3.3930050838407433
6140.0,24.0,0.16741625051713846,0.32443905303447207,0.5128420025720956,0.048990527052463866,0.09492448566646748,"[0.00226899633210631, 1.0234150088120848]",-2.2924568981016873,5.754289805101253e-06,0.0006267741540921387,"[-3.283176393559046, -1.301737402644329]",8.756540331791928
6141.0,24.0,0.8505277774973447,0.9627889715840442,0.20096877477799396,0.5679972942663922,0.6429672789975008,"[-0.4888546412630452, 0.890792190819033]",1.2797314214828859,0.4504910915667363,0.8504782689258926,"[-2.0442003941930738, 4.6036632371588455]",19.111786042583542
6142.0,24.0,0.8489251391547278,0.9621728880819764,0.21781174100397446,0.5659118909985918,0.6414052941160511,"[-0.5258149598684039, 0.9614384418763529]",0.9300870368639291,0.5893077179857116,0.9077706636973603,"[-2.446726008946186, 4.306900082674044]",20.447329213857884
6143.0,24.0,0.5708679735136494,0.8212745986385402,0.427439505540039,0.2837027562186615,0.40814667849037756,"[-0.35403062329754803, 1.208909634377626]",-0.43351878115925313,0.6503164911773057,0.9299133911664488,"[-2.3078600897947643, 1.4408225274762578]",1.6559197666720502
6144.0,24.0,0.7141892748189186,0.9084834378948269,0.32790875206616626,0.4084938016419749,0.5195800071762591,"[-0.44965048298462523, 1.1054679871169577]",-0.3603024856334187,0.772335642564166,0.9589249382121035,"[-2.8011193410452244, 2.080514369778387]",1.3762541183245247
6145.0,24.0,0.7445124056195457,0.9237571446140801,0.2525336575805621,0.43935814267936024,0.5452180410449399,"[-0.3875429586106609, 0.8926102737717851]",0.1499672568204824,0.9109973072924599,0.9850676585871443,"[-2.4795607118527387, 2.7794952254937035]",23.427167274602123
6146.0,24.0,0.8182483860031715,0.9514516116315948,0.2318226565779191,0.5248921293219763,0.610339685258112,"[-0.48278569296572194, 0.9464310061215602]",-2.2903849645237924,0.1432902272967307,0.5422230035624452,"[-5.357429025150495, 0.7766590961029096]",8.748626128495607
6147.0,24.0,0.5227081480344591,0.7803943685196464,0.3777937613291584,0.24791949543055403,0.3701395870865244,"[-0.26306736486332744, 1.0186548875216441]",1.043150729489641,0.21931631872197643,0.657423017751728,"[-0.6213105470564015, 2.707612006035683]",20.01545772028337
6148.0,24.0,0.9139179024126444,0.9842673633976802,0.16053009251150116,0.6708858286429745,0.7226258386934237,"[-0.5799007893766819, 0.9009609743996843]",0.5222201579720629,0.8276931278741876,0.9680100726843118,"[-4.180192993489125, 5.22463330943325]",22.005265931436377
6149.0,24.0,0.26847286607840215,0.48795583075767923,0.6250690979791678,0.09469760343878453,0.17214616149569992,"[-0.10803895560711396, 1.3581771515654495]",-0.2601017995098829,0.6742007977033928,0.9338966192307091,"[-1.4727627425091296, 0.9525591434893639]",0.9935156903782796
6150.0,24.0,0.40152257669585695,0.6640029381442979,0.5681000181681051,0.1678303219859879,0.27763494125060034,"[-0.23921458754830927, 1.3754146238845193]",-1.331572343056231,0.05739006544041782,0.346929377190324,"[-2.7049318829773847, 0.041787196864922826]",5.0862316915645485
6151.0,24.0,0.959749943411944,0.9918311520199155,0.07748739008172331,0.7742817798868228,0.8004567144493153,"[-0.4520934277094073, 0.607068207872854]",2.6837489606397886,0.45216304690462994,0.8510636664122461,"[-4.312732568018212, 9.680230489297788]",13.74883408551459
6152.0,24.0,0.5831560733466139,0.8293502717358707,0.35876904288455036,0.2930941009019338,0.4171930921351808,"[-0.3100557165277399, 1.0275938022968405]",-0.1397632388109873,0.8873913846115694,0.9788768537159467,"[-2.074224345509412, 1.7946978678874372]",0.5338562476632398
6153.0,24.0,0.712270503228474,0.9076409081518789,0.26056960890085834,0.4066898170864295,0.5182082276840334,"[-0.3549381651372897, 0.8760773829390064]",-1.0759916618820355,0.3618523879939638,0.7972072879355888,"[-3.388790436810631, 1.2368071130465599]",4.109985401140542
6154.0,24.0,0.6737229150522535,0.8873352013781105,0.3370514636043463,0.3699230453923399,0.4873821414918839,"[-0.3997272787512843, 1.073830205959977]",1.8339215805500837,0.08913978816080087,0.43419283078811916,"[-0.2805018723364583, 3.9483450334366257]",16.994935565101265
6155.0,24.0,0.5968845893515182,0.8395001256702085,0.35856115877677225,0.3040957049623446,0.42776157682141597,"[-0.32527054488818946, 1.042392862441734]",-1.8737505753977715,0.04686627704272019,0.3091443076696582,"[-3.7215348830745, -0.025966267721042824]",7.157199988700123
6156.0,24.0,0.978206121892706,0.9948196093691711,0.06844670862183995,0.8337629559658639,0.8479232746525618,"[-0.5707490865629882, 0.7076425038066682]",0.7674203722898048,0.8722178008393996,0.9752862410683755,"[-8.584090865566292, 10.118931610145903]",21.06867010369572
6157.0,24.0,0.5613855639823052,0.8126088015168977,0.31074751285701774,0.27628677270366797,0.4000677276334607,"[-0.24868544157151407, 0.8701804672855495]",-1.7721475514306073,0.04562397299085538,0.30274700060288906,"[-3.5098144768665076, -0.034480625994707026]",6.76910502476112
6158.0,24.0,0.5837341266151141,0.8293502717358707,0.3182779419490429,0.29358951391876553,0.4171930921351808,"[-0.2756717224317584, 0.9122276063298442]",0.22539750622255994,0.8191238021110205,0.966095377463714,"[-1.7064999413800164, 2.1572949538251365]",23.13904494537824
6159.0,24.0,0.5327965387755512,0.789032673613273,0.4040983882952475,0.2552612746747319,0.37782900336698033,"[-0.2920817313447626, 1.1002785079352577]",0.6095086289747078,0.49379467207093675,0.8710087226182522,"[-1.1362748592113574, 2.355292117160773]",21.671848532196268
6160.0,24.0,0.9935252451624057,0.9979160758963496,0.0374995934697642,0.9093063556102613,0.9133249855466666,"[-0.6077079191379624, 0.6827071060774907]",2.3279492606149255,0.79042300192743,0.9625219214898075,"[-14.840448252606059, 19.49634677383591]",15.107888829744281
6161.0,24.0,0.5307767788334041,0.7872690282310948,0.38053862838683844,0.25363714541529236,0.37620460607429895,"[-0.27281494021937097, 1.033892196993048]",1.2071347074914422,0.15613509373459294,0.5686872770035791,"[-0.4611462480883548, 2.875415663071239]",19.389085063798746
6162.0,24.0,0.7832704350211566,0.9395359504810574,0.21961263710310325,0.48242021298077764,0.5787190654759808,"[-0.3931770696241164, 0.832402343830323]",0.5973430179841195,0.6790962806021111,0.9353902367116341,"[-2.2326794173577222, 3.427365453325961]",21.718317743193516
6163.0,24.0,0.20538857125154267,0.38965769541176754,0.5319255289467845,0.06512084312404409,0.12354176130492729,"[-0.03332021989637546, 1.0971712777899443]",-1.1417770583670475,0.030805650649852037,0.24039037366977933,"[-2.1780192745643956, -0.10553484216969933]",4.361267105952939
6164.0,24.0,0.5209553806309173,0.778591213018857,0.3611729609696274,0.24640122758572536,0.3682577007707747,"[-0.24952906684057702, 0.9718749887798319]",-1.6211381373917257,0.050884150590548086,0.3257628078780287,"[-3.2485106336832783, 0.00623435889982682]",6.192291552016352
6165.0,24.0,0.947814376723254,0.9903030923991356,0.11935257804664656,0.743073297217421,0.7764611256190397,"[-0.5943038567313456, 0.8330090128246387]",1.4380583983556283,0.6246947997291581,0.9195245607783346,"[-4.323387744519422, 7.199504541230679]",18.507021538725308
6166.0,24.0,0.1344119366510748,0.26589072841601835,0.745159635779198,0.03590171683563081,0.07102218958581763,"[0.04903998371190643, 1.4412792878464895]",-1.8093101567756102,8.565605239238915e-05,0.0049800030460691366,"[-2.7121067141461914, -0.9065135994050293]",6.911055720893052
6167.0,24.0,0.6694062280129988,0.885692283690128,0.37347912362202734,0.36619868505663444,0.4845179744067669,"[-0.43660510185231255, 1.1835633490963673]",-2.554106116360495,0.022968547387468962,0.20042362467250405,"[-4.75553521055137, -0.3526770221696198]",9.755966726400393
6168.0,24.0,0.7490141557957217,0.924826405972736,0.26863259856560884,0.4441776463096335,0.5485028973939658,"[-0.41947420634780763, 0.9567394034790253]",-2.899383857862624,0.032015344731605104,0.24665134616028586,"[-5.549620602905521, -0.24914711281972668]",11.07483054959246
6169.0,24.0,0.46012769836161477,0.7232437886853423,0.4227033849265729,0.20468973023428938,0.3217886027893246,"[-0.23051855406148292, 1.0759253239146287]",-0.0014050569502694898,0.9986318143890108,0.9998296237857246,"[-1.6073729132112509, 1.6045627993107119]",0.005366922215064305
6170.0,24.0,0.9504872952076517,0.991078205928571,0.1171704086657073,0.7497628878360367,0.7819569016779484,"[-0.6028431308551028, 0.8371839481865173]",1.9302131130603062,0.5262564654690841,0.8839273529919359,"[-4.039431534107, 7.899857760227612]",16.627129004055764
6171.0,24.0,0.6457291112336943,0.8739059564673085,0.28236167354187336,0.3448422932520493,0.4667600071088918,"[-0.3034892812396943, 0.868212628323441]",3.069085544769084,0.005256680426442449,0.07869282075512649,"[0.9137361014106835, 5.224434988127484]",12.27695675467483
6172.0,24.0,0.7833565750150882,0.9395359504810574,0.248452207473895,0.4823225963723963,0.5786713813706014,"[-0.44465464381976627, 0.9415590587675562]",0.2654474734773089,0.8568310262906831,0.9711734295148989,"[-2.6183653461715326, 3.1492602931261504]",22.986065339155957
6173.0,24.0,0.9521766656157112,0.991078205928571,0.12271181444571364,0.7539670490057218,0.7851369874057291,"[-0.6446809816373693, 0.8901046105287966]",-1.5977575994558562,0.602803247832806,0.91161020243821,"[-7.615641107437167, 4.4201259085254545]",6.102984475584963
6174.0,24.0,0.18789324861726722,0.35989013110309864,0.6418399865683598,0.05755107345999195,0.1102088729605361,"[-0.02056955964823537, 1.304249532784955]",0.6026637236238006,0.2589424177438524,0.7076268546120582,"[-0.443669111620711, 1.6489965588683122]",21.697994144714503
6175.0,24.0,0.3737632205832818,0.6313315487115655,0.44734362913137915,0.15150775545735376,0.25588203927943554,"[-0.16398077149474188, 1.0586680297575002]",1.0997082301866117,0.10667623392100228,0.4777260811509283,"[-0.2362921257896291, 2.4357085861628525]",19.799423980967063
6176.0,24.0,0.6532214178548803,0.8776136598629726,0.3491735785583766,0.3517170881628461,0.472454267777426,"[-0.38570690258727736, 1.0840540597040307]",-0.6057876070834212,0.5778204640085183,0.9032205836784882,"[-2.739067196739037, 1.5274919825721947]",2.3139382111472964
6177.0,24.0,0.9379578371780618,0.9880486751993395,0.12574218530793077,0.7201920722078996,0.7588957557512114,"[-0.5622776538775736, 0.8137620244934352]",0.6014037036843041,0.8317452382352768,0.9692738932231153,"[-4.946504947477576, 6.1493123548461845]",21.70280706635687
6178.0,24.0,0.5642396396303146,0.8151396122945892,0.37625576466378624,0.2787614596541276,0.40271808675834664,"[-0.3046082282407599, 1.0571197575683324]",0.7517203983262455,0.4167412518623431,0.8288815882747501,"[-1.062547594949202, 2.5659883916016932]",21.12863958680087
6179.0,24.0,0.44236309673263324,0.7051858707677877,0.3448330735922674,0.19323341856477916,0.3080398829344479,"[-0.17463072970988908, 0.8642968768944239]",2.921161649420271,0.00024192061077669662,0.009978687128566456,"[1.3613973464674909, 4.480925952373051]",12.84198441418295
6180.0,24.0,0.7024569216409928,0.901741876304227,0.20959308379861227,0.3971472641543544,0.5098167704163727,"[-0.27556312304959285, 0.6947492906468175]",-1.0128601702251387,0.3830806201083352,0.809701846218668,"[-3.2888193470416, 1.2630990065913226]",3.8688408660535054
6181.0,24.0,0.6992913567387005,0.9002615501360574,0.33850785478071616,0.3938150351872156,0.507101513246479,"[-0.4395480349862851, 1.1165637445477175]",3.1126028154509173,0.01064481328319245,0.12363313917761266,"[0.7240996987986108, 5.501105932103224]",12.110733024941664
6182.0,24.0,0.5582252185682873,0.8101106945647032,0.2965774493213844,0.2738952922812016,0.3975258233399152,"[-0.23469203352015167, 0.8278469321629205]",-0.21311852607023418,0.8218604671456218,0.9663262400301255,"[-2.0683243212941473, 1.642087269153679]",0.8140528053248817
6183.0,24.0,0.5940311254038348,0.8367860945067521,0.2798741265233661,0.3019386271950544,0.4253186414247015,"[-0.2515132419719128, 0.811261495018645]",2.0606372450045063,0.029760899546676992,0.23582329276289216,"[0.20224092989183906, 3.9190335601171737]",16.128945516918428
6184.0,24.0,0.6005734712156922,0.8416108060758017,0.4047513069630901,0.30728345130106216,0.43061021763041224,"[-0.3722766707511744, 1.1817792846773545]",-2.2169509475642126,0.022170740505305226,0.19585459810340305,"[-4.116525636255847, -0.3173762588725777]",8.468128845530536
6185.0,24.0,0.6751131960729984,0.887749373441559,0.36884191940229666,0.3712928824267627,0.48828879093593647,"[-0.4397408966016865, 1.17742473540628]",-1.167453609171682,0.2837548457241411,0.7337854815726432,"[-3.3020921109605226, 0.9671848926171585]",4.459344305523525
6186.0,24.0,0.8628651530182394,0.9678801492072232,0.191007892802394,0.5860245435843843,0.6573466557312219,"[-0.49640393698814317, 0.8784197225929311]",-0.605039114028834,0.7451319928581455,0.9547509829752914,"[-4.253095435489868, 3.0430172074322006]",2.3110791782791167
6187.0,24.0,0.9568567803192835,0.9911597957501838,0.11574659415653414,0.7662669175120399,0.7940589818777616,"[-0.6474171556604867, 0.8789103439735549]",1.7481578181544837,0.5900572786210864,0.9077706636973603,"[-4.611576949122072, 8.107892585431038]",17.32252900646331
6188.0,24.0,0.9646160739510339,0.9923284751869268,0.09659919654983397,0.7882058146026276,0.8109947675713836,"[-0.6081733982583267, 0.8013717913579946]",-1.5471178123014155,0.6658098283659937,0.9325641276687483,"[-8.567849419310965, 5.473613794708134]",5.909554736958945
6189.0,24.0,0.7293468557485431,0.9153658876082551,0.2697854138392592,0.4236944649573495,0.5317332391526788,"[-0.39115341527112485, 0.9307242429496432]",-1.267001739815969,0.2954837410374064,0.7457943993876991,"[-3.640692341912335, 1.106688862280397]",4.839590155145831
6190.0,24.0,0.9355786783193636,0.9878137795754037,0.11451042574459831,0.7148551558225414,0.7551020976260077,"[-0.4998057714510224, 0.728826622940219]",-1.1543122949001665,0.6651774682448719,0.932404637293064,"[-6.381982544767692, 4.073357954967359]",4.409148182522666
6191.0,24.0,0.5025770524593601,0.7628674141763208,0.47973909094305434,0.23363157397474443,0.35468585695270144,"[-0.30970429782944575, 1.2691824797155544]",2.0335611279525416,0.013183468938160208,0.14191032226221967,"[0.42562670229674504, 3.641495553608338]",16.232368665763744
6192.0,24.0,0.5315756237624862,0.7882389987700033,0.3536759714349926,0.2543485296180408,0.37703606525057926,"[-0.25446700644591197, 0.9618189493158971]",1.0085403274113283,0.24247202319726668,0.6870842255519033,"[-0.6826399699344075, 2.699720624757064]",20.147659718039247
6193.0,24.0,0.7142408635823299,0.9084834378948269,0.30773262774969484,0.4083996166602527,0.5195398974190504,"[-0.4218369980798458, 1.0373022535792356]",3.0764817345089805,0.014358969077667877,0.15004147416580854,"[0.6134872371028162, 5.539476231915145]",12.248705390903226
6194.0,24.0,0.4658417001570766,0.7289873563514285,0.326189559175771,0.20846034568716465,0.32637436428338323,"[-0.18209038912608805, 0.83446950747763]",-1.6295845199328474,0.03320853855779836,0.2521529123598964,"[-3.1293955301808962, -0.12977350968479873]",6.224554356800302
6195.0,24.0,0.48015338478781244,0.7425817890315689,0.4189335537866219,0.21824945738075985,0.33758616764231997,"[-0.2479744621959532, 1.085841569769197]",0.4765237570958565,0.5661255544407144,0.8980418059021485,"[-1.1512616932969995, 2.104309207488712]",22.179813325379346
6196.0,24.0,0.7700038568162131,0.9334006571874821,0.26807965130872885,0.4670403311983198,0.5661781200125103,"[-0.4543516141784551, 0.9905109167959127]",-0.05417637364391936,0.9697484568455376,0.9946639642340541,"[-2.8541017689408714, 2.7457490216530327]",0.20693850394135788
6197.0,24.0,0.43230798609014903,0.6957000098006905,0.40789053361740113,0.18702438859880677,0.30092419726276226,"[-0.1980142323806977, 1.0137952996155]",-1.050144539849727,0.15772053252899143,0.5708307366232046,"[-2.5070210748229664, 0.406731995123512]",4.011256667473151
6198.0,24.0,0.7317038768933669,0.9164627716600287,0.3056798539689914,0.426329479767411,0.5339798093279196,"[-0.447469450732839, 1.0588291586708218]",0.7035820596169584,0.5780772082636012,0.9032205836784882,"[-1.7757538429230117, 3.1829179621569286]",21.312514496188427
6199.0,24.0,0.6912845762633719,0.8963752285572769,0.3552088306172293,0.38652921970810694,0.501192620767731,"[-0.44877936296345755, 1.1591970241979161]",-0.8166832635963379,0.47839127308037555,0.863468373341443,"[-3.0746703165590246, 1.4413037893663487]",3.1195002802026846
6200.0,24.0,0.702090394795273,0.9015215829973948,0.2431535224390266,0.3968599255517252,0.5095133207750998,"[-0.31934434895689795, 0.8056513938349512]",2.3761554706199934,0.044421440086013404,0.29844413291221095,"[0.05925710496039738, 4.6930538362795895]",14.923754671103499
6201.0,24.0,0.8212332044778363,0.952702964066887,0.21328560492305085,0.5284488320553805,0.6131208168643468,"[-0.44986199242983793, 0.8764332022759396]",-1.3944768136277776,0.3621020186024613,0.797284225754174,"[-4.393405058728172, 1.6044514314726168]",5.326509069981516
6202.0,24.0,0.6834057172652512,0.8914012597049104,0.2988243365135478,0.37880632550120774,0.49411471509851507,"[-0.3666527624079292, 0.9643014354350248]",-1.710799594754846,0.1181952660392444,0.5018408404982798,"[-3.856933153402772, 0.43533396389308]",6.534773091476283
6203.0,24.0,0.780653753455585,0.9383325733532297,0.2597657123623911,0.47942094525265766,0.5762270976594444,"[-0.4601251481104065, 0.9796565728351887]",0.6439690955768471,0.6522966317302425,0.9299923463505027,"[-2.1572496219888655, 3.4451878131425597]",21.54021924577266
6204.0,24.0,0.11465811752882725,0.22977578663091633,0.8444683561499967,0.028705402341879092,0.057525856396551285,"[0.08784165241419761, 1.6010950598857958]",-1.8702461555915963,2.4077427117884023e-05,0.0019735595998265592,"[-2.7382010710927434, -1.0022912400904493]",7.143814091064398
6205.0,24.0,0.9284043618378507,0.9877014963600204,0.12447163518985638,0.6994947039302444,0.7442224746571384,"[-0.5075445443027667, 0.7564878146824795]",0.3244117637231012,0.9033399711561357,0.982851517978372,"[-4.91124715322246, 5.560070680668662]",22.760838340951402
6206.0,24.0,0.4559154883160567,0.7194500367935248,0.48883438351638825,0.20193334674970753,0.3187291428504402,"[-0.26198904160758923, 1.2396578086403658]",1.5531257273434775,0.03943807334892929,0.2793064684768364,"[0.07512503925663694, 3.031126415430318]",18.067496718002168
6207.0,24.0,0.25258462844897117,0.4629483659255337,0.5791601847550167,0.08686952012391957,0.15921832867287314,"[-0.08382779563189913, 1.2421481651419326]",-1.4930723185676085,0.007921125424829503,0.10334022923500001,"[-2.5951108566567607, -0.39103378047845605]",5.703116157449087
6208.0,24.0,0.8712968871259564,0.9711122638619929,0.24903654850813534,0.5985781127923357,0.6672847026800113,"[-0.6781285042356364, 1.176201601251907]",-0.30147310382410897,0.877799960668476,0.9766268042296392,"[-4.14435313829126, 3.5414069306430416]",1.151542432388715
6209.0,24.0,0.7496006754207939,0.9250558844638718,0.2500595103066688,0.44500392492295926,0.5491597792688405,"[-0.39163525577875263, 0.8917542763920903]",1.0096880487967548,0.4329564983825389,0.8403805664106482,"[-1.5140269702192604, 3.53340306781277]",20.143275745276455
6210.0,24.0,0.48132253778051887,0.7440447330043575,0.3234814104148719,0.2188169463785663,0.3383069671901148,"[-0.19210955355051762, 0.8390723743802614]",-0.05266292122387828,0.9503022367329258,0.99111100131107,"[-1.708719404783821, 1.6033935623360644]",0.20115754153054355
6211.0,24.0,0.05415730336403147,0.11535101887972625,0.657446256483511,0.009816743916573821,0.020891134106349907,"[0.15842921594995546, 1.1564632970170665]",-2.359160359414702,1.1257431017124254e-09,6.659557438869936e-07,"[-3.118356864939475, -1.5999638538899295]",9.011328785935255
6212.0,24.0,0.3889821813515018,0.6499284567276554,0.4550082828359015,0.16043059830511586,0.26805446667521443,"[-0.18034657144760763, 1.0903631371194107]",0.4342763737489008,0.5521102338327468,0.8939184893512985,"[-0.9972148274956139, 1.8657675749934155]",22.341186442796136
6213.0,24.0,0.2109672553142364,0.3981265433369247,0.6507960001508439,0.06751240158245837,0.12742143975174672,"[-0.04688670343070189, 1.3484787037323898]",1.4107164194142108,0.007471163034875019,0.09948286331391504,"[0.3771195360675994, 2.444313302760822]",18.611460205183896
6214.0,24.0,0.8221441920951924,0.952756738845726,0.2534861524348154,0.5296431980376903,0.6139367080534257,"[-0.5369412119518018, 1.0439135168214326]",-2.917041414313999,0.07655316253497116,0.4042144658105994,"[-6.145245677480824, 0.31116284885282663]",11.142277447004313
6215.0,24.0,0.8604120332388261,0.9664293308309851,0.16672475290613614,0.5822591895419867,0.6540033579040624,"[-0.42731594702142056, 0.7607654528336929]",-1.885680536833064,0.2845971983267245,0.7346339657375438,"[-5.33960228789024, 1.5682412142241118]",7.202769084699863
6216.0,24.0,0.7327250265643234,0.9172244370513833,0.2948442674902025,0.42732610770682156,0.5349600747456454,"[-0.4331753141903079, 1.022863849170713]",0.566258527526748,0.6583412558553068,0.9301211184160023,"[-1.9435449898051433, 3.0760620448586393]",21.83705175062832
6217.0,24.0,0.9611336647620528,0.9918311520199155,0.09323490689074981,0.77809194132455,0.803045157535012,"[-0.5552139610586755, 0.741683774840175]",0.16077137697070043,0.9651576855866961,0.9938808419181301,"[-7.05282419872284, 7.374366952664241]",23.38589857553814
6218.0,24.0,0.8422786485483688,0.9593150894628346,0.17465909713698813,0.5564409738552609,0.6337596513157869,"[-0.4073925163267045, 0.7567107106006807]",-1.3716609612499049,0.4032403963684592,0.8220512057559092,"[-4.58804235208024, 1.8447204295804305]",5.239358933498473
6219.0,24.0,0.863430750415628,0.9682973538360748,0.215482237368571,0.5868542688651813,0.6581297172425494,"[-0.5617302165591166, 0.9926946912962585]",2.1517870622776476,0.23511014685832476,0.6763813200757329,"[-1.4003334636052034, 5.703907588160499]",15.780778861375785
6220.0,24.0,0.9800391913173156,0.9948681677324512,0.05614474082198594,0.8408898736357651,0.8536953031835178,"[-0.4919934141688508, 0.6042828958128227]",-0.7803755090069853,0.8755569132586605,0.9755508782826301,"[-10.54709563103858, 8.98634461302461]",2.9808148734315743
6221.0,24.0,0.9981805229594004,0.9990343549979958,0.019107254993679483,0.9518794297893175,0.9527368929930112,"[-0.6014647120285114, 0.6396792220158704]",2.9395549570650545,0.8640456694618671,0.9730053822856072,"[-30.70840124147621, 36.58751115560632]",12.771727154227497
6222.0,24.0,0.8799328339501501,0.9732693661654132,0.18370426137239432,0.6122311277188462,0.6771719143002392,"[-0.5266132640755914, 0.8940217868203799]",2.28891056773538,0.2435210092236746,0.6888854574927146,"[-1.5578245762203684, 6.1356457116911285]",15.257005652391305
6223.0,24.0,0.36278184865511387,0.6178164997532593,0.44766975666752085,0.14500234943829934,0.2470022283844165,"[-0.1543671857089156, 1.0497066990439574]",-1.4259231485214592,0.031066345112294863,0.2412733639411791,"[-2.722059720994954, -0.12978657604796395]",5.446625221352377
6224.0,24.0,0.663881431781054,0.8823517168807203,0.26637978663809053,0.36125786090412315,0.4801406976397171,"[-0.30548378941208626, 0.8382433626882673]",-0.7789647061741833,0.47719563757438244,0.8629943928227614,"[-2.9268252857025256, 1.368895873354159]",2.975426003561931
6225.0,24.0,0.688835380008616,0.8944752369933983,0.2702237993782207,0.3839838140800551,0.49861552276334903,"[-0.33813986780204863, 0.8785874665584901]",-0.3069297322167035,0.7956862890044208,0.9628316126547152,"[-2.6301920163619004, 2.0163325519284934]",1.1723852175398428
6226.0,24.0,0.5215538435674848,0.7788900967344006,0.4280081900753519,0.2471622376746373,0.369064114789663,"[-0.29687100127703875, 1.1528873814277425]",-0.8862677278008215,0.30132987339060935,0.7501149821647681,"[-2.5668760962388095, 0.7943406406371665]",3.3852933547757553
6227.0,24.0,0.2908507245842316,0.5217053355770971,0.4564544199143607,0.10617194488930165,0.1904429504740837,"[-0.09727886631695976, 1.0101877061456812]",-0.9243289362097409,0.13124181771108698,0.5232927340952431,"[-2.1247158156208092, 0.2760579432013275]",3.530676461775683
6228.0,24.0,0.7359597872526373,0.9190307033624343,0.22996237627303573,0.43065675684159277,0.5377831628891019,"[-0.341965178575538, 0.8018899311216094]",1.0196026824826738,0.4135900940678958,0.8280177817333189,"[-1.4246287865965916, 3.4638341515619393]",20.10540463423503
6229.0,24.0,0.6264684169272976,0.8602710069919353,0.3283230008002808,0.3285020916748762,0.4510532633185174,"[-0.33023589846028484, 0.9868819000608464]",2.75605944511883,0.008799244524214466,0.10952513198205102,"[0.6941211537249354, 4.817997736512725]",13.472628380501567
6230.0,24.0,0.5699785167194363,0.8204671321713493,0.36842725649315544,0.28306216209956314,0.40740878873376823,"[-0.3042575497512201, 1.041112062737531]",-2.641478516905365,0.005482398192965591,0.0811005649846981,"[-4.505637584267438, -0.7773194495432922]",10.0897047128769
6231.0,24.0,0.47868135596455663,0.7413370852788549,0.334771523403675,0.21716590875536834,0.33632632608853696,"[-0.19690379251571621, 0.8664468393230662]",-1.9128005553690777,0.015014281575949338,0.15415073486600964,"[-3.4543166662735056, -0.3712844444646497]",7.306359924861873
6232.0,24.0,0.6016690217552277,0.8426736999372938,0.35036452478880226,0.30818796664281034,0.431575362894287,"[-0.323512372398487, 1.0242414219760916]",-0.8643076861944783,0.3755652452298719,0.8058196345601851,"[-2.776075682097159, 1.0474603097082025]",3.3014121746440783
6233.0,24.0,0.7134918326196117,0.9082242929593717,0.24872538257579407,0.40768873644917347,0.5190717782247835,"[-0.3400569257328216, 0.8375076908844097]",-0.16366937562347772,0.8960408189012483,0.9800293327149167,"[-2.618708040673248, 2.2913692894262927]",0.6251709639177754
6234.0,24.0,0.6377884233368294,0.8681683886991963,0.31196252852725587,0.3379652059412459,0.4602549447654173,"[-0.3261500606349224, 0.9500751176894342]",-3.1133309560982068,0.004095166768005498,0.06691448967329244,"[-5.238923623702741, -0.9877382884936727]",11.89204826745711
6235.0,24.0,0.6415976262220372,0.8707893949810493,0.27587720359159534,0.3413376664612455,0.463270448508748,"[-0.2923780537598856, 0.8441324609430763]",-1.3091077992811506,0.1977945183040022,0.6309235033620484,"[-3.3014074973357443, 0.6831918987734433]",5.000423455097949
6236.0,24.0,0.5329368545243085,0.789032673613273,0.42036238401738696,0.2550785031700914,0.3777359114324835,"[-0.3035588382491196, 1.1442836062838935]",0.13480990868536757,0.8824682511769184,0.9768649301292893,"[-1.6523977331409279, 1.922017550511663]",23.48506407971896
6237.0,24.0,0.5923884093775933,0.8354827800029756,0.2848121026485102,0.3006504193715108,0.42398597956082906,"[-0.2545116731521557, 0.8241358784491761]",0.5276456165339845,0.5920446430096791,0.9081832229017933,"[-1.4022178139898291, 2.457509047057798]",21.984542206268294
6238.0,24.0,0.0942562666413417,0.19235972783947286,0.7331876374034227,0.02179657150889919,0.04448279899775345,"[0.10673271762195946, 1.359642557184886]",-0.6148334745213972,0.16382230848807722,0.5810234153704809,"[-1.4803258109339645, 0.25065886189117015]",2.348490879562686
6239.0,24.0,0.930355038838262,0.9878137795754037,0.12155560168943151,0.7037101366844176,0.747593898528012,"[-0.504881337484112, 0.747992540862975]",2.302203988696533,0.37929063360167925,0.8071632041216925,"[-2.829979783644487, 7.434387761037553]",15.206228524633651
6240.0,24.0,0.3815731575925776,0.6414174045781875,0.4812704795898942,0.1559073750203446,0.26211730837314157,"[-0.1834877065138224, 1.1460286656936107]",1.4012952462329604,0.03921926307475376,0.27834821202806076,"[0.06926349522366437, 2.7333269972422567]",18.647446435940395
6241.0,24.0,0.4482416251221151,0.7117205860941808,0.45645625805449513,0.1972720119060617,0.31317988872211733,"[-0.23740420895865783, 1.150316725067648]",0.6897578403197135,0.3773072740497402,0.8059627565530977,"[-0.841501210698242, 2.221016891337669]",21.365319124241456
6242.0,24.0,0.6997705445019823,0.900390689249377,0.27848802737352507,0.3946226444048717,0.5076185289488959,"[-0.3627072055818885, 0.9196832603289387]",-0.7486950175174929,0.5250750143840092,0.8839273529919359,"[-3.057614616113981, 1.5602245810789954]",2.859804309748372
6243.0,24.0,0.7189450782868555,0.9112893736624004,0.2951286373353339,0.41341123777178534,0.5239982945684851,"[-0.41209439667834835, 1.0023516713490161]",0.8595878463027997,0.4795226557984791,0.8639493090300455,"[-1.5231465146783116, 3.242322207283911]",20.71661628574063
6244.0,24.0,0.843817869347707,0.9598903733852996,0.1729525121833411,0.558801741340363,0.6356520775115038,"[-0.4068760747708635, 0.7527810991375457]",-0.8778286672375177,0.6052684124223029,0.9129671430493577,"[-4.20674135209665, 2.4510840176216147]",3.3530585178869154
6245.0,24.0,0.4117832263861685,0.6757007794617482,0.5131382828359292,0.17427734685356644,0.2858768647080969,"[-0.22713981719531795, 1.2534163828671763]",0.5769785548596111,0.44025487528154117,0.8462360780650421,"[-0.8883124084968042, 2.0422695182160266]",21.79610426246579
6246.0,24.0,0.301308060565376,0.5367083373091842,0.5317126199390999,0.11155704832019925,0.1987122342718191,"[-0.12321176430156933, 1.1866370041797691]",-0.5428129976794782,0.3962231264810986,0.8173980824432705,"[-1.796834313004628, 0.7112083176456716]",2.0733929221252434
6247.0,24.0,0.5074236623819505,0.7667326418584927,0.3579557563990704,0.2370723631192343,0.3581782829210273,"[-0.23542914058816955, 0.9513406533863104]",-0.5405390166359769,0.5302402541200111,0.884618375241927,"[-2.228510110903331, 1.1474320776313771]",2.0647069543595515
6248.0,24.0,0.6480837434808715,0.8753807020033882,0.3543242406367371,0.3472354439375279,0.4688913705493134,"[-0.38449332133553654, 1.0931418026090107]",0.6939832159463943,0.5171309289120658,0.8811227277424873,"[-1.405794550819659, 2.7937609827124477]",21.349179378223706
6249.0,24.0,0.8231329696466742,0.952756738845726,0.18974988568124293,0.5308765912339453,0.614511623143819,"[-0.4037105701863446, 0.7832103415488305]",-1.464109801608652,0.34075561423176703,0.7817288695383506,"[-4.476267708953777, 1.5480481057364726]",5.592487491727469
6250.0,24.0,0.6378386949022761,0.8681683886991963,0.3653117806835392,0.33811278992863936,0.4603305512983517,"[-0.382153868684719, 1.1127774300517974]",-2.854533454697777,0.008110507019061637,0.10451684302914481,"[-4.967818133557581, -0.7412487758379731]",10.903514628872069
6251.0,24.0,0.4436670835970473,0.7069133196281149,0.4294661068629562,0.19400958720958172,0.3091969996146301,"[-0.2186186342837621, 1.0775508480096745]",1.5488356653960293,0.036574591295935543,0.2655948601213674,"[0.09670012128709704, 3.0009712095049617]",18.08388354756473
6252.0,24.0,0.7227797339342719,0.9127174942076481,0.3307185247659768,0.4172615546832078,0.5268664368621203,"[-0.46835855723496306, 1.1297956067669166]",0.8406002108001633,0.4934859606584274,0.8710087226182522,"[-1.5653671781806127, 3.2465675997809393]",20.789143710889554
6253.0,24.0,0.31917368620282444,0.5620244518450862,0.49180555971195344,0.12105008053842727,0.21315386606520034,"[-0.12992622362579237, 1.1135373430496993]",-0.6087273897632377,0.35170803275844165,0.7903246740292883,"[-1.8898479941603106, 0.6723932146338352]",2.3251673538299062
6254.0,24.0,0.9157978878972928,0.9843055544897815,0.15883227909813052,0.6743929459222154,0.7248419453162247,"[-0.5821479885655505, 0.8998125467618117]",1.939109888798101,0.40190607870502837,0.8206211468997754,"[-2.5949943340660138, 6.473214111662216]",16.59314582398576
6255.0,24.0,0.22478289384862027,0.4198410419286893,0.5964375636816178,0.07385960836454693,0.13795220090501856,"[-0.05755285496792106, 1.2504279823311566]",-1.942319173378996,0.00035476786555407186,0.013091065149596747,"[-3.0081845619818264, -0.8764537847761658]",7.419112740130351
6256.0,24.0,0.6360526478776216,0.8671474408692864,0.3085730879233365,0.3366607099589869,0.4589159077957836,"[-0.320904552086387, 0.93805072793306]",-1.9736686198025044,0.05147812575324549,0.3274689933412563,"[-3.9599968552228004, 0.012659615617791609]",7.538858804806253
6257.0,24.0,0.9462602012166684,0.9901985232007054,0.13234153995890077,0.7394027435210996,0.7740005689533126,"[-0.6474240966936428, 0.9121071766114442]",2.021947997881485,0.4909371892540164,0.8697731756428894,"[-3.7312983012021474, 7.775194296965117]",16.276727555097615
6258.0,24.0,0.7175446320075928,0.9103585790504857,0.26824153755317176,0.41196756731362216,0.5226688243004595,"[-0.37256861231606125, 0.9090516874224048]",0.5826130269256424,0.6377853679542747,0.9251781493276053,"[-1.8428471989017527, 3.0080732527530376]",21.77458216452126
6259.0,24.0,0.5913790071533127,0.8342206335919209,0.31571702621535486,0.29981514314014845,0.4229300932996875,"[-0.2810964019402083, 0.9125304543709181]",0.48025579647319816,0.6261973399544902,0.9197963277827412,"[-1.452224166995876, 2.4127357599422723]",22.165557985026126
6260.0,24.0,0.32337926842051223,0.5676308029147135,0.4601287503134263,0.12310975312037001,0.21613369578716646,"[-0.12477579158272017, 1.0450332922095729]",-0.1897071936134207,0.7777667650505584,0.9596363723535175,"[-1.5071383486332075, 1.127723961406366]",0.7246281024880115
6261.0,24.0,0.7003114139153424,0.90072207577536,0.2961214637020036,0.395031211032035,0.508078728015479,"[-0.3862628036933538, 0.978505731097361]",1.0888197992295918,0.34383629742179844,0.7839404865978077,"[-1.1655849382805346, 3.343224536739718]",19.84101472359085
6262.0,24.0,0.7293635392462576,0.9153658876082551,0.2660211296138534,0.4237258038849113,0.5317332391526788,"[-0.38573976336694504, 0.9177820225946518]",-2.8159007946497763,0.02890574569450612,0.2305083388716596,"[-5.342054672522625, -0.28974691677692777]",10.755948737397793
6263.0,24.0,0.4794131440294823,0.7420669191205744,0.4393407051338852,0.21777165382703467,0.3370556474648424,"[-0.2593281303540626, 1.138009540621833]",-1.059167328438396,0.1829253287962891,0.6131235775383096,"[-2.6179051444013433, 0.49957048752455124]",4.045721181177786
6264.0,24.0,0.36531229041389895,0.6211737636692722,0.5098294503489695,0.14644615095289082,0.24905807985185516,"[-0.17826291152620932, 1.1979218122241484]",-0.1237677414252456,0.8625306295704898,0.9726270526004133,"[-1.524721576342502, 1.2771860934920107]",0.4727579482355372
6265.0,24.0,0.09792202569909858,0.19898806279028364,0.560955991281677,0.023012854649049178,0.04676458981721028,"[0.07730154088183, 1.0446104416815238]",0.9430392800405496,0.030047922852996144,0.23714240288684302,"[0.09106475554040572, 1.7950138045406936]",20.397855289241384
6266.0,24.0,0.76176368095637,0.9294675252910781,0.2894630819393776,0.45796039222052,0.5589748088302553,"[-0.47492647178792174, 1.0538526356666769]",-1.348973178516495,0.2999097266384648,0.749212407290694,"[-3.899494103131857, 1.2015477460988673]",5.152697987022862
6267.0,24.0,0.9360318316686189,0.9878137795754037,0.1593066257973211,0.7157944306218219,0.7554423265795963,"[-0.6982819215845343, 1.0168951731791764]",-1.3015040979450845,0.6242962422553351,0.9195245607783346,"[-6.5098632682292425, 3.9068550723390736]",4.971379455415644
6268.0,24.0,0.958968906440328,0.9917974003933477,0.11535516692059833,0.772132194521732,0.7985646856156087,"[-0.6653841382892351, 0.8960944721304318]",1.0508553947651151,0.7563334990799504,0.955539980247545,"[-5.5867358305338515, 7.688446620064082]",19.986028066760326
6269.0,24.0,0.8744551709728587,0.9723731468618467,0.1542678951891508,0.603559677710209,0.6711438649062704,"[-0.4279895726997566, 0.7365253630780582]",-2.6304210735150346,0.18062751599355098,0.6104343223844237,"[-6.481207384043984, 1.2203652370139149]",10.047468390312183
6270.0,24.0,0.6488251952601838,0.8758439460855613,0.33486860209174873,0.3475620543151555,0.4691712396262898,"[-0.3638542870771915, 1.033591491260689]",-0.127535390849693,0.9081129574161824,0.9846177571464625,"[-2.293249895497667, 2.038179113798281]",0.4871493089492525
6271.0,24.0,0.32396475862016944,0.5683592256494201,0.5555990623042373,0.12355456604656613,0.21676239657292307,"[-0.1515031216019732, 1.2627012462104479]",-1.127970506996479,0.07509135139109341,0.3999646345594326,"[-2.3700482421329836, 0.11410722814002594]",4.308529964408662
6272.0,24.0,0.669090335653578,0.8854042434810395,0.31613784834180575,0.3656664993389259,0.483941899601543,"[-0.36881107040625954, 1.001086767089871]",-1.3650604918609925,0.20083116987671223,0.6343372390294133,"[-3.4565992166973096, 0.7264782329753245]",5.214146997579142
6273.0,24.0,0.5132591121778678,0.7713542413253198,0.38886804993536384,0.24107813071474604,0.36230557666778784,"[-0.26128105954188796, 1.0390171594126156]",0.3739427110101863,0.6699765257277218,0.9333950467214768,"[-1.3457857104056004, 2.093671132425973]",22.571644058629072
6274.0,24.0,0.45553466935529585,0.7191487710910182,0.502418536180926,0.20194678491003892,0.3187291428504402,"[-0.26929241084438316, 1.2741294832062353]",2.5968918520148954,0.0011331132486372716,0.028759219508560196,"[1.0332982960903547, 4.160485407939436]",14.080603801842303
6275.0,24.0,0.964717045693347,0.9923284751869268,0.10163161542479271,0.7885469438871888,0.8111788333372995,"[-0.6410821049825209, 0.8443453358321064]",2.8716685779965463,0.4561678474522478,0.8520462075951002,"[-4.681444312694412, 10.424781468687504]",13.031034021364215
6276.0,24.0,0.9429136282120506,0.9886899740086511,0.1090612889062413,0.7313576807519692,0.7668634588989925,"[-0.5135536253033408, 0.7316762031158235]",1.4687108759991032,0.6005565293437328,0.91161020243821,"[-4.029032492715148, 6.966454244713354]",18.38993769868596
6277.0,24.0,0.379415336532247,0.6389614963493551,0.40762340412510556,0.15483088905094844,0.26074585559270536,"[-0.15394417493354184, 0.969190983183753]",1.0576636700864706,0.12478530894085561,0.5116248829063371,"[-0.2928189637507721, 2.408146303923713]",19.96002237064854
6278.0,24.0,0.9378735453078528,0.9880486751993395,0.10678863638961918,0.7198554600917304,0.7586209928250927,"[-0.4767907002978727, 0.6903679730771111]",2.961030885673249,0.3056312495253969,0.7518603924364008,"[-2.704072899427388, 8.626134670773887]",12.689695149535911
6279.0,24.0,0.4895490749107411,0.7518800106139474,0.37974939042030365,0.22461831299763146,0.344876881617736,"[-0.23317266125505898, 0.9926714420956663]",2.6957811570788643,0.0013961971130440971,0.03269782466145427,"[1.0422872790096933, 4.349275035148035]",13.702874480565828
6280.0,24.0,0.34981945461475095,0.6027213208386474,0.4496779707272407,0.13767258316010253,0.23720293445917043,"[-0.1440197397854257, 1.043375681239907]",-1.3793514602508425,0.033831759013142344,0.25467291092788646,"[-2.6533328315455034, -0.1053700889561815]",5.268734475838694
6281.0,24.0,0.6893503581162669,0.8947953765787473,0.2992241360320639,0.3845614301333753,0.49917111907239786,"[-0.3752478398697643, 0.973696111933892]",2.0109577868145205,0.07314191424693983,0.3953616986321072,"[-0.18855543812310227, 4.210471011752143]",16.318707069103947
6282.0,24.0,0.9371430791557537,0.9880486751993395,0.13969300405783866,0.7182300620683095,0.757389135622073,"[-0.6191043160131813, 0.8984903241288587]",2.947525344653826,0.3047362998978863,0.7514276816848787,"[-2.681313696143107, 8.57636438545076]",12.741282516232827
6283.0,24.0,0.8474273506304514,0.9611288994334256,0.2354486752449785,0.5635620223888709,0.6391766160699454,"[-0.5635538076948613, 1.0344511581848184]",0.12496107736741369,0.9445669171455963,0.9899384482268412,"[-3.3974825901238996, 3.647404744858727]",23.522683844229295
6284.0,24.0,0.756189316850373,0.9274982421812499,0.2861342901407314,0.45181965952199865,0.5543799503337408,"[-0.45924609520581156, 1.0315146754872744]",-0.03697299690783673,0.978642681787126,0.9963708482041612,"[-2.743885492885505, 2.6699394990698315]",0.14122644525128586
6285.0,24.0,0.648959929325929,0.8759075844593455,0.28937442984716766,0.3479106846839164,0.46945174022927594,"[-0.3148590013067408, 0.8936078610010761]",1.0698490299604373,0.3052498443516013,0.751652013858742,"[-0.9753941051762669, 3.1150921650971415]",19.913477724473452
6286.0,24.0,0.33758139699440753,0.5860788142264021,0.4229437489041113,0.13110459598967805,0.2276121458154133,"[-0.12611990703420245, 0.972007404842425]",-2.3079275187324386,0.0004698900693730414,0.016037203732868308,"[-3.6013193543916793, -1.014535683073198]",8.815633749697932
6287.0,24.0,0.3101794859319332,0.5491846422307599,0.5971708921982756,0.11618218194195518,0.20570499635615294,"[-0.14785262399085164, 1.3421944083874027]",2.6872901379567207,3.738790681638778e-05,0.002614538938208936,"[1.4098415339329968, 3.9647387419804447]",13.735307784530077
6288.0,24.0,0.7561568068635108,0.9274982421812499,0.29747101169085266,0.45204928197443683,0.5544710709774197,"[-0.4778350769167852, 1.0727771002984905]",-0.5513808391476491,0.683635775214727,0.9362308617018995,"[-3.2033279821642178, 2.1005663038689195]",2.1061196658361343
6289.0,24.0,0.9151983600182431,0.9843055544897815,0.1127853018176595,0.6731573934384665,0.724020679494572,"[-0.41126722818930944, 0.6368378318246284]",3.0265286235733675,0.21880893654239397,0.657423017751728,"[-1.797314811295482, 7.8503720584422165]",12.439512219580521
6290.0,24.0,0.855880118741135,0.9647684330924018,0.19230225346835422,0.5756960926208112,0.6489704618960785,"[-0.48112520159551725, 0.8657297085322258]",1.1935526755848658,0.4920823936424068,0.8697731756428894,"[-2.211568792802052, 4.598674143971784]",19.44096460416267
6291.0,24.0,0.7613616529207048,0.9294675252910781,0.27419615663323893,0.4577686851128214,0.5589748088302553,"[-0.44956916341476694, 0.9979614766812448]",-0.6552647098342614,0.6299771591221032,0.9216640993393094,"[-3.321110569262769, 2.010581149594246]",2.5029268224911805
6292.0,24.0,0.9076886840754198,0.9823142978726804,0.16501504642558848,0.6592099046043722,0.7134203941623226,"[-0.5683645799555498, 0.8983946728067268]",-1.8447205390972812,0.4005198515548257,0.8206211468997754,"[-6.145440439893273, 2.4559993616987104]",7.046313418091478
6293.0,24.0,0.6710688279194339,0.8867188529590828,0.25302000047583034,0.3674376084670242,0.48557897246864573,"[-0.29720652925756047, 0.8032465302092211]",0.14318114079367916,0.9010221214228131,0.9825254978743544,"[-2.1132255313004404, 2.3995878128877988]",23.453088328443584
6294.0,24.0,0.724608228642176,0.9137443400354902,0.24279842745021926,0.4188437333512258,0.5283942301477248,"[-0.3458447868465372, 0.8314416417469758]",0.24650837115336088,0.8472384829005248,0.9708072590103425,"[-2.2614844529832556, 2.7545011952899774]",23.058407381217865
6295.0,24.0,0.9492363416012654,0.9906453158017797,0.091093282129744,0.7466541589153182,0.779225797239948,"[-0.46156793008952746, 0.6437544943490154]",0.3950081647146524,0.901156813836085,0.9825254978743544,"[-5.838493630598908, 6.628509960028213]",22.491179952576132
6296.0,24.0,0.668886491966343,0.8853560449587597,0.3299470682048298,0.3657748263591427,0.48402120730335146,"[-0.38508266237820754, 1.044976798787867]",-0.7277612313925905,0.5122787293963755,0.8792582667193836,"[-2.9044737233540703, 1.4489512605688892]",2.77984313680261
6297.0,24.0,0.3031187162890471,0.5392611924729533,0.553610476601597,0.1123919697173095,0.1999501329252971,"[-0.1298755153879919, 1.237096468591186]",-0.32093494901905384,0.6212825894537014,0.9177195404295999,"[-1.594170600298653, 0.9523007022605454]",1.2258812051358683
6298.0,24.0,0.9962941422060921,0.9987202807390857,0.031223896553675187,0.9313751811674333,0.9339006303600353,"[-0.6794290092098, 0.7418768023171504]",-0.794857770700288,0.9453885607130378,0.9902467379418014,"[-23.538207825957713, 21.948492284557133]",3.036133038286923
6299.0,24.0,0.9467646453314903,0.9901985232007054,0.10196217773919142,0.7406666053021574,0.7746748303547302,"[-0.5018441000762361, 0.7057684555546189]",-2.1680892672477032,0.46674425510071127,0.8568927430895292,"[-8.006857296733942, 3.670678762238536]",8.281490974726974
6300.0,24.0,0.903789469930393,0.9808891106307509,0.15612921654729933,0.6522094800896193,0.7079833837799004,"[-0.5228393309777264, 0.8350977640723252]",-0.3500862385877799,0.8782346001348966,0.9766268042296392,"[-4.828693184392763, 4.128520707217203]",1.3372309291126512
6301.0,24.0,0.4440739592104841,0.7071764480082166,0.5309716963599947,0.19450658922898578,0.3097731951409234,"[-0.2711831644053001, 1.3331265571252895]",1.0662017729700342,0.15798570401447598,0.571170296509313,"[-0.41389506106601504, 2.5462986070060833]",19.92740921996343
6302.0,24.0,0.9806415529338772,0.9948681677324512,0.06546155311883138,0.843275148148798,0.8555089257875601,"[-0.5834936152538079, 0.7144167214914707]",-2.6155428505952436,0.6119157633609473,0.9159044504729043,"[-12.719935149550524, 7.488849448360037]",9.990637764981594
6303.0,24.0,0.5871144532609154,0.8313609111974587,0.364717752476227,0.2961896886785056,0.4194727215387418,"[-0.31956976154267086, 1.0490052664951248]",0.017785306261191458,0.9857359334441123,0.9971100704756963,"[-1.9319830091425663, 1.9675536216649492]",23.932065134259076
6304.0,24.0,0.09401150372546044,0.19193855395153211,0.5642414755836301,0.021726270682714734,0.044348378613420565,"[0.08239601227152293, 1.0460869388957375]",0.8283002810515931,0.05647856002065656,0.3450405894784624,"[-0.02285986041014143, 1.6794604225133276]",20.836125981749586
6305.0,24.0,0.9781483664342034,0.9948196093691711,0.08835303629168208,0.8334408499423471,0.8477681313623712,"[-0.7351205114423064, 0.9118265840256706]",1.7724531867016031,0.6993799901391409,0.9397742409824522,"[-7.223730907997093, 10.768637281400299]",17.229727534498988
6306.0,24.0,0.03534020626534922,0.07834228832930441,0.9203279359820963,0.005197029329815806,0.011520792129939717,"[0.27485630647744574, 1.565799565486747]",2.8784861265219575,7.202440197303293e-15,2.4008133991010978e-11,"[2.1534097254662954, 3.6035625275776195]",13.004992904222103
6307.0,24.0,0.6513722940031457,0.8771509480247046,0.3488338393036677,0.35012788806512174,0.47146888905220413,"[-0.3829135338146878, 1.080581212422023]",0.7326185328545476,0.49539871245976164,0.871424115982267,"[-1.373595608517308, 2.838832674226403]",21.2016033382912
6308.0,24.0,0.3879248288956147,0.6484868420187474,0.5738716612724275,0.1596659213193875,0.26695522708474756,"[-0.2259939051655664, 1.3737372277104214]",1.7622481301534165,0.010225487163105387,0.12015848605294227,"[0.4173121112157938, 3.1071841490910392]",17.268707979159217
6309.0,24.0,0.2709897569372713,0.49217173435755773,0.5309533905772776,0.09598544758221929,0.17432881871089592,"[-0.0941980999596187, 1.156104881114174]",1.2293043035109728,0.03500213213295754,0.2598525028430404,"[0.08650981873571362, 2.372098788286232]",19.304403444770138
6310.0,24.0,0.8886323462102667,0.9758344883036644,0.16858510236874902,0.6260805892597572,0.6875473196351386,"[-0.5095476166529443, 0.8467178213904424]",-1.6076701314300355,0.415654042941372,0.8288815882747501,"[-5.47872294835532, 2.263382685495249]",6.140847558678892
6311.0,24.0,0.504504593598572,0.7642833942327496,0.4247180988304175,0.23497434719112786,0.3559138854758071,"[-0.27619340069395054, 1.1256295983547855]",0.4576054220466963,0.5955055995638466,0.9097244111882778,"[-1.2318518428887695, 2.147062686982162]",22.252076042294767
6312.0,24.0,0.902655510529824,0.9807208936656062,0.12403032927407266,0.6503232565847572,0.7065659024171634,"[-0.4122324551016331, 0.6602931136497784]",-0.8861209536443946,0.6856292849211955,0.9370360597528979,"[-5.176617282732994, 3.4043753754442045]",3.3847327187954317
6313.0,24.0,0.8464174454905442,0.9607462491379616,0.20819803520983998,0.5623484936065126,0.6383070302003548,"[-0.49613597685603467, 0.9125320472757146]",-1.0490319730068478,0.535493680050029,0.8880492206468142,"[-4.367183016004541, 2.269119069990845]",4.007006975171605
6314.0,24.0,0.4932733853512125,0.7544713755754244,0.41980961723199345,0.22696718433205598,0.3472570139719339,"[-0.26120854078376504, 1.100827775247752]",1.54523164044656,0.05236684534588976,0.33035088103262844,"[-0.01581648276790948, 3.1062797636610293]",18.097649908822362
6315.0,24.0,0.7533395916915244,0.9262400611026866,0.22488048548979042,0.44881804785052126,0.5519159466927216,"[-0.3570646203556964, 0.8068255913352773]",-1.3179528494545512,0.30189782236731955,0.750802841003033,"[-3.8200933481763104, 1.184187649267208]",5.03420905806577
6316.0,24.0,0.5241733203197557,0.7812987335217703,0.3561341400030707,0.2487089319440713,0.370812945604835,"[-0.24899422349639494, 0.9612625035025364]",0.03148109532049226,0.9721235817767392,0.9946639642340541,"[-1.7342014850107283, 1.7971636756517129]",23.879751073579115
6317.0,24.0,0.825673228414266,0.9537227604452235,0.15322610769719375,0.5342610330959388,0.6171433904307945,"[-0.32997671619426827, 0.6364289315886558]",1.2664343766956545,0.4165921653643053,0.8288815882747501,"[-1.7891117445781455, 4.321980497969454]",19.162577012337195
6318.0,24.0,0.9505305232155208,0.991078205928571,0.10967469660232611,0.7498505046720867,0.7819569016779484,"[-0.5645218296788569, 0.7838712228835091]",0.29875035167480846,0.9264832469800386,0.9889661639392809,"[-6.0471662345377215, 6.644666937887338]",22.85885771473229
6319.0,24.0,0.5360845829192689,0.7925555631568139,0.3152115227294508,0.25758375356605656,0.3807752482099518,"[-0.23049293289290768, 0.8609159783518092]",-2.670062978198013,0.003123606753565225,0.05617997758210837,"[-4.440854251608576, -0.8992717047874501]",10.198889312325152
6320.0,24.0,0.921438878208739,0.9861488829547715,0.11936761893865443,0.685279379635851,0.7334682432150819,"[-0.45791786590855843, 0.6966531037858673]",-1.637741493493234,0.49049146670615396,0.8697731756428894,"[-6.292980090255564, 3.017497103269096]",6.255711700707632
6321.0,24.0,0.42984614713946556,0.6927415747614272,0.4250205118482898,0.18547050969048173,0.2988567671454749,"[-0.2041058177622782, 1.054146841458858]",-1.0535936962538042,0.15480677140969384,0.5678898437626333,"[-2.505005640882028, 0.3978182483744195]",4.024431474462093
6322.0,24.0,0.7647761847631185,0.9314129859887859,0.2578062120676226,0.46145724930118914,0.5619988421644003,"[-0.42831138026921795, 0.9439238044044631]",2.6355667841123016,0.0571996526629605,0.3468492451597861,"[-0.08063087378980294, 5.351764442014407]",13.932876443033209
6323.0,24.0,0.7169617552739955,0.9102923568111283,0.2902446353230856,0.4112872623632142,0.52213693330356,"[-0.402121430972831, 0.9826107016190022]",-1.9914652587672483,0.09320223147341161,0.4418024612799107,"[-4.316538991995915, 0.3336084744614185]",7.606836958286113
6324.0,24.0,0.9177675043068897,0.9852676399952099,0.1675433835265069,0.6782560378843947,0.72828952849178,"[-0.6240286843314865, 0.9591154513845003]",2.109820236105028,0.3727583734080674,0.8050936790671002,"[-2.5295674592286943, 6.74920793143875]",15.941080329325802
6325.0,24.0,0.5592205448166171,0.810817086873448,0.4204005945469066,0.2746648922736783,0.39835372338459507,"[-0.333886314439769, 1.1746875035335822]",-1.3296280953968642,0.13288389061038042,0.5260644917275551,"[-3.0637097430217537, 0.4044535522280255]",5.078805212550555
6326.0,24.0,0.2080472477185833,0.393880210268533,0.651974377382361,0.06629029036455167,0.12552601848996717,"[-0.04384763931872704, 1.347796394083449]",1.967860498872282,0.00020509156660057925,0.008878422796561872,"[0.9290002923059129, 3.006720705438651]",16.483326582940634
6327.0,24.0,0.0686663780693166,0.14332368622274388,0.6283436416242542,0.013847565383593255,0.028903288214554904,"[0.12796408975473894, 1.1287231934937694]",0.6224566810914709,0.13021939717158434,0.5223251886007398,"[-0.18375705082089322, 1.428670413003835]",21.622390616249206
6328.0,24.0,0.43297748246844847,0.6961996097921522,0.47422849329931677,0.1874812446688846,0.30141679207216177,"[-0.23094872360571, 1.1794057102043436]",2.555959466697165,0.0009037450731240867,0.024359705475042768,"[1.0465447430200547, 4.065374190374275]",14.236953996782917
6329.0,24.0,0.44642732880038893,0.7094147990472688,0.3731685082850903,0.19609354039243698,0.3114801449887163,"[-0.19259463097121066, 0.9389316475413912]",0.9102381597149432,0.23485009649990185,0.6763610712967688,"[-0.5915275101209765, 2.412003829550863]",20.52314633977192
6330.0,24.0,0.9704650760869493,0.9936899468403179,0.10999201640454385,0.8065693099259523,0.8258952589862301,"[-0.7704518278412213, 0.990435860650309]",-2.305735518532919,0.5708765972460249,0.9008246509973031,"[-10.279394406948335, 5.667923369882497]",8.807260925689645
6331.0,24.0,0.6979469038073236,0.8995613016989292,0.3001268678491608,0.39252903142556916,0.5060972555770619,"[-0.3878384740642243, 0.988092209762546]",-1.5083636999555603,0.1802761209206939,0.6095347899709657,"[-3.714742339739113, 0.6980149398279925]",5.761524931879389
6332.0,24.0,0.4883675665397155,0.7511036089506544,0.4102784823801962,0.2237860001564731,0.3442284331349304,"[-0.2507295502644406, 1.071286515024833]",-2.7314542705255436,0.0012086750234129408,0.030292607103081227,"[-4.385405897173771, -1.0775026438773156]",10.433386775606579
6333.0,24.0,0.7810336002066339,0.9386294918959668,0.20359102206391266,0.4798685416938333,0.5766957597570405,"[-0.36119759317219724, 0.7683796373000226]",2.4627576523068875,0.08436994132163328,0.42333136639053326,"[-0.33403637583430923, 5.259551680448084]",14.59295870395122
6334.0,24.0,0.09899938660401372,0.20101398295231213,0.7059564481364328,0.023319848233905205,0.0473499456525994,"[0.09592314558056347, 1.3159897506923022]",1.237396120942706,0.003818843662497598,0.06425078648569801,"[0.3990065936185012, 2.075785648266911]",19.273494978941557
6335.0,24.0,0.8112117715073659,0.9482278699781302,0.22869219275413918,0.5157590765932978,0.6029449106772244,"[-0.4609998714833534, 0.9183842569916318]",2.9451094882702464,0.06472136920262644,0.3704714894254519,"[-0.17982433587009838, 6.070043312410592]",12.75051040787875
6336.0,24.0,0.5727773855763655,0.8228381055827283,0.24503204979994603,0.2850091857863438,0.40955480067013056,"[-0.2041669146368777, 0.6942310142367698]",-1.7376549505134724,0.05403321016311147,0.33707554686906716,"[-3.505429125595316, 0.030119224568370795]",6.637352994295726
6337.0,24.0,0.8289197027388122,0.9545027190323622,0.22507335906543313,0.5385018388931546,0.6202273635570602,"[-0.49212704213258585, 0.9422737602634521]",-1.2896750395871583,0.4125008859185295,0.8271523679938431,"[-4.374134978661048, 1.7947848994867313]",4.92619578078077
6338.0,24.0,0.9870186913425519,0.9961904215642817,0.04874070866772633,0.871591399438903,0.8798621032090682,"[-0.5422736879184122, 0.6397551052538648]",-1.1505599146261503,0.8486759695468087,0.9708072590103425,"[-12.969012088419081, 10.66789225916678]",4.394815145667382
6339.0,24.0,0.6720896656638583,0.8871149670238285,0.29613061628808307,0.36835813319578414,0.48628136395483057,"[-0.3490846044153943, 0.9413458369915604]",0.11285057037474999,0.9221082575799043,0.9878688510655973,"[-2.1492343905536364, 2.3749355313031364]",23.56894257345885
6340.0,24.0,0.1132402384964287,0.22707086123206077,0.5932666389130228,0.028178385621840732,0.05650368081379734,"[0.06347600657542274, 1.1230572712506228]",1.417924510274517,0.0012449888296041083,0.030664004154769567,"[0.5570928666482021, 2.278756153900832]",18.583927326207736
6341.0,24.0,0.7915794887776177,0.9426932104056421,0.2310399634857196,0.4921471325165371,0.5860987644593749,"[-0.428199309800618, 0.8902792367720571]",0.6172059629553575,0.6755019755964304,0.9340458733357723,"[-2.2726069979899433, 3.507018923900658]",21.64244688215668
6342.0,24.0,0.9332553824353206,0.9878137795754037,0.13240863053809385,0.7098678202570142,0.7521379744193836,"[-0.5651523836245816, 0.8299696447007693]",0.6012139996843286,0.8254076573939569,0.9670857145799143,"[-4.740506552838193, 5.94293455220685]",21.703531682260557
6343.0,24.0,0.644882967847001,0.8734525717847215,0.23909136659511956,0.34415713647647395,0.46611757931074066,"[-0.2562773137821306, 0.7344600469723697]",1.3617542328027774,0.18210565480622987,0.6121198480881677,"[-0.6385379395293316, 3.3620464051348864]",18.79848198175503
6344.0,24.0,0.675557483509469,0.887749373441559,0.24022723654082268,0.37186223703563637,0.4885210680972627,"[-0.2870311262120063, 0.7674855992936517]",-0.7098010390830787,0.5285740093428514,0.8840013597459259,"[-2.917384551585611, 1.4977824734194538]",2.7112402555640536
6345.0,24.0,0.10341286274615656,0.20904156609289784,0.580604198626072,0.024865974950392545,0.050264756317753276,"[0.07337254031006557, 1.0878358569420785]",-0.9346136462136476,0.03395272327857721,0.255091835301106,"[-1.798416735670775, -0.07081055675652037]",3.5699611602250054
6346.0,24.0,0.46482545886999366,0.7282241248159074,0.46410597699139644,0.20802327413267574,0.32590204313438154,"[-0.25838558961135494, 1.1865975435941478]",0.5020039089800177,0.5358421418437386,0.8883324632687974,"[-1.0872215108768752, 2.091229328836911]",22.08248631442503
6347.0,24.0,0.8853358256874377,0.9750468729575443,0.16558191878992873,0.6208779804036916,0.683861637188778,"[-0.49056526066358125, 0.8217290982434386]",-1.0094775897515085,0.6116738131959176,0.9157510960143309,"[-4.90665238037077, 2.887697200867753]",3.8559203603866803
6348.0,24.0,0.8289685139694117,0.9545027190323622,0.21692815096646656,0.5385434197765954,0.6202273635570602,"[-0.4743881635844638, 0.9082444655173969]",-1.3335910016412527,0.3960260842162029,0.8173912986918532,"[-4.413204183616957, 1.746022180334451]",5.0939423993778545
6349.0,24.0,0.7133566506781586,0.9082242929593717,0.25960034134097687,0.40786546471954155,0.5191770172091924,"[-0.35515681647879327, 0.874357499160747]",-0.7606181573424671,0.5297866889654459,0.884304271349434,"[-3.1332252773961895, 1.6119889627112554]",2.9053473491160635
6350.0,24.0,0.3616553667537757,0.6167375166084186,0.42796619400231134,0.14434523967818785,0.24625622994913507,"[-0.14663219363660057, 1.0025645816412232]",-0.09711844295720695,0.8914098991615524,0.9795465253756226,"[-1.4914056799851803, 1.2971687940707664]",0.3709651262886662
6351.0,24.0,0.38485267405264534,0.6449684498955008,0.4770571727479835,0.1578907058007386,0.264606512151397,"[-0.18504028817857637, 1.1391546336745433]",-1.8485242625193798,0.006991734280081634,0.09538518799565668,"[-3.1917655277465835, -0.5052829972921764]",7.060842571326233
6352.0,24.0,0.8490945246175621,0.9622558075901656,0.23834287708135066,0.5661600981827085,0.6416138918661701,"[-0.5758989672759054, 1.0525847214386066]",-0.8952378460559443,0.604503528730496,0.9124766716952987,"[-4.2829862836685795, 2.492510591556691]",3.4195566826258745
6353.0,24.0,0.6658241837685833,0.8831730783506875,0.32601433764472404,0.3627469758286288,0.4811605993216989,"[-0.37604698131701547, 1.0280756566064635]",0.2701129881850717,0.8119881133463391,0.9656985281831257,"[-1.9555963846150624, 2.4958223609852057]",22.968244385688553
6354.0,24.0,0.9327365398707173,0.9878137795754037,0.10547978048350286,0.7085728268046398,0.7511743459010721,"[-0.44762674910109207, 0.6585863100680978]",-1.5804358965831495,0.5392846388475245,0.8896052435427867,"[-6.626244805009513, 3.465373011843214]",6.036820444345914
6355.0,24.0,0.768100382070471,0.9330582022989097,0.21051688908147334,0.4652186069649906,0.5650657196222405,"[-0.35447888029187447, 0.7755126584548212]",0.6564971574071041,0.634966039934155,0.9237213266426462,"[-2.053801047576619, 3.3667953623908273]",21.49236557454915
6356.0,24.0,0.5392082082260679,0.7951750600590883,0.415109282725902,0.25969402035589906,0.38308603091296517,"[-0.3067332213382823, 1.1369517867900862]",-1.3806202156525353,0.10680548943627652,0.4780908211113542,"[-3.058510332479643, 0.2972699011745721]",5.273580764488789
6357.0,24.0,0.29375845142643,0.5259775316498299,0.5335691848517031,0.10761272254722869,0.19264719396209934,"[-0.11637837766843984, 1.1835167473718462]",2.0669347870508616,0.0006827246237787448,0.02050224095431666,"[0.8741751387300749, 3.2596944353716486]",16.10489067821427
6358.0,24.0,0.8924815404979762,0.9769912868067611,0.15084124239205848,0.6325050745787594,0.6924830584525499,"[-0.4673958562511669, 0.7690783410352839]",0.013373613204051615,0.9950898663461452,0.999042938587908,"[-4.245952135697119, 4.2726993621052225]",23.948916560437826
6359.0,24.0,0.46775200476581896,0.730427300798314,0.43564038395494664,0.20979347530038717,0.3276781390256059,"[-0.24517983421371992, 1.1164606021236132]",-0.23991180175445148,0.7712156358232137,0.9589249382121035,"[-1.8569767545578286, 1.3771531510489257]",0.9163955797272912
6360.0,24.0,0.35779685163010305,0.6125986671020818,0.4961244549157762,0.14238944825028146,0.24368383094831386,"[-0.16673764248451123, 1.1589865523160636]",2.550718178467087,0.00022639460016864285,0.009514029247882173,"[1.195001904689782, 3.906434452244392]",14.256974243102587
6361.0,24.0,0.892780294437006,0.9772113555571432,0.16163442918489976,0.6332601220940557,0.6931310945674274,"[-0.5023122220604755, 0.8255810804302751]",-2.3626396541212737,0.2598444732258921,0.7084091418372195,"[-6.4723822368564345, 1.7471029286138866]",9.024618712759839
6362.0,24.0,0.24865681573935539,0.4570897348149915,0.5167469632434836,0.08506652176150228,0.1563705549770086,"[-0.07140385396252524, 1.1048977804494924]",0.34257502097184744,0.5669121521869802,0.8991207905304154,"[-0.830021561636308, 1.515171603580003]",22.691459808780497
6363.0,24.0,0.9834104813350603,0.9954747198059007,0.05791583033205725,0.8549069814960286,0.8656409290158248,"[-0.5628445297856022, 0.6786761904497167]",0.6246529627833919,0.910153524742508,0.9847157609726442,"[-10.224728501922709, 11.474034427489492]",21.614001438144612
6364.0,24.0,0.4886621828278046,0.751315542212078,0.5010316202657759,0.2240399800659344,0.3443590225421679,"[-0.30663339189738426, 1.308696632428936]",-2.6523691300935175,0.0015974310181146444,0.03625018427206948,"[-4.29936837829816, -1.005369881888875]",10.131303791009609
6365.0,24.0,0.26943669762342176,0.48961784049322504,0.47102413031908036,0.09513424546299079,0.1728770588097234,"[-0.08214387666351636, 1.0241921373016771]",1.711343562912238,0.00304014849208939,0.05535679558311921,"[0.5795726417933103, 2.8431144840311657]",17.463149103216512
6366.0,24.0,0.9321490565734084,0.9878137795754037,0.13461796208998025,0.707354947174637,0.7505017270086146,"[-0.5682023402765373, 0.8374382644564977]",-2.910380761102057,0.29114876822054925,0.7406318280685713,"[-8.314146464175769, 2.493384941971655]",11.116835625814677
6367.0,24.0,0.3817725392864038,0.6415014253229098,0.47076532028018925,0.15622928658438068,0.2624379079193359,"[-0.1799885076368496, 1.121519148197228]",1.0302721180304282,0.1368926574615781,0.5307974310258942,"[-0.3272720384101211, 2.3878162744709774]",20.064650392456816
6368.0,24.0,0.8083318689221113,0.9479515751594272,0.2470509826485433,0.5124444936130477,0.600896451234812,"[-0.49216172271175196, 0.9862636880088386]",-2.3489768201833865,0.12367760310715749,0.509800507449124,"[-5.339462470876193, 0.6415088305094203]",8.972430531371236
6369.0,24.0,0.6281942236558479,0.8608938243878962,0.2857727058590834,0.33012255684455993,0.45240860195225424,"[-0.2893614587640608, 0.8609068704822276]",2.4779551563178828,0.01680612686996706,0.16606844733169032,"[0.44664546147524753, 4.509264851160518]",14.53490851468701
6370.0,24.0,0.491860691888446,0.7533525401166856,0.3687719928516443,0.226035432586688,0.3463083079311905,"[-0.22825352964703838, 0.965797515350327]",-0.17444985863816775,0.8385921042316862,0.9708072590103425,"[-1.8530182414108214, 1.5041185241344859]",0.6663493757747226
6371.0,24.0,0.9645288697011004,0.9923284751869268,0.08957167564803539,0.7880165511899268,0.8108834649001099,"[-0.5633315214386008, 0.7424748727346715]",-1.944326131243975,0.5907349223622668,0.9077706636973603,"[-9.030626435020235, 5.141974172532284]",7.4267787544852775
6372.0,24.0,0.3664385168886037,0.6222256603560429,0.4498629753127242,0.1473388297313628,0.25010835126695435,"[-0.1586380233386811, 1.0583639739641295]",-0.9622786298425217,0.15764359397702699,0.5707588485772157,"[-2.2970106835286312, 0.37245342384358815]",3.6756336137072054
6373.0,24.0,0.3320503654779218,0.5786865902368802,0.5106407999184003,0.12779146767785166,0.22273911100148963,"[-0.14656447310337362, 1.1678460729401743]",1.6507578489170083,0.00902184207810303,0.11075940688667328,"[0.4117127687403983, 2.8898029290936185]",17.694569483930735
6374.0,24.0,0.8119150925756463,0.9483881469170031,0.20498648474517456,0.5167706420751506,0.6036335031832153,"[-0.41470606720622283, 0.8246790366965719]",0.4296235063998797,0.7859077589151984,0.9608848990282411,"[-2.670371171716489, 3.529618184516248]",22.35895908691168
6375.0,24.0,0.9531199106415067,0.991078205928571,0.09983865340781359,0.7564863881678685,0.7866780730858226,"[-0.531188078914132, 0.7308653857297592]",1.15360177033876,0.7135496337149139,0.9463571189696999,"[-5.005648882306629, 7.312852422984149]",19.593565821384598
6376.0,24.0,0.7229550083659482,0.9127174942076481,0.30027787036301223,0.4172372961191352,0.5268664368621203,"[-0.42521117824788235, 1.0257669189739067]",-2.796608295165666,0.027640904346911445,0.22291051892670521,"[-5.2854327102074645, -0.30778388012386815]",10.682256817617938
6377.0,24.0,0.4164158318778921,0.6799611163862738,0.4944890438976973,0.1771315080243162,0.2891470911268629,"[-0.22361412730576646, 1.2125922151011612]",2.5595087983250906,0.0006683102793447366,0.020251826646810196,"[1.0850344545127202, 4.033983142137461]",14.223396548624754
6378.0,24.0,0.49702793768882636,0.7577167216197819,0.3624877414994067,0.2298783413080583,0.3503708905777447,"[-0.2292331762800201, 0.9542086592788335]",2.4870836546089743,0.0031105620900319384,0.05604616378435925,"[0.8383647433297774, 4.135802565888171]",14.500040219662214
6379.0,24.0,0.9196294510571935,0.9859416571445778,0.1335983632553104,0.681869029158368,0.7310700430560395,"[-0.5051892243794892, 0.77238595089011]",2.0773639164069237,0.38481823318208364,0.8109971092567351,"[-2.6076889367034655, 6.762416769517313]",16.065054338474383
6380.0,24.0,0.7092751932109236,0.9059252708516119,0.17876604006057903,0.40373571176854217,0.5157584463062623,"[-0.24086080747552238, 0.5983928875966804]",-0.4792224849592399,0.6955125747591477,0.9388952763058601,"[-2.8790550679227924, 1.9206100980043126]",1.830495055729068
6381.0,24.0,0.22458532677095777,0.4195503956117276,0.5458550552204073,0.07367578954961894,0.13763457789953099,"[-0.052290632108884516, 1.1440007425496992]",-1.6458417301161923,0.0022285699996118934,0.04557402862192011,"[-2.7007284548509154, -0.5909550053814692]",6.28665232547782
6382.0,24.0,0.9207757794065794,0.9859416571445778,0.1113633082000632,0.6841184178523156,0.7325526373771483,"[-0.4251200662284667, 0.6478466826285931]",-2.0664621747855483,0.39054117744390615,0.813966605760538,"[-6.783466577170375, 2.6505422275992787]",7.893304075909158
6383.0,24.0,0.8703508893634747,0.9711122638619929,0.18173933366744208,0.5973142908498061,0.6666454138948729,"[-0.49254620678501126, 0.8560248741198955]",-0.8114070122191315,0.667561366786168,0.9332201550489372,"[-4.51417432568312, 2.8913603012448568]",3.0993464844984167
6384.0,24.0,0.6779892376211235,0.8885209441484517,0.402223620564534,0.37395640627883364,0.49011324545063384,"[-0.48446569576974274, 1.2889129368988108]",1.1439368499119134,0.29690197966178544,0.7463599287626582,"[-1.005497549043703, 3.2933712488675297]",19.63048309803714
6385.0,24.0,0.5829054701977621,0.8293502717358707,0.3528529720076121,0.29294920639015654,0.41712792359594775,"[-0.3047454917568808, 1.010451435772105]",-0.2452860188536734,0.8030877574298608,0.9647858690892128,"[-2.1732829239179745, 1.6827108862106277]",0.936923576925455
6386.0,24.0,0.04965004622054009,0.10670545072112635,0.8307521307346732,0.008600759597087226,0.018484331822667583,"[0.2110655483599999, 1.4504387131093466]",-0.17910591119882824,0.6498654051210915,0.9299133911664488,"[-0.9524108338222221, 0.5941990114245657]",0.6841341865025177
6387.0,24.0,0.8496165308206609,0.9626386349485857,0.21470270781455336,0.5668025378702508,0.6422691647254967,"[-0.5199933430633387, 0.9493987586924454]",-2.0278515563175707,0.23440564651764573,0.675980281718279,"[-5.370346955305964, 1.3146438426708227]",7.745822377068825
6388.0,24.0,0.7736814026464405,0.9345665441914526,0.23675293876365452,0.4714013695384206,0.5694628769490464,"[-0.4075496380054474, 0.8810555155327565]",2.6492025904935055,0.061790478529871525,0.3609256923473804,"[-0.13072680929505154, 5.4291319902820625]",13.880791499306506
6389.0,24.0,0.5755657189108843,0.8245927205026996,0.2784909093310356,0.2873715689795703,0.4117661111614419,"[-0.23455486186205732, 0.7915366805241285]",-0.4783314518621573,0.6186654182530174,0.9174210890671123,"[-2.361859722593678, 1.4051968188693638]",1.8270915600044477
6390.0,24.0,0.9970958203224761,0.9987202807390857,0.01791923706149452,0.9392401493334573,0.9409338302278675,"[-0.4428363110097661, 0.47867478513275513]",-2.1591833097388795,0.8673448849732384,0.9734244302898619,"[-27.49517879073398, 23.176812171256223]",8.247472722875079
6391.0,24.0,0.9201628577162908,0.9859416571445778,0.12195839132752927,0.6829415238790928,0.7319060378084801,"[-0.4632603952220692, 0.7071771778771277]",0.5772650155886963,0.8164242358426373,0.966095377463714,"[-4.296462050096924, 5.4509920812743164]",21.795010063080934
6392.0,24.0,0.19214504585608227,0.36710937305327146,0.5498943604067533,0.05938322210214291,0.11345667195671172,"[-0.02176383486212019, 1.1215525556756267]",-0.9561505423492358,0.06784337728342227,0.3796003320540912,"[-1.9824231156961092, 0.07012203099763759]",3.65222604371706
6393.0,24.0,0.4951688393640317,0.7562138658583257,0.3272346187868748,0.22845008676749734,0.3488852882826776,"[-0.2053034474656507, 0.8597726850394003]",2.740769139802339,0.0013102555003940807,0.03149652645178079,"[1.0692476296236608, 4.412290649981017]",13.53103304464166
6394.0,24.0,0.7591292935664512,0.9292412049271298,0.21585713364695566,0.45523419342407534,0.5572021951335072,"[-0.3507189700448369, 0.7824332373387483]",2.669663752996339,0.051295524422264434,0.32664474011254907,"[-0.015019185975649663, 5.354346691968328]",13.802635615616927
6395.0,24.0,0.6631701908056866,0.8817971833364794,0.3240305531647133,0.3602653589010466,0.4790762751343705,"[-0.3701614706394232, 1.0182225769688498]",1.5313630057232537,0.14545648973383005,0.5460804722256212,"[-0.5303764257848091, 3.5931024372313165]",18.150624191305962
6396.0,24.0,0.3251777915469406,0.5701872550358418,0.4785194242221962,0.12432110141215283,0.21799246258487257,"[-0.13172786858849939, 1.0887667170328919]",0.8226948253784885,0.20479154764003216,0.639272616713638,"[-0.4489372154566367, 2.0943268662136134]",20.857537245237356
6397.0,24.0,0.844122224877073,0.96010262156173,0.19535195799131522,0.5592307810784263,0.6360677673776459,"[-0.4602867475794812, 0.8509906635621116]",-0.7461533289084201,0.6639763421702672,0.93180039273632,"[-4.1124821600089945, 2.620175502192154]",2.8500957744059487
6398.0,24.0,0.958187663497593,0.9913252039045252,0.10780287079760763,0.7700246093169728,0.7966967574296145,"[-0.6149438905672082, 0.8305496321624235]",-0.8409104386445092,0.8049980966908753,0.964880279922775,"[-7.516738010910044, 5.834917133621025]",3.2120412721883427
6399.0,24.0,0.21376368861130138,0.40234084060098135,0.6690292536425055,0.06895052785662396,0.1297770145993299,"[-0.05194818708022331, 1.3900066943652343]",-0.7255289395904327,0.18901362407568978,0.6208893243259477,"[-1.8081385384206192, 0.35708065923975374]",2.771316410208924
6400.0,24.0,0.3367091981955249,0.584970809929682,0.45947277693454586,0.13062062173529498,0.22692950266729497,"[-0.1362634745172226, 1.0552090283863143]",-0.7157851351023146,0.28180963417363836,0.7315930274497362,"[-2.0192890517118496, 0.5877187815072207]",2.7340978186376037
6401.0,24.0,0.8210189022880219,0.952702964066887,0.18864651555247425,0.5281390008737306,0.6130087156801746,"[-0.39745276195551693, 0.7747457930604654]",3.0996462012322246,0.0598565202871688,0.3539050693893698,"[-0.12866537477727702, 6.327957777241727]",12.160223645709019
6402.0,24.0,0.5024374658735842,0.7628674141763208,0.3584500152050515,0.23334188809413203,0.3543536645317115,"[-0.2310385275086363, 0.9479385579187393]",0.14570240482724195,0.8670838539851273,0.9734244302898619,"[-1.5605899250199649, 1.8519947346744488]",23.443457809232832
6403.0,24.0,0.9339695193944707,0.9878137795754037,0.12339779417420131,0.7112364274645265,0.753109304812078,"[-0.5299188453078811, 0.7767144336562837]",-3.081206960629718,0.27224835260698266,0.72252747507161,"[-8.581759946495602, 2.419346025236166]",11.769343643360989
6404.0,24.0,0.7904437112133865,0.9419802526107132,0.2580778123504036,0.4905265952645955,0.5846562518052391,"[-0.4755612275904386, 0.9917168522912458]",0.07084583674559486,0.9624969597328947,0.9938808419181301,"[-2.8822395346272724, 3.023931208118462]",23.72938883722697
6405.0,24.0,0.3164004432338051,0.5580254730754941,0.43000707457984516,0.11959586450823853,0.2108869482767487,"[-0.11147282866738023, 0.9714869778270705]",0.8086961117962215,0.20731966657534384,0.6434502376640094,"[-0.4482848556239405, 2.0656770792163837]",20.911008392362447
6406.0,24.0,0.9842982480977291,0.9954747198059007,0.06565964990523902,0.8587453682910794,0.86861518046703,"[-0.6574367921223392, 0.7887560919328171]",0.09260669569782376,0.9873383917850345,0.9971100704756963,"[-11.34469141136261, 11.529904802758256]",23.646268478790827
6407.0,24.0,0.4384750370381421,0.7012105937703086,0.41496289834230254,0.19101936030658306,0.30536794917358084,"[-0.20704023221818363, 1.0369660289027887]",0.7814878918318158,0.3069975146233913,0.7531251480762663,"[-0.7178997683207309, 2.280875551984362]",21.01493613716405
6408.0,24.0,0.9607174521819306,0.9918311520199155,0.09797894829130939,0.7770313553773525,0.8022881207362236,"[-0.580135932285177, 0.7760938288677958]",2.1491540269590015,0.5365022831919608,0.8887546089143881,"[-4.665585788638917, 8.96389384255692]",15.790836315446938
6409.0,24.0,0.29139494622515627,0.5224004055667915,0.5404479670363947,0.10646867420685303,0.19083827604741538,"[-0.11573590881400098, 1.1966318428867906]",0.8374435230448363,0.17469417856240355,0.5992939230271134,"[-0.371862184052544, 2.0467492301422165]",20.801201369930947
6410.0,24.0,0.8148868578996602,0.9499730215664026,0.2072085409672687,0.5204398381418585,0.6067854006550757,"[-0.42472203421457266, 0.8391391161491101]",-1.2461721297211685,0.40891886807543254,0.825098603864876,"[-4.203860846871709, 1.7115165874293723]",4.760026905323486
6411.0,24.0,0.3295927832568053,0.5758084962557745,0.4936591619439725,0.1264540145772739,0.22095756522326385,"[-0.13945923970354357, 1.1267775635914887]",1.468759022258979,0.019763723846046258,0.1824905248942406,"[0.23368502568941008, 2.703833018828548]",18.389753793519944
6412.0,24.0,0.7823032569498733,0.9389141346013842,0.22776152180398343,0.48134607839626964,0.577638399611508,"[-0.4062102381278453, 0.8617332817358122]",-0.7759918606256431,0.585058300234276,0.9067859582056355,"[-3.5614958018642584, 2.0095120806129723]",2.964070570023557
6413.0,24.0,0.918168039998976,0.9853503815036669,0.12482989225233025,0.6790735243546471,0.7287760510352512,"[-0.4665302744196314, 0.7161900589242919]",0.684636025273984,0.7786485906893135,0.9596363723535175,"[-4.089304315061024, 5.458576365608992]",21.384883016612584
6414.0,24.0,0.38075438086523766,0.640569281401813,0.5346935383847589,0.15554961809244727,0.26164780166938145,"[-0.2032169457179891, 1.2726040224875068]",1.969994812344198,0.004054177433946202,0.06646192514665905,"[0.6264900277107621, 3.3134995969776337]",16.475174106000722
6415.0,24.0,0.8198832783945927,0.9524444629551421,0.2062761365270451,0.5267636465516197,0.6119540485511347,"[-0.432465009137984, 0.8450172821920743]",0.2756241084537967,0.8659287322088256,0.9734244302898619,"[-2.9240838965670655, 3.475332113474659]",22.94719345690276
6416.0,24.0,0.3373688526565165,0.585913255742474,0.36541617120229664,0.13082286320685135,0.22720191595493464,"[-0.10861861012776347, 0.8394509525323568]",-0.3493454710463988,0.608306508337199,0.9143882220641197,"[-1.6853744069114887, 0.9866834648186911]",1.3344014055312232
6417.0,24.0,0.7874696906104413,0.9405933991538159,0.21341519296417943,0.4873448221568971,0.5820432606674992,"[-0.38883556608723213, 0.815665952015591]",-0.8429649684567275,0.5564894104856182,0.8951179890946906,"[-3.652491297495248, 1.9665613605817929]",3.2198889979966037
6418.0,24.0,0.3925601209100148,0.6540885039534797,0.3983233770507232,0.16238064407638186,0.2706344067939698,"[-0.16047281655040468, 0.957119570651851]",0.016879344980568867,0.9818955023262189,0.9971100704756963,"[-1.4409946533609808, 1.4747533433221185]",23.93552565144454
6419.0,24.0,0.8961971958107604,0.9784880399724428,0.15055158749323957,0.6389871262031945,0.6976603627068397,"[-0.4784528465193071, 0.7795560215057863]",1.0955528445791112,0.5991922961443387,0.91161020243821,"[-2.9900593913990603, 5.181165080557283]",19.81529638480434
6420.0,24.0,0.36114123020603045,0.6163465090568986,0.4177425688090047,0.1442000360351351,0.2460751468176367,"[-0.1429263800391914, 0.9784115176572008]",-1.9818839170949474,0.0029684857232389404,0.054397608701995497,"[-3.2893372368027514, -0.6744305973871436]",7.570238928959736
6421.0,24.0,0.28331939368364606,0.5105773899507048,0.598170326828368,0.10225736206332199,0.18424749921319275,"[-0.11932490620014047, 1.3156655598568765]",0.4817940964831511,0.4412026595166263,0.846978439121565,"[-0.7443073150993038, 1.707895508065606]",22.15968211181311
6422.0,24.0,0.9837674640102186,0.9954747198059007,0.06504473520964212,0.8563944942309065,0.8670593239150618,"[-0.6394276272687343, 0.7695170976880186]",1.768931383707712,0.7401287845906842,0.9526734682327078,"[-8.683952310492412, 12.221815077907834]",17.243179831020754
6423.0,24.0,0.31109903827663604,0.5504086113615401,0.5071981757730069,0.11650207891989482,0.20616188094124016,"[-0.12613102164591183, 1.1405273731919254]",-1.5440086878307326,0.011787155773997688,0.13053328653375068,"[-2.745619843221062, -0.3423975324404034]",5.897678756282214
6424.0,24.0,0.7526064272572429,0.9259429469208206,0.2333799174412705,0.44827885877559925,0.5515241864857274,"[-0.36984274237321735, 0.8366025772557584]",2.4313950775284945,0.06678739478526269,0.3762676301097982,"[-0.16826747656634522, 5.031057631623334]",14.712754915248912
6425.0,24.0,0.8966497846999384,0.9786020165880102,0.1605754858608231,0.6398027542721427,0.6983893386002674,"[-0.5119442821895197, 0.833095253911166]",-2.1351886780221427,0.30972898202833665,0.7561154485798177,"[-6.255025752922093, 1.984648396877808]",8.155819980985761
6426.0,24.0,0.9359110770986039,0.9878137795754037,0.09347005992881009,0.715522962081361,0.7553849385175663,"[-0.40920135161745796, 0.5961414714750781]",2.8881388580394125,0.3087915148617695,0.7550655330470177,"[-2.673724615343647, 8.450002331422471]",12.968122185773895
6427.0,24.0,0.7586736462226968,0.9291618323620164,0.22721471968353318,0.4547311407323553,0.5569273003458117,"[-0.36850754787475953, 0.822936987241826]",-2.679344593197268,0.050338397851395704,0.32330377553882916,"[-5.362641412043375, 0.003952225648839125]",10.23434247009333
6428.0,24.0,0.7782261395917245,0.9367635451786913,0.26898115606466755,0.4765469649016997,0.5736691524036351,"[-0.47159702848717155, 1.0095593406165067]",1.1072539803905652,0.4198810901980241,0.8307712672074292,"[-1.5831796586591231, 3.7976876194402536]",19.770601338303962
6429.0,24.0,0.3398599684854207,0.5895229288558902,0.4938603116262955,0.13231972033152622,0.22948269221561954,"[-0.14928754627164653, 1.1370081695242376]",-0.5758905217154329,0.39351152089013375,0.8163177410562709,"[-1.8987183282127906, 0.7469372847819249]",2.1997397570587593
6430.0,24.0,0.27190963647916944,0.4933943684978578,0.5247871016370226,0.09643054719045632,0.17497831099701744,"[-0.09393130746505174, 1.143505510739097]",1.8842411148003428,0.0012313450742085215,0.030514571164962957,"[0.7414207555014625, 3.027061474099223]",16.802729102461008
6431.0,24.0,0.9348069088613891,0.9878137795754037,0.10878801394796654,0.7131658841988329,0.7542976599465566,"[-0.4712343200708833, 0.6888103479668164]",1.986431775778268,0.45361187438953576,0.8510636664122461,"[-3.208788220221132, 7.181651771777668]",16.412389530481853
6432.0,24.0,0.22331711267975543,0.4174151638873933,0.4295557820224342,0.07308960807340671,0.1366416303484889,"[-0.040191251021493735, 0.8993028150663622]",-0.027811455807626118,0.9617426504490243,0.9938808419181301,"[-1.1642095140237834, 1.1085866024085311]",0.10623193599277193
6433.0,24.0,0.42004923650994636,0.683451409876255,0.3763018885869946,0.17918510826212974,0.29159496869345763,"[-0.17276052973809602, 0.9253643069120852]",2.8889213457488934,0.0001753429382742819,0.008155485501129392,"[1.3798607928482158, 4.3979818986495705]",12.965133302888956
6434.0,24.0,0.9327625307224361,0.9878137795754037,0.1270717112949,0.708834156430167,0.7511801052214715,"[-0.5398835562450905, 0.7940269788348906]",2.3706993220097505,0.37654240432502184,0.8059627565530977,"[-2.8838119409539997, 7.625210584973501]",14.944595623621039
6435.0,24.0,0.30815898557605004,0.5464780733748006,0.41062196156372444,0.11503778135481078,0.2040347894506004,"[-0.10005747841357382, 0.9213014015410227]",-1.2594160595950807,0.040581504767229874,0.2847824895945956,"[-2.4648235878047857, -0.05400853138537576]",4.810614991052979
6436.0,24.0,0.20206484442556097,0.3841161235460692,0.5242543086133601,0.06363735982914498,0.12096057751215544,"[-0.0297505970383386, 1.0782592142650587]",-2.7487861252196493,6.998043177792329e-07,0.00012723714868713326,"[-3.8346696095115216, -1.662902640927777]",10.499589583946996
6437.0,24.0,0.9100143065914381,0.9832162654679858,0.15101087018962037,0.6635985211385615,0.7169387652750233,"[-0.5294712078278079, 0.8314929482070486]",2.5998641312061608,0.26672974192869026,0.7161616784382053,"[-1.9882186806870488, 7.18794694309937]",14.069250531629365
6438.0,24.0,0.5261058446492682,0.7832452652214802,0.3507772270007685,0.2501050837754899,0.3723464102657286,"[-0.24700923630054983, 0.9485636903020869]",-0.06062661828704474,0.9464916167221056,0.9904370601691201,"[-1.8311584624995332, 1.7099052259254437]",0.231576623599888
6439.0,24.0,0.5288490657558642,0.7853416479891063,0.4503390832068153,0.25211418525413287,0.3746124595157992,"[-0.3203785243104346, 1.2210566907240652]",-2.990964771681937,0.0009608105693684502,0.025485691495184357,"[-4.766438293715396, -1.2154912496484784]",11.424643872645657
6440.0,24.0,0.6047927657913553,0.8451547872992667,0.37870972361873784,0.3106539777016165,0.4340825167012329,"[-0.3534073294265521, 1.1108267766640278]",-0.5416703129041434,0.5896334741184814,0.9077706636973603,"[-2.510003215431275, 1.426662589622988]",2.069028187795874
6441.0,24.0,0.7884308327655732,0.9408482491235958,0.23712159550096715,0.4881585762326264,0.5825976563225044,"[-0.4332802685071374, 0.9075234595090717]",-0.06727843483392348,0.9641909017147134,0.9938808419181301,"[-3.004419291300252, 2.869862421632405]",0.25698469121531714
6442.0,24.0,0.6508345532480548,0.8768991555484437,0.31556501643332907,0.3493480403129463,0.47075601713104204,"[-0.34532402350861263, 0.9764540563752708]",2.9586098197547344,0.007560072077090805,0.10039936357358306,"[0.7876893873515614, 5.129530252157908]",12.698942940139501
6443.0,24.0,0.22557743027804925,0.42116771896573796,0.5448464421171331,0.0742975788480507,0.1387184071098781,"[-0.053480245845679675, 1.143173130079946]",-1.0205141158399123,0.06382336058744958,0.36807013026210833,"[-2.0996973483699772, 0.058669116690152734]",3.898076784743451
6444.0,24.0,0.7848649110693593,0.9397892930302288,0.2218141933251257,0.48416706437079304,0.5799102459825045,"[-0.3995949043641765, 0.843223291014428]",-0.41765495860887647,0.7758336877705887,0.9595896677274527,"[-3.292391385638378, 2.457081468420625]",1.5953244280666474
6445.0,24.0,0.7822470457688668,0.9389141346013842,0.22150348615855903,0.4809578295203003,0.5773803475633857,"[-0.3945035204742659, 0.8375104927913839]",1.6004973210456184,0.2411399402258222,0.6856005739418727,"[-1.0757282345957115, 4.276722876686948]",17.88655055880609
6446.0,24.0,0.41833017802150196,0.6817636538811961,0.2960544660160077,0.17820786646652376,0.29043003009537766,"[-0.13494818761821054, 0.727057119650226]",0.39711887008953983,0.6027733058371282,0.91161020243821,"[-1.0984883390280211, 1.8927260792071008]",22.483117651924356
6447.0,24.0,0.9811971003332802,0.9949270942337054,0.0753880207697816,0.845530858850685,0.8573624608098611,"[-0.6830294610876139, 0.833805502627177]",-0.504653473269582,0.9232622282059072,0.9878688510655973,"[-10.773012502532897, 9.763705555993734]",1.9276342756643436
6448.0,24.0,0.330780295789778,0.5771451687285147,0.37464182734856477,0.12733807598933194,0.22212184437084112,"[-0.10695617062242546, 0.856239825319555]",-0.6087632180384714,0.35971849627597274,0.796013490320807,"[-1.9114729790981977, 0.6939465430212548]",2.325304207760448
6449.0,24.0,0.9060991517165722,0.9815828747877501,0.1557938797820961,0.6564952881464476,0.7111854491890885,"[-0.5307615055930025, 0.8423492651571948]",0.7412006267346545,0.7425057912281193,0.9537299711909787,"[-3.680606423755873, 5.163007677225182]",21.168822154376855
6450.0,24.0,0.8837566329908674,0.974695746102203,0.19283190344701123,0.6181321528557786,0.6818135372333759,"[-0.5653307970482171, 0.9509946039422397]",1.4050820638273542,0.46760180710922206,0.8568927430895292,"[-2.3861638957955766, 5.196328023450285]",18.632981858210748
6451.0,24.0,0.49801018730424207,0.7583650269497431,0.3201727072665144,0.23047221560884845,0.35106201920616675,"[-0.2031400243112082, 0.843485438844237]",2.0570763443172915,0.01171041378143097,0.13006682141147727,"[0.45763518073007536, 3.656517507904508]",16.142547155627938
6452.0,24.0,0.7242506837517486,0.9137443400354902,0.3458156883505563,0.418409955966654,0.5280287177772008,"[-0.4918024867755333, 1.183433863476646]",-0.05945483970548526,0.9630661121467863,0.9938808419181301,"[-2.575944517647914, 2.4570348382369436]",0.2271007591167424
6453.0,24.0,0.9151447635729341,0.9843055544897815,0.15373747925286305,0.673194427794053,0.724020679494572,"[-0.5606836809369019, 0.868158639442628]",1.0953519815692774,0.6366233682283298,0.9243841559871203,"[-3.4489668590528053, 5.63967082219136]",19.816063624985926
6454.0,24.0,0.24871799907558673,0.4571181751067574,0.639041742078797,0.08508121896299038,0.1563705549770086,"[-0.08833675849113809, 1.3664202426487322]",-1.2611434400056263,0.025044330008685497,0.2111663575774494,"[-2.364269949359116, -0.15801693065213662]",4.817213098195502
6455.0,24.0,0.8191868207736149,0.9518787134250696,0.20772351178313406,0.5257986108427202,0.6109861287228288,"[-0.4340005602841207, 0.8494475838503889]",-1.6622669712537075,0.27340086747251213,0.7240489075013563,"[-4.636876321059217, 1.312342378551802]",6.3493921251221055
6456.0,24.0,0.669591374448826,0.885820048219111,0.29957710494094936,0.3662862280759086,0.4845696892127379,"[-0.35033075001399816, 0.9494849598958969]",-2.686301080014894,0.017770954024099433,0.17120379599325078,"[-4.907508723590015, -0.46509343643977274]",10.26091429241922
6457.0,24.0,0.6452276251416738,0.873581945764519,0.37243947097873714,0.3443988084610461,0.4662859578405715,"[-0.3995971160823207, 1.144476058039795]",-1.549092435191751,0.12798738257200712,0.5173774464390886,"[-3.5438313530473993, 0.4456464826638973]",5.917097240808689
6458.0,24.0,0.7533536918678052,0.9262400611026866,0.2606740542331004,0.44902821832023665,0.5519707662203278,"[-0.4142101939592596, 0.9355583024254605]",2.134178886364353,0.10047209460578842,0.45961616928539994,"[-0.4123888418780455, 4.680746614606751]",15.848037139026165
6459.0,24.0,0.8508136704393136,0.9628946021268826,0.14153134146691856,0.5684511641076737,0.6433292635201336,"[-0.3448438654256193, 0.6279065483594565]",-2.762388716255339,0.12549940438506363,0.51266096562526,"[-6.2962350385575885, 0.7714576060469098]",10.551547654399496
6460.0,24.0,0.12439051691215705,0.24760885321482365,0.6986171565815937,0.03216322951093282,0.06403191222562775,"[0.0594835956082832, 1.3377507175549042]",-3.1282754031481956,1.1256438875737573e-10,9.68083416426532e-08,"[-4.079007860695603, -2.1775429456007886]",11.949131850331849
6461.0,24.0,0.7217289042482149,0.9122803934530577,0.20836557741180378,0.4158799055709571,0.5256982752761434,"[-0.29359371386821814, 0.7103248686918258]",0.1100751379169953,0.9312633342135727,0.9892015094756179,"[-2.3911378216494934, 2.611288097483484]",23.579543944535715
6462.0,24.0,0.47371300080247103,0.7367815710596752,0.3813689585142125,0.21391862648458504,0.33270982395126714,"[-0.22004078659216753, 0.9827787036205925]",-0.476031758022768,0.5628674691972624,0.897274934025387,"[-2.088588077340168, 1.1365245612946322]",1.8183073765931648
6463.0,24.0,0.9668177741312989,0.9925464158882357,0.0798351421006613,0.79499884047602,0.8162205754373922,"[-0.5223935175013226, 0.6820638017026452]",-0.9833509531651421,0.7953904540919655,0.9628316126547152,"[-8.415684475249547, 6.448982568919263]",3.7561239597686216
6464.0,24.0,0.8155056527669577,0.950472788772678,0.20939781184050354,0.5211093203583665,0.6073535202311965,"[-0.430235782225714, 0.8490314059067211]",1.5949077894558155,0.2875780399100323,0.738579081276868,"[-1.3445463919991831, 4.534361970910814]",17.90790099677614
6465.0,24.0,0.059904694507329596,0.1263279091255369,0.7409750378704316,0.01132483054695407,0.02388197078649108,"[0.1675190960856474, 1.3144309796552158]",1.831517642926987,1.6210926112494612e-06,0.00024562009261355473,"[1.0829908319523533, 2.5800444539016207]",17.004117930435676
6466.0,24.0,0.5025600345398559,0.7628674141763208,0.4483282751225055,0.23369987745103515,0.35473569740594285,"[-0.2895342569787722, 1.1861908072237832]",-2.171798814612364,0.008729545313010397,0.10935808666390641,"[-3.7949444094105536, -0.5486532198141749]",8.295660401920237
6467.0,24.0,0.521238521009487,0.778781594217073,0.3980489193151019,0.24669978745928378,0.3685937359319943,"[-0.2754315791900601, 1.071529417820264]",-1.2899118619984513,0.12266260665217285,0.5085514371980633,"[-2.927659786733841, 0.34783606273693835]",4.927100375758183
6468.0,24.0,0.22151445680871693,0.41451058534565294,0.5387920121782445,0.0722912002133444,0.13532609549484162,"[-0.04876975623114255, 1.1263537805876314]",0.18374775183668568,0.7500315560792135,0.9552108457453049,"[-0.9466399242500867, 1.314135427923458]",23.298135288316047
6469.0,24.0,0.723433835824429,0.9130806964841967,0.27196231379477737,0.41773766357103914,0.5272468302045175,"[-0.3858210607027483, 0.929745688292303]",-2.770802971709342,0.02907090649701436,0.23164068921923794,"[-5.259057332713455, -0.28254861070522885]",10.583687742750117
6470.0,24.0,0.24955747448300017,0.45857382452155887,0.5340317698401083,0.08545515769008973,0.1570289556966,"[-0.07454909123445297, 1.1426126309146696]",1.3321297995712955,0.017752030819658066,0.17120379599325078,"[0.23082162365918757, 2.4334379754834035]",18.9116389813971
6471.0,24.0,0.6556917735390697,0.8782370392969056,0.27363740840108824,0.35380538726228195,0.4738888122987971,"[-0.3047708869007277, 0.8520457037029041]",1.1251461508979315,0.28515961544156365,0.7349474624782568,"[-0.9381445407033144, 3.1884368424991774]",19.70225828121059
6472.0,24.0,0.4975301446446666,0.7580887591504394,0.41741167235647403,0.23011768980819702,0.3506822459740887,"[-0.2643165267062313, 1.0991398714191793]",-1.1180330170737012,0.16945943031511623,0.5890143563264381,"[-2.7129352157286677, 0.4768691815812651]",4.2705715489733995
6473.0,24.0,0.6209103240114897,0.8559800231362203,0.2750947220786022,0.32401857899448483,0.4466141681522878,"[-0.27160723725347014, 0.8217966814106745]",-0.7404166707710571,0.46679433277590476,0.8568927430895292,"[-2.7346182726548633, 1.253784931112749]",2.828183354420597
6474.0,24.0,0.8513615699720596,0.9629697658319869,0.17530144539784082,0.569146646313222,0.6439038876719334,"[-0.42821032938185016, 0.7788132201775317]",0.22372738495309452,0.9020854190307955,0.982851517978372,"[-3.3405005779968615, 3.7879553479030506]",23.1454243387126
6475.0,24.0,0.8336850428999483,0.9557184058748653,0.22915266450374436,0.5448728227643179,0.6247108722360902,"[-0.5126475050214421, 0.9709528340289308]",0.3644589872165849,0.8302169052971847,0.9686926026402447,"[-2.9669242989530917, 3.6958422733862615]",22.607869215125152
6476.0,24.0,0.46149849460464587,0.7244874326603545,0.3296749236664864,0.20566915756839954,0.3229222131706697,"[-0.18088865567556095, 0.8402385030085338]",1.3180333337722203,0.08449789117591427,0.42376073809385295,"[-0.17938813648658392, 2.8154548040310248]",18.96548351448627
6477.0,24.0,0.9265023057146395,0.9869006238971448,0.12110339505694306,0.6956676567111147,0.7410179555934329,"[-0.4856790025514803, 0.7278857926653663]",2.1502950376649634,0.3929983008074637,0.8161958479905788,"[-2.78360510536477, 7.084195180694697]",15.786477975591547
6478.0,24.0,0.9207607296141469,0.9859416571445778,0.16049532980554496,0.6840006463881789,0.7325526373771483,"[-0.6123728283717906, 0.9333634879828805]",-1.2798482304518863,0.5906277952040437,0.9077706636973603,"[-5.943043770252028, 3.383347309348255]",4.88866013481199
6479.0,24.0,0.19732538077657477,0.3761622239867155,0.4965177715468042,0.061628632450312595,0.11747737790757262,"[-0.024177104739785404, 1.0172126478333938]",-0.594661568829288,0.27325558160349983,0.7238558453072843,"[-1.6584799669113666, 0.46915682925279056]",2.2714398755031007
6480.0,24.0,0.9474109733529917,0.9903030923991356,0.11831374200708207,0.7421315304885475,0.7758824155656534,"[-0.5864526659809023, 0.8230801499950665]",-2.851062417045479,0.3636662390663139,0.7986341840478475,"[-9.002506337287944, 3.300381503196987]",10.890256241671553
6481.0,24.0,0.26729308281873776,0.48634112594384604,0.547293051053491,0.09429255458994816,0.17150337320834516,"[-0.09380767396558631, 1.1883937760725685]",-0.7213072360836907,0.2297686041276915,0.6703174076703508,"[-1.898483768359913, 0.45586929619253147]",2.7551906906561308
6482.0,24.0,0.6915387294171881,0.896576556516366,0.29729501284264676,0.3867675618922791,0.5013839277836131,"[-0.375947481068104, 0.9705375067533974]",0.7351837583453209,0.5261797777966548,0.8839273529919359,"[-1.538125978431152, 3.008493495121794]",21.191804898683152
6483.0,24.0,0.8826404787479591,0.9742298309856686,0.13220457858495452,0.6163162289906022,0.6803358306552624,"[-0.3849129408499036, 0.6493220980198126]",3.031916626186627,0.14340543476573844,0.5422230035624452,"[-1.029278090774965, 7.093111343148219]",12.418931565597505
6484.0,24.0,0.41387109356733554,0.6773667652493217,0.5319866511010042,0.17552968289109105,0.2872826233896744,"[-0.23771481838271646, 1.3016881205847248]",2.0887814718050475,0.003906833679596498,0.06500555207315305,"[0.6700284752829493, 3.5075344683271457]",16.021442489363096
6485.0,24.0,0.7069700204295821,0.9047479145502715,0.36054175984670855,0.4012531375105476,0.5135054229722903,"[-0.4813229657192939, 1.202406485412711]",1.62827953973418,0.15560442318512424,0.5680561322222348,"[-0.6191458860758283, 3.8757049655441884]",17.780430300381816
6486.0,24.0,0.1847131920651919,0.35446784123045844,0.7352269765358606,0.056124250191640954,0.10770341621884658,"[-0.019205417281371262, 1.4896593703530923]",1.1823086235849773,0.020281589946801813,0.18572884566668327,"[0.18395225877054133, 2.180664988399413]",19.483913719110618
6487.0,24.0,0.9607052058148453,0.9918311520199155,0.069728064521672,0.7770183443405851,0.8022881207362236,"[-0.4128327815047815, 0.5522889105481255]",0.7020121154318977,0.8433977448791495,0.9708072590103425,"[-6.262926824394131, 7.666951055257926]",21.318511241246767
6488.0,24.0,0.49189836027447276,0.7533525401166856,0.4829569493460536,0.22608250514528982,0.3463273669505052,"[-0.2990082520241091, 1.2649221507162163]",-2.9234611681057445,0.0006317602175157673,0.01943877592356207,"[-4.600041112483011, -1.2468812237284777]",11.166799100189657
6489.0,24.0,0.38955637292985784,0.6505347989161016,0.39572375276457034,0.1607703717427087,0.26848759476070255,"[-0.15729758245749376, 0.9487450879866344]",-0.4318501403907753,0.5547114236243038,0.8948702936230022,"[-1.8647082554697898, 1.0010079746882392]",1.6495460284349006
6490.0,24.0,0.9324503752162454,0.9878137795754037,0.13620801685264997,0.708134145513704,0.7509375880314996,"[-0.5769038327711141, 0.849319866476414]",-2.157541962530294,0.4123213721935285,0.8271241167372688,"[-7.315660165005021, 3.000576239944433]",8.241203238357242
6491.0,24.0,0.9042674514758745,0.9809800948968047,0.16819887355713684,0.6531896886729515,0.7086023960435577,"[-0.565470669998687, 0.9018684171129606]",-0.6620200201228155,0.7682326410524438,0.9583740532091365,"[-5.065109932593521, 3.7410698923478902]",2.5287302070802107
6492.0,24.0,0.4279431247797352,0.6912342509767972,0.42597991604306307,0.18419153833020774,0.2974916659827856,"[-0.20273307695320042, 1.0546929090393267]",2.757279474525778,0.0003684901516697967,0.013448545681379442,"[1.2399704128860318, 4.274588536165524]",13.467968211441569
6493.0,24.0,0.97557039828532,0.9944981775987023,0.08533029138528159,0.8239360324816628,0.8400652859723315,"[-0.6663787779415424, 0.8370393607121056]",-1.859177307068725,0.6692354644438554,0.9332201550489372,"[-10.389003338615359, 6.670648724477909]",7.1015342041023874
6494.0,24.0,0.7864694361192347,0.9401905990666284,0.25176206260129347,0.48617401735888166,0.5812002598432536,"[-0.4567957449492143, 0.9603198701518012]",-0.7135346753324914,0.6211786779587962,0.9177195404295999,"[-3.5434766436673133, 2.1164072930023305]",2.7255016955192803
6495.0,24.0,0.9708303540448678,0.9936899468403179,0.08517979944954471,0.8076922438074461,0.8268757614736344,"[-0.600713450469181, 0.7710730493682704]",-1.9480993542381366,0.6257949688531168,0.9195245607783346,"[-9.777841132562248, 5.8816424240859755]",7.441191404667089
6496.0,24.0,0.29595794865696323,0.5287796116794055,0.60845330197882,0.10879034549891238,0.1943176903397143,"[-0.13519001156743982, 1.3520966155250798]",-0.9828518147771126,0.1096758617573448,0.48460856440097866,"[-2.18708527475195, 0.22138164519772463]",3.7542173915668178
6497.0,24.0,0.7884123247920991,0.9408482491235958,0.1878456667379257,0.4881463894711138,0.5825976563225044,"[-0.3432259832244776, 0.718917316700329]",0.10991687512036297,0.9414938470238052,0.9895878148242645,"[-2.825442228120522, 3.0452759783612477]",23.580148463889113
6498.0,24.0,0.7589228204058083,0.9292412049271298,0.20767602679778166,0.4548445242975159,0.5569592730614326,"[-0.336955670259083, 0.7523077238546463]",-1.7787534443266093,0.1685129619269895,0.5870841641586949,"[-4.310560659934541, 0.7530537712813223]",6.794337676951544
6499.0,24.0,0.7411368072317184,0.9226152212519835,0.30313424025937713,0.43595576750711207,0.5427060469402615,"[-0.45951170234308497, 1.0657801828618392]",-1.974144395602396,0.11423877749882597,0.49519485119615037,"[-4.423930703771766, 0.4756419125669735]",7.540676134494803
6500.0,24.0,0.899905555549858,0.9793291495808661,0.1603163154898521,0.645247115156898,0.7021951411001175,"[-0.5222017224813005, 0.8428343534610045]",-0.014007503569635205,0.9950488693924123,0.999042938587908,"[-4.438278536992547, 4.410263529853276]",0.053504722403635484
6501.0,24.0,0.6925285699885517,0.8968537150065471,0.2918017659972578,0.38764300144148356,0.5020707279142043,"[-0.3702206467614798, 0.9538241787559955]",1.0093844147764823,0.37526367652966786,0.8058196345601851,"[-1.221870100354706, 3.2406389299076706]",20.14443554180167
6502.0,24.0,0.6085544746451002,0.846861222717924,0.415172280408026,0.313529400851443,0.43642733971526027,"[-0.39221734267527075, 1.2225619034913229]",-2.887948106806469,0.00488769717732363,0.074964680633798,"[-4.899171790651819, -0.8767244229611193]",11.031149198187132
6503.0,24.0,0.901582354322721,0.9803320843451189,0.14885712636644546,0.6482067613847394,0.7049556948175524,"[-0.49059829432816504, 0.7883125470610559]",0.12268875786889488,0.9569938054025445,0.9932738004330776,"[-4.336454807915928, 4.5818323236537175]",23.531363465360656
6504.0,24.0,0.44620288477958236,0.7093845544985411,0.38488556677198754,0.19570086964732836,0.31118581337462153,"[-0.19812964041541453, 0.9679007739593897]",1.7957428022693813,0.016153745074573282,0.16169914989562845,"[0.3325528084745468, 3.258932796064216]",17.140767755931265
6505.0,24.0,0.8316787794950595,0.9548988819733071,0.21741569206393346,0.5422122810278673,0.6226588836408568,"[-0.48175935887087346, 0.9165907429987403]",-0.38670890134122615,0.8186446801407565,0.966095377463714,"[-3.6923063149693465, 2.918888512286894]",1.4771191964662131
6506.0,24.0,0.9954396575134838,0.9986352904429011,0.03226007209999406,0.9238459006752959,0.9268116981092455,"[-0.6291932575904221, 0.6937134017904102]",1.2094214417842117,0.905280576386679,0.9833589052053116,"[-18.711198187634988, 21.13004107120341]",19.38035038220918
6507.0,24.0,0.750191203866367,0.9250558844638718,0.2742850165267642,0.4456329176137236,0.5495249213517944,"[-0.4305499534702827, 0.979119986523811]",1.0130254033447263,0.43196751337166106,0.8397502203959197,"[-1.513596306276952, 3.5396471129664047]",20.13052798992062
6508.0,24.0,0.48234100122753115,0.7450432518188619,0.3561900682422045,0.21952440001192441,0.33908619093593517,"[-0.21240681676754608, 0.924786953251955]",1.4430507437356637,0.06591880922732943,0.3735328486937639,"[-0.09494021355593363, 2.981041701027261]",18.487952184048797
6509.0,24.0,0.6211170170795297,0.856122697559655,0.26084256134718037,0.32394627166406964,0.4465760568845735,"[-0.2574582953504971, 0.7791434180448578]",-1.2768128369078031,0.19346571382136113,0.6246874840857641,"[-3.201234022015643, 0.647608348200037]",4.877065785529508
6510.0,24.0,0.6371915560015807,0.8681683886991963,0.33799326371147026,0.337744406715094,0.4600795623417709,"[-0.35304871492977724, 1.0290352423527178]",2.1366839385216894,0.03733728613811222,0.2690006205915866,"[0.12529613185498878, 4.14807174518839]",15.83846854462113
6511.0,24.0,0.1070050380639051,0.2158665282709403,0.7982272336643542,0.026017317229292087,0.05248601418053679,"[0.0953837782228889, 1.5010706891058194]",-0.2200050853990252,0.636237318397323,0.9241223256083614,"[-1.1317025288878875, 0.691692358089837]",0.8403575243186263
6512.0,24.0,0.7775662208419397,0.9366880723389522,0.24613345915731652,0.4756418893014852,0.5729934818714435,"[-0.43014968602747794, 0.922416604342111]",1.786880560613584,0.18684938432491383,0.6181710822584453,"[-0.8664040673985469, 4.4401651886257145]",17.174619025524745
6513.0,24.0,0.7973576002772009,0.9445126750499893,0.2556575242790414,0.4987689897301012,0.590888508150813,"[-0.4851154660499284, 0.9964305146080112]",1.4430206746445968,0.3110008077183879,0.7566929628184621,"[-1.34860976894932, 4.234651118238514]",18.48806703951626
6514.0,24.0,0.93593578485467,0.9878137795754037,0.1336594818521757,0.7155761522576906,0.7553849385175663,"[-0.5852866317379489, 0.8526055954423003]",2.8916801431874375,0.3083569091110834,0.7546669337030919,"[-2.6720026123518132, 8.455362898726689]",12.954595472904952
6515.0,24.0,0.4467097273397219,0.7094800909175104,0.37369183138660267,0.1961078992848958,0.3114801449887163,"[-0.19288291045208872, 0.9402665732252941]",0.35891872046848405,0.6521849557870271,0.9299657147968445,"[-1.2018149638377338, 1.919652404774702]",22.62903147526134
6516.0,24.0,0.5621520338362179,0.8131810123480658,0.30267524044364574,0.27685222842470325,0.4004805850205457,"[-0.24286723216387623, 0.8482177130511677]",-0.16388226645520643,0.8635686943288421,0.9729255231284837,"[-2.033156727598964, 1.7053921946885513]",0.625984146994781
6517.0,24.0,0.7977475785486339,0.9446389325620295,0.28219024867101766,0.4994035804041628,0.5913154327440888,"[-0.5366717713993567, 1.1010522687413922]",2.70558444555699,0.07462524408393884,0.3985909622775654,"[-0.2689301240556552, 5.680099015169635]",13.665428676889443
6518.0,24.0,0.4612630436458608,0.7244201748195346,0.4726333625631981,0.20560174920511354,0.3228980001812242,"[-0.2592193947164487, 1.204486119842845]",2.7513587380001545,0.000702436789184655,0.02086805595463872,"[1.1599870118020232, 4.342730464198286]",13.490583759076715
6519.0,24.0,0.42893777563549207,0.6919467263034232,0.42063300855859664,0.1846626314507015,0.2978934459522123,"[-0.20085507929484137, 1.0421210964120347]",1.6236205352290387,0.025233930268586887,0.21125008155450606,"[0.20158368441275654, 3.045657386045321]",17.79822638670695
6520.0,24.0,0.6140104827474271,0.851491447437841,0.3346701750755953,0.3181075249028078,0.4412032245531315,"[-0.32235249465349786, 0.9916928448046884]",1.958955902920966,0.04441436878593256,0.29844413291221095,"[0.04891638999389758, 3.868995415848034]",16.517339634025948
6521.0,24.0,0.5117946389298887,0.7697851097696085,0.45329324305737523,0.240042635370032,0.36102065779821324,"[-0.302901649594533, 1.2094881357092835]",-0.37481429375333075,0.6685530615974509,0.9332201550489372,"[-2.0906820638414647, 1.3410534763348032]",1.4316851422161672
6522.0,24.0,0.9351754642138894,0.9878137795754037,0.10597834367618382,0.7140630077817316,0.7546639270574208,"[-0.4609184693081904, 0.6728751566605581]",-0.7892080835049065,0.7723866886496127,0.9589249382121035,"[-6.136816645608215, 4.5584004785984025]",3.0145528228292924
6523.0,24.0,0.35088864984848583,0.6042511621293023,0.5720525283928759,0.13851373446305557,0.2385140237184834,"[-0.1848270065619192, 1.328932063347671]",-2.2593027142961226,0.0007470690449363074,0.021654175215545142,"[-3.572633502511305, -0.94597192608094]",8.629900678107937
6524.0,24.0,0.9247394302656297,0.9862835220409872,0.12210096194204752,0.6919250850235463,0.7379747067230656,"[-0.48185399773226384, 0.7260559216163589]",2.941900957155151,0.260542239992298,0.7092977704315085,"[-2.1829470069345183, 8.06674892124482]",12.762766093967508
6525.0,24.0,0.9073317503554912,0.9823142978726804,0.1804643340497554,0.6587248749880996,0.7132916892128853,"[-0.6203600674408453, 0.981288735540356]",-0.6981726583512922,0.7593661629518296,0.9564591353912479,"[-5.165473146110278, 3.7691278294076938]",2.666823112997213
6526.0,24.0,0.7512553972792068,0.9254053558204037,0.276321352275488,0.44656029300295497,0.5501543587568745,"[-0.43519587505009744, 0.9878385796010734]",-1.788695716301537,0.15859432099217918,0.5723360555473807,"[-4.275390227950663, 0.6979987953475888]",6.832314358480514
6527.0,24.0,0.9904519497738523,0.9968074560951746,0.04048038259575789,0.8898490789418769,0.895761102216506,"[-0.5323922049908847, 0.6133529701824005]",-1.9828228624710311,0.7780340942683961,0.9596363723535175,"[-15.769667132119494, 11.80402140717743]",7.573825436109264
6528.0,24.0,0.7701488822453915,0.9334006571874821,0.24403010420241367,0.467519621879693,0.566621769336678,"[-0.4142996789684982, 0.9023598873733255]",-0.8679422993456871,0.5257046929728986,0.8839273529919359,"[-3.548684160227245, 1.8127995615358707]",3.315295374225879
6529.0,24.0,0.4486707495641284,0.7122888546818993,0.4567739288385078,0.1972373510156087,0.3131745808440913,"[-0.2375157160175539, 1.1510635736945696]",-3.0644891454223657,0.0001423131435196326,0.007111550630943774,"[-4.643382352778235, -1.4855959380664963]",11.705486293090262
6530.0,24.0,0.647747459944447,0.8753807020033882,0.3348306435357344,0.3465988512524265,0.46844012873689217,"[-0.3624188300852899, 1.0320801171567586]",-1.5280742422111437,0.13505893107149297,0.5283995738321321,"[-3.532140826975808, 0.4759923425535204]",5.8368136574233365
6531.0,24.0,0.6923965663182539,0.8968537150065471,0.2656812382717177,0.38758369874914067,0.5020707279142043,"[-0.3370051731724632, 0.8683676497158985]",0.7831315632412821,0.4987145611023157,0.8731021700276606,"[-1.48572078353618, 3.0519839100187443]",21.0086577748528
6532.0,24.0,0.2250934878340224,0.4203426476825815,0.565645603663736,0.07408668505186365,0.13835048562439525,"[-0.05506929420624229, 1.1863605015337142]",0.5873442382385505,0.30132842461426,0.7501149821647681,"[-0.52641930364552, 1.701107780122621]",21.75651026850698
6533.0,24.0,0.30928111919503387,0.5480792472001309,0.5189466487480102,0.11554388295601087,0.2047561278681745,"[-0.12735225532890826, 1.1652455528249286]",-0.06770331753777992,0.9183102106161702,0.9874079467440474,"[-1.3615102227835687, 1.2261035877080089]",0.2586076235965892
6534.0,24.0,0.9276999796623655,0.987545219994002,0.14407632658203762,0.6981485346504777,0.7431855808499869,"[-0.5840545418991601, 0.8722071950632353]",2.2003476469229604,0.3878811991708727,0.8128805960587455,"[-2.794175793425077, 7.194871087270998]",15.59529109131817
6535.0,24.0,0.7498680586705851,0.9250558844638718,0.28700593898891935,0.44534881913548874,0.5494063892616442,"[-0.45005787311618617, 1.0240697510940249]",-2.3021313805082837,0.07768548293204008,0.4058010623440343,"[-4.859607642942336, 0.2553448819257689]",8.793494132516697
6536.0,24.0,0.9782008593946734,0.9948196093691711,0.07307193639595708,0.8336468444695955,0.8478914203311589,"[-0.608833614703428, 0.7549774874953422]",-0.23578064486418437,0.9618345355902567,0.9938808419181301,"[-9.893176608177484, 9.421615318449113]",0.9006157227727116
6537.0,24.0,0.8306237146621743,0.9547653679241318,0.2056777415066562,0.5407610006358171,0.6216358209401277,"[-0.4533799728849722, 0.8647354558982846]",-2.8440598927231187,0.09197838059394944,0.4396672112521484,"[-6.152119369531135, 0.4639995840848985]",10.863508569030959
6538.0,24.0,0.7754072971556649,0.9353525900550844,0.2793309752292789,0.473156598775758,0.5708534077336916,"[-0.4838623280761761, 1.042524278534734]",1.7209056827117797,0.20029284924205104,0.6338456303638019,"[-0.9127060999079206, 4.3545174653314795]",17.426624496035696
6539.0,24.0,0.9354084306905632,0.9878137795754037,0.13563467787842198,0.7143773143260845,0.7548365535989904,"[-0.5907341670606381, 0.862003522817482]",-1.6595497641902242,0.5281625187437089,0.8840013597459259,"[-6.815840983232388, 3.4967414548519393]",6.339013158668723
6540.0,24.0,0.8645237687164595,0.9688711965891063,0.19918956151511896,0.5883649045582368,0.6593801463165266,"[-0.5221691009460083, 0.9205482239762461]",-2.7881363759641893,0.1427964870458755,0.5415111378303963,"[-6.517109501219375, 0.9408367492909964]",10.649896469976573
6541.0,24.0,0.4336129670858294,0.6970148964568871,0.37646751944125506,0.18793104559438856,0.30199428827637564,"[-0.18391005035220237, 0.9368450892347124]",-2.389980178383276,0.0016965087904156832,0.03770019534257074,"[-3.882365821322699, -0.8975945354438533]",9.129051822752357
6542.0,24.0,0.7765327847011603,0.936145611454081,0.2398104622744283,0.4744621235429983,0.5719856823905947,"[-0.41734143562488357, 0.8969623601737401]",-1.359284518382216,0.31396949492700266,0.7588401465065968,"[-4.005103642716362, 1.2865346059519296]",5.192084404051583
6543.0,24.0,0.7819590651572443,0.9388462552556966,0.1974939669001464,0.480746607156726,0.5772878155014293,"[-0.3514775658545555, 0.7464654996548483]",1.240600924833922,0.3671964746165992,0.7999730025151883,"[-1.455897644303135, 3.937099493970979]",19.261253529799305
6544.0,24.0,0.6313979236537997,0.8633911167151643,0.28730755066310515,0.3328087499962563,0.4550839834490469,"[-0.2941367392972117, 0.868751840623422]",-0.5921254989070652,0.5719367878247825,0.900878138176577,"[-2.6454549175386717, 1.4612039197245412]",2.2617528019635387
6545.0,24.0,0.13892909257778654,0.2739678418019849,0.627590671814675,0.03760711619961061,0.07416114415225913,"[0.03596526039948311, 1.2192160832298669]",0.22549040357902506,0.6506478747560036,0.9299133911664488,"[-0.7504200145678324, 1.2014008217258825]",23.13869010361468
6546.0,24.0,0.8039736645791704,0.9465322931489172,0.1855786485881891,0.5069058848552661,0.5968229246744594,"[-0.36248165779016406, 0.7336389549665422]",-0.361206831839314,0.8158392787933251,0.966095377463714,"[-3.400937376858345, 2.678523713179717]",1.379708466378956
6547.0,24.0,0.37334682045768064,0.63075996022585,0.5303171914098199,0.15114372222374162,0.2553966242374816,"[-0.19375120970592907, 1.254385592525569]",1.30837090580666,0.052166066887901784,0.32995614729855655,"[-0.012265436431734056, 2.629007248045054]",19.002391270637986
6548.0,24.0,0.5421818726127487,0.7970761847265089,0.41387405553207,0.2619241892440004,0.3850693755424881,"[-0.30919479072340783, 1.1369429017875479]",1.8296948293502444,0.03380110450250902,0.25467291092788646,"[0.14006309600061284, 3.519326562699876]",17.01108056542144
6549.0,24.0,0.8117829910401844,0.9483881469170031,0.23583652065952995,0.5164365605592844,0.6033842277827836,"[-0.47655068239960174, 0.9482237237186617]",1.4841290979901824,0.31722589590667294,0.7602537785596664,"[-1.4242019476224663, 4.392460143602831]",18.33104442884032
6550.0,24.0,0.7310006848328858,0.9159479863222322,0.2606597627640684,0.42558190008104735,0.533309196333476,"[-0.3805299701574418, 0.9018494956855785]",-2.1921915696673997,0.0769838719597535,0.40478983322809736,"[-4.621771075432637, 0.23738793609783793]",8.373554988406745
6551.0,24.0,0.8993240763426047,0.9792822092434281,0.13954438548907522,0.6442324456462327,0.7015961568566119,"[-0.4527213664951194, 0.7318101374732698]",-1.5396071422482986,0.4600220343646545,0.85410700773237,"[-5.623975563846671, 2.544761279350074]",5.880866090601686
6552.0,24.0,0.6794436906110438,0.8886644746139917,0.20081184151440684,0.37526004035349614,0.49085682191431806,"[-0.24308139638009318, 0.6447050794089069]",2.771917924536337,0.01690003495030572,0.16617536824292745,"[0.4976848679977328, 5.046150981074941]",13.412053451160352
6553.0,24.0,0.27733875237880534,0.5016074378346995,0.432010755490427,0.09910078798985696,0.17925306510360592,"[-0.08139621819388254, 0.9454177291747365]",-1.7674997451540175,0.0025238368282089804,0.04951723192286628,"[-2.914419656059754, -0.6205798342482809]",6.751351712518252
6554.0,24.0,0.8979793738740854,0.9790442366703941,0.1354311371644266,0.6420454796573163,0.7000171568808752,"[-0.435603421101046, 0.7064656954298991]",0.4485712984425376,0.8386897443224288,0.9708072590103425,"[-3.870261169735099, 4.767403766620174]",22.286583852569287
6555.0,24.0,0.7881870780475382,0.9408482491235958,0.23869864006219288,0.48787181291090453,0.5823944286867668,"[-0.435717236200183, 0.9131145163245687]",1.6324617319495554,0.23938848406515123,0.6828322934667496,"[-1.0870630687778848, 4.351986532676996]",17.764455502844918
6556.0,24.0,0.8795637698836404,0.9732318639361918,0.17192730335889336,0.6113971034390702,0.6765487478577739,"[-0.49129737159968045, 0.8351519783174672]",0.10267292281392404,0.9599331526535916,0.9938808419181301,"[-3.9030071342294432, 4.108352979857291]",23.607818323499313
6557.0,24.0,0.28647174196563263,0.5149590903570602,0.5022252560493803,0.1038167485437216,0.18662007647622073,"[-0.10291936132243618, 1.1073698734211967]",1.181695018327095,0.04820382998992605,0.31505771235245783,"[0.009333068237335151, 2.3540569684168546]",19.4862575185482
6558.0,24.0,0.9694670971807662,0.9934076675512055,0.09114890372118414,0.8033076727088734,0.8232298347088269,"[-0.6261174507906183, 0.8084152582329865]",2.0998081107842737,0.5940614640191505,0.9090257716643009,"[-5.6222544037259885, 9.821870625294537]",15.979323830981487
6559.0,24.0,0.6574964694237575,0.8795583822555146,0.33303188401506945,0.35537400989564616,0.47541673564634934,"[-0.3732215161001401, 1.0392852841302789]",2.7435357306663244,0.013575821688525369,0.14442363498431243,"[0.5650156418341123, 4.922055819498537]",13.52046544596527
6560.0,24.0,0.20944419302534384,0.39597235230515215,0.6665657344235936,0.06694827299916857,0.12658020986796856,"[-0.04655095038044377, 1.379682419227631]",2.0551163137178072,0.00011910928487833975,0.006335600259486157,"[1.0083377290367137, 3.1018948983989008]",16.1500339210324
6561.0,24.0,0.8004061615313826,0.9455321020522349,0.21837612977140583,0.5024260343585361,0.593621602891175,"[-0.4197985285990876, 0.8565507881418993]",-1.5593906290553932,0.27709587523086543,0.7267135463699592,"[-4.371465400821891, 1.2526841427111046]",5.9564334438083035
6562.0,24.0,0.9413567203680012,0.9883907024577523,0.09968674269330928,0.7278177290230742,0.7641933316075957,"[-0.4617087746271144, 0.6610822600137329]",-0.3488402748184436,0.9061630046613437,0.9836767310696306,"[-6.148944695885302, 5.451264146248414]",1.3324716980853726
6563.0,24.0,0.9684045847331715,0.993133611663595,0.08378116812138714,0.799954958989981,0.8203824828119999,"[-0.5642242621712155, 0.7317865984139897]",2.4717506241311753,0.5346911869732549,0.8875013753432418,"[-5.331193076759566, 10.274694325021915]",14.558608081897104
6564.0,24.0,0.8207080205026642,0.952702964066887,0.19916854153419383,0.527754342563796,0.6128127526286531,"[-0.41904468865218625, 0.8173817717205739]",1.4521470541504033,0.3411555693110513,0.7821965147750946,"[-1.5378753425326925, 4.442169450833499]",18.4532068376551
6565.0,24.0,0.7255041685200991,0.9141145726845847,0.255844216150372,0.42001751723540715,0.5291892619823702,"[-0.36599498887260973, 0.8776834211733537]",2.3613571650878007,0.05698566069534223,0.3464556430459154,"[-0.0701466981991481, 4.79286102837475]",14.980280034499483
6566.0,24.0,0.7124073488084098,0.9076409081518789,0.2543812532582691,0.4065944082881241,0.5181526803722749,"[-0.34638645470851226, 0.8551489612250505]",-0.09479881959892733,0.9396131680323232,0.9892015094756179,"[-2.547437615275061, 2.3578399760772064]",0.3621048177227072
6567.0,24.0,0.8601322471661148,0.9663146482313406,0.21076207298295738,0.5820269570915393,0.6538159482043803,"[-0.5397217068571517, 0.9612458528230664]",2.416955111960684,0.18544738785472115,0.6170340062801836,"[-1.1604960826131725, 5.9944063065345405]",14.767911520805564
6568.0,24.0,0.9991537517939346,0.9995535732232239,0.012951821591926494,0.9671771133017125,0.9675641389572954,"[-0.603955160284381, 0.6298588034682341]",-0.061791677726660055,0.9980472593034606,0.9998296237857246,"[-49.54674086257512, 49.4231575071218]",0.23602682285134363
6569.0,24.0,0.44940702268598337,0.712665751167116,0.39170745729581974,0.19774445717004174,0.3136311771134683,"[-0.20435615293511883, 0.9877710675267584]",-1.3956166459016668,0.06236193638524955,0.3627803163772516,"[-2.863309097088403, 0.07207580528506963]",5.330862908557959
6570.0,24.0,0.7034059629804679,0.9024967449069385,0.2744098896879213,0.3978204730200875,0.5104188773673178,"[-0.3616878835864286, 0.9105076629622713]",-1.735849154785707,0.1279826887722624,0.5173774464390886,"[-3.971043882573, 0.4993455730015861]",6.6304553627048115
6571.0,24.0,0.9683777972726231,0.993133611663595,0.07090336534091682,0.7998005805912098,0.8203082877858563,"[-0.4770666432768216, 0.6188733739586552]",-1.9460749067632923,0.6117217321375731,0.9157510960143309,"[-9.460075070304002, 5.567925256777418]",7.433458584923455
6572.0,24.0,0.9511518226852146,0.991078205928571,0.10288838936819356,0.7514265056410862,0.7832254592881865,"[-0.5337393369315948, 0.7395161156679819]",1.8987503180925316,0.5352138733402931,0.8878051872737671,"[-4.1029946984491525, 7.900495334634216]",16.747308028278358
6573.0,24.0,0.7151247540168257,0.9091997790376813,0.31067436399833287,0.40961607563728186,0.5206763386771093,"[-0.42778443970104446, 1.0491331676977103]",-0.7752273428821193,0.5229993124212362,0.8837210016087154,"[-3.154042025591442, 1.6035873398272034]",2.9611503273524384
6574.0,24.0,0.7978526303082757,0.9446514685155999,0.21093054591406343,0.49942501449565746,0.5913154327440888,"[-0.40118005619913133, 0.8230411480272583]",-0.26520143404537144,0.8624403769233833,0.9726270526004133,"[-3.2650844940501047, 2.734681625959362]",1.012994859441123
6575.0,24.0,0.8537520286971914,0.9637950392041399,0.15513977571797946,0.5727499003463253,0.6465689275947634,"[-0.38398260131974227, 0.6942621527557011]",0.6004054520388733,0.7384134491804445,0.9523631024368666,"[-2.9233410130557917, 4.124151917133538]",21.706620106768547
6576.0,24.0,0.6631996615873661,0.8817971833364794,0.3099649105944089,0.36063052439863763,0.4793903445450458,"[-0.35459841466700526, 0.974528235855823]",2.4583386823723172,0.025756865018094443,0.21321908127561623,"[0.2975485916187579, 4.619128773125876]",14.609837925754293
6577.0,24.0,0.7936161712409701,0.9435115159849323,0.19700634677229145,0.49446810454812584,0.5878826590751705,"[-0.36814921669621004, 0.7621619102407929]",-2.0127370629219667,0.1588052934342411,0.5728906689546938,"[-4.812317818392067, 0.7868436925481341]",7.688089264999061
6578.0,24.0,0.5489114694774838,0.802580336089381,0.4064846218830288,0.2668935533446457,0.39030937897725315,"[-0.3111005634426449, 1.1240698072087025]",-2.9318861032283166,0.0016739425420509175,0.03737213901072339,"[-4.760371608661636, -1.1034005977949972]",11.198979981869316
6579.0,24.0,0.8458563234855887,0.9604363841098997,0.15610939066373516,0.5615845482042214,0.6376570321383234,"[-0.37097812741698, 0.6831969087444504]",1.0112306515116778,0.5505427102363483,0.8935931021528133,"[-2.3089558599777327, 4.331417163001088]",20.13738343694109
6580.0,24.0,0.461760670431214,0.7247852306250416,0.39591339667530345,0.20589528095353582,0.3231757666826806,"[-0.21753876740445288, 1.0093655607550598]",-0.3394393686701731,0.6768962031045913,0.9341755514903409,"[-1.9359964449525149, 1.2571177076121687]",1.2965628816924069
6581.0,24.0,0.6562851931389917,0.8786787965443723,0.30376492566076674,0.35446064425027257,0.47457577219209074,"[-0.3392010099754501, 0.9467308612969836]",-2.265333258786482,0.034663623386772466,0.2579138644849142,"[-4.367327602214013, -0.1633389153589504]",8.652935661272169
6582.0,24.0,0.7476883381329285,0.9242130261222848,0.3526181638032187,0.442936972531649,0.5475117089389975,"[-0.5481639640165501, 1.2534002916229874]",2.63346113275418,0.047704405515344,0.3128157738711082,"[0.02663824555587757, 5.240284019952483]",13.940919438762965
6583.0,24.0,0.3296811366971904,0.5758622475060095,0.4601324007496671,0.12675834388354112,0.22137328655875152,"[-0.13046131113923987, 1.050726112638574]",2.4655296757994747,0.00018875639589714652,0.008428070991455316,"[1.171245512376555, 3.759813839222394]",14.582370354162132
6584.0,24.0,0.6643479000462899,0.8827370449724818,0.28938825914668825,0.3616599408078791,0.4804510462814705,"[-0.332390327745025, 0.9111668460384015]",-0.6729152218786236,0.5427938612630819,0.890788466764078,"[-2.840025825756943, 1.4941953819996958]",2.5703468122502993
6585.0,24.0,0.9851323036138496,0.9956379447802175,0.061793950749270514,0.8625412944763805,0.8718703067586986,"[-0.6377199572121957, 0.7613078587107367]",-1.476370043458891,0.7906512151586664,0.9626825948601807,"[-12.376606811054764, 9.423866724136982]",5.639318165982692
6586.0,24.0,0.7063598014145713,0.9042204855699142,0.2733858668959607,0.40098578187573497,0.5132289541478753,"[-0.3646076024808714, 0.9113793362727929]",-0.675917678091781,0.5734658193042427,0.9014551440610434,"[-3.0291702763338963, 1.6773349201503343]",2.5818153501960825
6587.0,24.0,0.1367922760329844,0.2700735953267215,0.5555003024507802,0.03685346348128661,0.07274667090660601,"[0.03390928779717073, 1.0770913171043897]",-0.44272721316748953,0.36710373524483575,0.7999730025151883,"[-1.4048272941372932, 0.5193728678023142]",1.6910933860057251
6588.0,24.0,0.35743937762850364,0.6122653335448516,0.5579722005424737,0.14193724357383347,0.2432931840483947,"[-0.18667865503119496, 1.3026230561161423]",-0.05536384892791091,0.937623391251683,0.9892015094756179,"[-1.4419586391870025, 1.3312309413311807]",0.21147432541127884
6589.0,24.0,0.7200065575415614,0.9117731807377712,0.28142671243632505,0.41433826276720576,0.5248774547342359,"[-0.394302394345254, 0.9571558192179042]",2.7047960528370902,0.031239229294323694,0.24198341993055753,"[0.24366640276233875, 5.165925702911842]",13.668440115252713
6590.0,24.0,0.08056982352369142,0.1663634596813781,0.7160184440785375,0.017393125636159346,0.03591394927970131,"[0.12594314968320197, 1.3060937384738731]",-0.40120424161647605,0.3528854677506663,0.7917555928890876,"[-1.2476412209775722, 0.44523273774462013]",1.5324873178247347
6591.0,24.0,0.5297593528134948,0.7863431094159045,0.34648842573064975,0.2527969990726523,0.37523822867907625,"[-0.24735162344308248, 0.940328474904382]",0.20110811944613083,0.8243270402900279,0.9666963285808975,"[-1.574543599865602, 1.9767598387578638]",23.23182356866159
6592.0,24.0,0.22831085574356744,0.4253182856623834,0.4946706463022542,0.0755774038057856,0.14079248100928762,"[-0.050949522046258355, 1.0402908146507668]",0.6026359732724327,0.29086374529502645,0.7406318280685713,"[-0.5156301866985225, 1.7209021332433878]",21.698100143248727
6593.0,24.0,0.8429785006500774,0.9595657377917786,0.20783073920472797,0.5573638011413797,0.6344494036896753,"[-0.48638772003995734, 0.9020491984494132]",-0.048041982163769426,0.9783561406204648,0.9963708482041612,"[-3.5187740897757394, 3.4226901254482005]",0.18350685449511778
6594.0,24.0,0.2940170081979085,0.5262520282761921,0.47969077830444296,0.10757254856319816,0.19260975570850164,"[-0.10456007169109804, 1.0639416282999838]",-3.048800580888572,2.3119347620271537e-06,0.00033027639457530766,"[-4.313719298727703, -1.7838818630494404]",11.645560390796597
6595.0,24.0,0.9008124298129917,0.9801525686270295,0.19167515619410339,0.6469687559981239,0.7039921175170009,"[-0.628619670193091, 1.0119699825812978]",0.4136177727044954,0.8535754658980548,0.9710102122541093,"[-3.9789008552041683, 4.806136400613159]",22.42009648616207
6596.0,24.0,0.6530989315165929,0.8776136598629726,0.31674038317937386,0.3513240529165904,0.47223420649775827,"[-0.34933651387334413, 0.9828172802320918]",-1.4300539875459446,0.16665415799500927,0.5847239461865604,"[-3.456650905103873, 0.5965429300119838]",5.462403864149108
6597.0,24.0,0.9965603786464624,0.9987202807390857,0.024437422869371825,0.9338372571898194,0.9361777014434278,"[-0.5525036084749112, 0.6013784542136548]",1.6406923304582532,0.8874771550884153,0.9788768537159467,"[-21.08553401698488, 24.36691867790139]",17.73301693235058
6598.0,24.0,0.5811245445519244,0.8284027719913392,0.4198294173498253,0.2914740249849511,0.4155011047540287,"[-0.3602024246646974, 1.199861259364348]",-1.6093803042111574,0.07771090343888257,0.4058010623440343,"[-3.3974208823379226, 0.1786602739156078]",6.1473799375186555
6599.0,24.0,0.12723478350974382,0.25280107989219913,0.655498501699412,0.033270288224509725,0.06610428814724761,"[0.051989649794408566, 1.2590073536044155]",-0.3937063562195737,0.41468486530991455,0.8285411894303988,"[-1.3397306112181386, 0.5523178987789912]",1.5038475052570495
6600.0,24.0,0.9651690219990848,0.9924001547942788,0.1135818941183622,0.7900034215675342,0.8123428499409092,"[-0.7223597653369198, 0.9495235535736442]",0.901654332890959,0.808583636683968,0.9650120977252274,"[-6.39322076397505, 8.196529429756968]",20.555934143044286
6601.0,24.0,0.2380585846397505,0.4402976070774471,0.6443749492228346,0.08011248089077364,0.14816438115549035,"[-0.0772977923237842, 1.3660476907694532]",1.0293148475294291,0.06663807062875968,0.37584924212498405,"[-0.07063173095556197, 2.1292614260144203]",20.06830689642746
6602.0,24.0,0.6200256055955888,0.8554437163294548,0.2382321390897441,0.3231444820990508,0.44583951724482723,"[-0.23435746872449892, 0.7108217469039871]",2.691726074169943,0.009414909416546458,0.1142586094241075,"[0.6599659408182936, 4.723486207521592]",13.718363756316283
6603.0,24.0,0.8967698537226805,0.9786020165880102,0.15975678833792617,0.6399077618967941,0.6983893386002674,"[-0.5095441238790386, 0.8290577005548909]",-0.3460082150332031,0.8751285967412599,0.9754479263760243,"[-4.661467292920631, 3.9694508628542247]",1.3216540265505055
6604.0,24.0,0.6613376937656016,0.8810787287045051,0.2616701474083706,0.3587451924651749,0.4780082511194869,"[-0.29715217433266927, 0.8204924691494104]",2.8236871561538504,0.011988862425709712,0.13232739984227054,"[0.6209461239099094, 5.026428188397791]",13.214309552472436
6605.0,24.0,0.9479234051941263,0.9903086138676622,0.09845606436793568,0.7433523177755929,0.7765903863096456,"[-0.4909152577857117, 0.687827386521583]",1.3822143856532492,0.6390384992407885,0.9257457212256089,"[-4.393561336812785, 7.157990108119283]",18.720329954653394
6606.0,24.0,0.940878764322824,0.9882270368621947,0.12392257127757934,0.7268312527884937,0.7633980178431822,"[-0.5713346719130505, 0.8191798144682092]",-2.308372384839066,0.41829492553981973,0.8301149544350461,"[-7.8982194702594715, 3.28147470058134]",8.817333013055142
6607.0,24.0,0.8592477511565243,0.9658810152388988,0.1405720903348038,0.580549334299723,0.6525959243477102,"[-0.3580253841594959, 0.6391695648291036]",-2.8345114596364507,0.12906029750743847,0.5193573340339577,"[-6.494726676575445, 0.8257037573025436]",10.827036241242348
6608.0,24.0,0.940004145626185,0.988176067113019,0.11665317696182984,0.7246752330904658,0.7618808465893655,"[-0.5324800836967734, 0.7657864376204331]",0.22072530321057204,0.9401468979710805,0.9892015094756179,"[-5.540908967739434, 5.982359574160578]",23.156891446285922
6609.0,24.0,0.7229306815593043,0.9127174942076481,0.33247741968359557,0.41707919165401897,0.5268664368621203,"[-0.470535033609761, 1.1354898729769523]",-1.5037795191340795,0.20488687365672098,0.639272616713638,"[-3.828647430694853, 0.8210883924266938]",5.7440146509730114
6610.0,24.0,0.5886345906504075,0.8319923542761942,0.39311119419373536,0.29739566106452664,0.42049583037857835,"[-0.34629210371561553, 1.1325144921030863]",1.6099922926173287,0.0812852274796652,0.41620122333378334,"[-0.20011979485154874, 3.4201043800862063]",17.850282438962374
6611.0,24.0,0.2190885059946837,0.41097074844247555,0.573298448175127,0.07129933566933722,0.13374476771588298,"[-0.04971405810149043, 1.1963109544517443]",0.4820761490141301,0.3949939132052043,0.8172334993625746,"[-0.628735672088022, 1.5928879701162821]",22.158604750504704
6612.0,24.0,0.5978986511226656,0.8402403713357678,0.33300248366748264,0.30484171324488774,0.4285095772348717,"[-0.3030653273654921, 0.9690702947004574]",0.1846330984910054,0.8549743861742695,0.9710102122541093,"[-1.79525349165608, 2.164519688638091]",23.29475351320281
6613.0,24.0,0.5731824812815113,0.8230090935257159,0.42774174017890537,0.28560670410464184,0.40988332965648944,"[-0.35737849364288005, 1.2128619740006907]",-0.9432584430254405,0.30805056125767905,0.7545027271957081,"[-2.75696819503159, 0.8704513089807091]",3.602981851695931
6614.0,24.0,0.6707903266439756,0.8865851528469146,0.32470856181743624,0.36730944844411095,0.48547376215187804,"[-0.3812256644386042, 1.0306427880734765]",-2.7821541766667126,0.014825888927340197,0.15284421574577522,"[-5.020072641527179, -0.544235711806246]",10.627046151846471
6615.0,24.0,0.7647832027953921,0.9314129859887859,0.22798704584299784,0.4612350846663894,0.5617966926509006,"[-0.378469965441157, 0.8344440571271527]",-1.6515612847528693,0.2062300488486296,0.6410632541144844,"[-4.212479633337365, 0.9093570638316262]",6.308499414902892
6616.0,24.0,0.83204305458671,0.9549443986993115,0.1535710846534214,0.5428095277321813,0.6229880956412043,"[-0.34102086003102106, 0.6481630293378638]",0.9723184509911809,0.5484434022628819,0.8928806760019607,"[-2.203364435107954, 4.1480013370903155]",20.28601709436717
6617.0,24.0,0.9350929750696815,0.9878137795754037,0.13387930015209623,0.7138745317408255,0.7546242407408303,"[-0.5817712063235082, 0.8495298066277007]",-2.255429374217723,0.40464093107705656,0.8228144252678913,"[-7.559923058586319, 3.0490643101508734]",8.61510560883386
6618.0,24.0,0.9100649753171677,0.9832162654679858,0.17093939207009343,0.6635358458158385,0.7169387652750233,"[-0.5991912947278883, 0.9410700788680753]",1.4002437575311397,0.5276145383632947,0.8840013597459259,"[-2.944599481177158, 5.745086996239437]",18.651462826928395
6619.0,24.0,0.834706592050063,0.9558174015320701,0.19892107150168786,0.5463354483245229,0.6255271906623803,"[-0.44736387045303855, 0.8452060134564143]",0.5305017045406037,0.7534607885005488,0.9552799279805988,"[-2.7800129881342306, 3.841016397215438]",21.97363275368848
6620.0,24.0,0.20427912988588068,0.3877735950757036,0.5397479969256583,0.06458506629920352,0.12260845053578691,"[-0.0326644849583978, 1.1121604788097144]",1.2549168852585808,0.016739794574945534,0.1657405403459954,"[0.22681996305868624, 2.2830138074584756]",19.206570588998687
6621.0,24.0,0.6549437783052974,0.8781904941339596,0.33376949268700856,0.35324422406739997,0.473728118521872,"[-0.37092258241588444, 1.0384615677899016]",-0.6162479336150755,0.5721990545630702,0.900878138176577,"[-2.7546862371766743, 1.5221903699465233]",2.3538937153201305
6622.0,24.0,0.37683357257088385,0.6353626244661674,0.4310899076532469,0.1531050160612832,0.2581659784902734,"[-0.16032228102405782, 1.0225020963305516]",-0.0774269180749112,0.915194151222464,0.986565242976216,"[-1.5024901210059562, 1.3476362848561338]",0.29574904175984
6623.0,24.0,0.8787860568506369,0.9730838056604282,0.18556990956540764,0.610411458465101,0.6759276878203131,"[-0.52830679357883, 0.8994466127096453]",0.8636957710854176,0.6579910219349758,0.9301211184160023,"[-2.9602400098340254, 4.687631552004861]",20.700925168900554
6624.0,24.0,0.029026767114526175,0.06595493550221808,0.9704782464606289,0.003875104636551777,0.008801055272659043,"[0.31189057891368244, 1.6290659140075752]",-1.0486857123515332,0.0020158445872213407,0.04279924813633419,"[-1.7143142120529862, -0.3830572126500801]",4.005684356894208
6625.0,24.0,0.49781015541073936,0.7583650269497431,0.41978053628224793,0.23027341402131352,0.3508126356205264,"[-0.2660456670481693, 1.1056067396126652]",0.3968273370487134,0.643088617303547,0.9269467971048314,"[-1.2816208881717304, 2.075275562269157]",22.484231226112886
6626.0,24.0,0.2168470275938557,0.4073774705877432,0.6513117967246327,0.070205362390125,0.13189059250446175,"[-0.05373590131339179, 1.3563594947626572]",1.2746205948918146,0.017188076866382115,0.16801639165573914,"[0.22612403292624506, 2.323117156857384]",19.131307962149652
6627.0,24.0,0.9596806738836684,0.9918311520199155,0.08564871789118635,0.7741489358261684,0.800402125544012,"[-0.4993560810486066, 0.6706535168309793]",2.3510273029212643,0.49973891383728297,0.8731021700276606,"[-4.476539277568261, 9.17859388341079]",15.019737201505777
6628.0,24.0,0.544839935539426,0.7991198819880112,0.4078016690305791,0.26405646382185954,0.38729480129733473,"[-0.3078479108353927, 1.123451248896551]",-2.6405422029760848,0.003869149248899205,0.06448782502380641,"[-4.432171564186643, -0.8489128417655265]",10.086128257113762
6629.0,24.0,0.6591069374599804,0.8804527617686085,0.31902607697669494,0.35692039899739636,0.4767838618720229,"[-0.3597041754223107, 0.9977563293757006]",2.141163787551566,0.04502359865971343,0.300758842082254,"[0.047503396233997464, 4.234824178869134]",15.821356781803283
6630.0,24.0,0.30385934687858335,0.5404826518651429,0.424272429122125,0.11286971415891625,0.20076434393261516,"[-0.1002295002419546, 0.9487743584862045]",-2.6490114086713588,3.931711517414955e-05,0.0026929530941198323,"[-3.9118162320969265, -1.386206585245791]",10.118478239924919
6631.0,24.0,0.34315442509400024,0.594001082039121,0.4751121609403347,0.13411592446368156,0.23215496704808994,"[-0.14649082271447367, 1.096715144595143]",0.5074721057235614,0.45630088296620763,0.8520462075951002,"[-0.8276842142467307, 1.8426284256938534]",22.061599341428217
6632.0,24.0,0.8095896471243513,0.9481259049426021,0.21638563031448488,0.5138912987433137,0.6018466755675292,"[-0.4332990565963538, 0.8660703172253236]",0.46212449411703993,0.7681773928741099,0.9583740532091365,"[-2.610707778340679, 3.534956766574759]",22.23481445849836
6633.0,24.0,0.5743954163489684,0.8235059732601697,0.36566719453966884,0.2865792768637825,0.41086634675811107,"[-0.306871301735742, 1.0382056908150796]",-0.8222899597926556,0.3795281385780198,0.8071632041216925,"[-2.656291977956292, 1.0117120583709807]",3.1409162821400884
6634.0,24.0,0.6003612610734022,0.8414313399767374,0.31511455610000644,0.3067831121976323,0.42996932333235083,"[-0.2892063881657025, 0.9194355003657153]",-0.0389150147115771,0.9694691489830033,0.9946639642340541,"[-2.0316998902089725, 1.9538698607858183]",0.14864440684419175
6635.0,24.0,0.3928084663361258,0.6543248521949617,0.5016727359980645,0.1627845638001234,0.27108170491277833,"[-0.20278599120860763, 1.2061314632047366]",-1.0026529238977036,0.15493469317260533,0.5680561322222348,"[-2.384318016409081, 0.37901216861367404]",3.8298520570526757
6636.0,24.0,0.5639798682786521,0.8151176012121002,0.3815178617732402,0.27832555306618456,0.4022261438832542,"[-0.308242481411254, 1.0712782049577343]",0.3047464939393745,0.7488828623463861,0.9551730187504387,"[-1.5611340639564673, 2.170627051835216]",22.83595413839098
6637.0,24.0,0.9207027319738639,0.9859416571445778,0.12218217012683485,0.6839885322480121,0.7325526373771483,"[-0.4661644333021162, 0.7105287735557859]",-0.5320557269274264,0.8316734751251555,0.9692738932231153,"[-5.438109668105094, 4.373998214250241]",2.0323031745804374
6638.0,24.0,0.8163142827255827,0.9509719043867458,0.2246478208080837,0.5221853888862429,0.6083240783856511,"[-0.4633446359998417, 0.9126402776160092]",-1.356657451084276,0.3685662783191107,0.8012310398241537,"[-4.313854476167032, 1.6005395739984807]",5.182049746140329
6639.0,24.0,0.12090604695374936,0.2412331343849748,0.5974256400570725,0.030900332546517924,0.0616526986163566,"[0.05491369313460437, 1.1399375869795407]",-1.6163410939560814,0.00028905318993246765,0.011366457120993457,"[-2.4902837213291553, -0.7423984665830073]",6.173968195816128
6640.0,24.0,0.7938119385596362,0.9435115159849323,0.2553230315841377,0.4945580378464949,0.5879196836025855,"[-0.47727925502930046, 0.9879253181975759]",0.19931433847309155,0.8954558807618059,0.9799823477491091,"[-2.7735747064495007, 3.1722033833956838]",23.238675307269993
6641.0,24.0,0.2933322924096467,0.5253085465788802,0.4771948342749485,0.10735509348796954,0.19225482358160734,"[-0.10365665190868739, 1.0580463204585844]",2.720535293152784,1.956449468409695e-05,0.0017226185724441303,"[1.471730576363733, 3.9693400099418357]",13.608320645730618
6642.0,24.0,0.633454678849926,0.8651388675907212,0.3716401519803209,0.33431030442807186,0.45658331661850843,"[-0.38281373364170307, 1.126094037602345]",0.20520235653707797,0.8483311083848764,0.9708072590103425,"[-1.897767173278003, 2.308171886352159]",23.216184734952446
6643.0,24.0,0.8411580876769229,0.9588799091292982,0.20654351989131906,0.5550988220024522,0.6328075946220385,"[-0.47942919123732597, 0.892516231019964]",-2.574047746157955,0.1350242212429363,0.5283995738321321,"[-5.949606489317363, 0.8015109970014525]",9.83213814133418
6644.0,24.0,0.8257553474182022,0.9537227604452235,0.13930687361879596,0.5345170683731608,0.6173678313388321,"[-0.3002765370032398, 0.5788902842408317]",2.5756082889318095,0.11552366308257657,0.49794682363179554,"[-0.6318897115450044, 5.783106289408623]",14.161901024353053
6645.0,24.0,0.6763933197848189,0.8877717807912047,0.24057200272857007,0.3724798263388025,0.4888828275873507,"[-0.28812549180747227, 0.7692694972646124]",1.1525553863959948,0.2915469916350242,0.7408030449388471,"[-0.9891855846904796, 3.294296357482469]",19.597562713629312
6646.0,24.0,0.5364919328563517,0.7929233414962337,0.32771547346971314,0.25798146122228716,0.38129095658038303,"[-0.24011050481699642, 0.8955414517564226]",2.229404274488884,0.010887224442753099,0.12485349131597591,"[0.5133630582020414, 3.945445490775726]",15.484302949557444
6647.0,24.0,0.8674398878861356,0.9701834484814971,0.22121822477212888,0.5927292273883448,0.6630080843270075,"[-0.5893851252316364, 1.031821574775894]",1.9044833966234798,0.29374885125860173,0.7432839769777736,"[-1.6507133160797953, 5.459680109326754]",16.725409281382333
6648.0,24.0,0.6275966527283662,0.8607362305338067,0.36081365560477097,0.32928221608889574,0.4517522514595908,"[-0.3640841208777619, 1.0857114320873038]",-1.5344956724312855,0.11981190419862757,0.5042588560548298,"[-3.467914715271241, 0.3989233704086701]",5.861341714093462
6649.0,24.0,0.7332911393233927,0.9177611255611924,0.39016814358195595,0.42767779143840823,0.5352663222007612,"[-0.5739553951604265, 1.3542916823243383]",-1.7658183148560305,0.14668553490724684,0.5485622098251565,"[-4.150471876102703, 0.6188352463906424]",6.744929121876914
6650.0,24.0,0.8776272052442216,0.9727850092367603,0.19242443451569247,0.6083845824481635,0.6744092478086282,"[-0.5436394871180501, 0.928488356149435]",-1.8184751281123335,0.3351298791230999,0.7759432255686499,"[-5.516364058082651, 1.8794138018579836]",6.946063332689892
6651.0,24.0,0.8996242922480505,0.9793291495808661,0.19398923215404462,0.6449728131587482,0.7021258579999436,"[-0.6312000650353592, 1.0191785293434483]",0.9558274635642414,0.6555222802805007,0.9301211184160023,"[-3.2436155254746044, 5.155270452603087]",20.3490080263383
6652.0,24.0,0.9303154687042958,0.9878137795754037,0.09281653742461743,0.7035499521059487,0.7475825651959926,"[-0.38524230412450544, 0.5708753789737403]",2.024572434853896,0.43018169003618445,0.8387242933050973,"[-3.0054513098639664, 7.054596179571758]",16.266702944289797
6653.0,24.0,0.5569025723503581,0.8092161760394625,0.32181668562028554,0.2729232886060211,0.39665274362515823,"[-0.2534977907393996, 0.8971311619799707]",2.8798438803465793,0.0022592173464503333,0.046106476458170065,"[1.0315598321009862, 4.728127928592173]",12.99980666663753
6654.0,24.0,0.054196712384564506,0.11538580452323718,0.7725295788179287,0.009789748717600522,0.02084699471380009,"[0.18637728909949547, 1.358681868536362]",-0.29575646842600545,0.45931559881825623,0.8538254125769235,"[-1.0791242683470892, 0.4876113314950782]",1.12970649363362
6655.0,24.0,0.46044102332983317,0.7235088361562432,0.4318493782472385,0.20518516718173962,0.32231411747053035,"[-0.23623669020602095, 1.099935446700498]",0.9742318812945001,0.21060566888092958,0.6492159953172921,"[-0.5510151340544607, 2.4994788966434607]",20.27870832898233
6656.0,24.0,0.40800579412311816,0.6710621613867075,0.41250624047000606,0.17198188264505532,0.28281842237305593,"[-0.17942517135895852, 1.0044376522989706]",-2.5275609854601404,0.0006544934834878363,0.01997082554536402,"[-3.9811935373903915, -1.0739284335298893]",9.654571795252885
6657.0,24.0,0.9529070302620811,0.991078205928571,0.11323194531122079,0.7559192894929175,0.7862692838495086,"[-0.6007294036813767, 0.8271932943038184]",2.7761638999231217,0.4017028759656752,0.8206211468997754,"[-3.7123718058525355, 9.264699605698778]",13.39583501985507
6658.0,24.0,0.22006898452389162,0.41257777376057675,0.6930525386753645,0.07180118035103346,0.13457858184108343,"[-0.06143291406256923, 1.4475379914132982]",0.9127024315264896,0.09707467685694028,0.4519305254047499,"[-0.1654433625418521, 1.9908482255948312]",20.51373351481361
6659.0,24.0,0.5633669753518226,0.8143494873544703,0.3053247418530646,0.2778394096138005,0.4016181116128946,"[-0.24612510599600856, 0.8567745897021377]",-2.865057004462283,0.0026212887472091455,0.05099783554881606,"[-4.731275443367797, -0.9988385655567695]",10.94371162800554
6660.0,24.0,0.9687014133214532,0.9932343005449126,0.09300114688690035,0.8008982829798884,0.821181465169577,"[-0.6297979726833748, 0.8158002664571754]",0.8514421535206633,0.8291349539900691,0.9686156004556882,"[-6.881225640503861, 8.584109947545187]",20.747730540249073
6661.0,24.0,0.24409117760695107,0.44968897864213536,0.5369164167851219,0.0828655013443464,0.15269117623797018,"[-0.06986384520735434, 1.1436966787775982]",-0.29918182127053505,0.6152212130738985,0.9172188963428358,"[-1.4658058838088215, 0.8674422412677514]",1.1427903777225987
6662.0,24.0,0.6355450575399109,0.8666917462701635,0.3439467476744376,0.33615894565974913,0.4584193995087265,"[-0.35696363793130464, 1.04485713328018]",-2.8340466460759455,0.008255982441199898,0.10611802623650256,"[-4.936943520440549, -0.7311497717113422]",10.825260784223856
6663.0,24.0,0.8408236179753082,0.9587751665643991,0.16083880336506823,0.5546467795064813,0.6324722571589342,"[-0.37272952141345456, 0.6944071281435911]",0.5812339699207527,0.735216497278627,0.9523631024368666,"[-2.7872332810659195, 3.949701220907425]",21.77984977426047
6664.0,24.0,0.9339471066776444,0.9878137795754037,0.12470244596574113,0.7112077550448728,0.753109304812078,"[-0.5354529072714241, 0.7848577992029063]",-2.9709608353678285,0.2887885136618078,0.7386632747042021,"[-8.460279615037713, 2.5183579443020556]",11.348234464349199
6665.0,24.0,0.2498401092969639,0.45884317593565455,0.4952975321236838,0.0856196753541577,0.15724458283591863,"[-0.06943881028241677, 1.0600338745297844]",-1.2622254552919951,0.025163215529054147,0.21125008155450606,"[-2.3672010594561046, -0.15724985112788548]",4.821346092147341
6666.0,24.0,0.941223848306604,0.9883907024577523,0.11822386140819482,0.7275498661937186,0.7639922988488067,"[-0.5468835562607729, 0.7833312790771626]",-2.6938895049755596,0.35955561595163865,0.7958303853764245,"[-8.456666399653717, 3.0688873897025974]",10.289899940645745
6667.0,24.0,0.8366131782513235,0.9566790560138931,0.2468932798511037,0.5488636665036802,0.627703186760842,"[-0.5603313848375802, 1.0541179445397877]",-2.03270647981255,0.21235379160390477,0.6510092372221534,"[-5.227294031467725, 1.1618810718426258]",7.764366818810238
6668.0,24.0,0.6184669595960933,0.8543462899797167,0.29204095473857783,0.32164388784829656,0.4443822711360826,"[-0.28549732886921675, 0.8695792383463724]",1.458722250336776,0.1333587791523008,0.5269015375436618,"[-0.4460524128279879, 3.36349691350154]",18.428091438258456
6669.0,24.0,0.24751158843827895,0.4552355866070976,0.49264009429719907,0.08464641387577035,0.15565725243797418,"[-0.06731712410674578, 1.0525973127011439]",-0.885633436202367,0.12383487952516509,0.5102384817682946,"[-2.01360675059505, 0.24233987819031588]",3.3828705393376186
6670.0,24.0,0.4505715668038754,0.7137202071976484,0.45184328619639447,0.19853821401668703,0.3144979599134382,"[-0.23694701670588703, 1.1406335890986758]",-1.8259158980653112,0.015191117011269156,0.15564669068923315,"[-3.299984377564676, -0.35184741856594615]",6.974484980332118
6671.0,24.0,0.9709981023189653,0.9936899468403179,0.10793974938783261,0.8082811258240313,0.8273092383050474,"[-0.763946414016461, 0.9798259127921262]",-1.0552482894769168,0.7939679777932054,0.9628316126547152,"[-8.974672695716038, 6.864176116762203]",4.030751555028447
6672.0,24.0,0.6160530567993769,0.8527866234764354,0.3186102811176605,0.319971142320189,0.442805345032091,"[-0.30929709380626774, 0.9465176560415887]",-2.278014259455908,0.022659082016585917,0.1989423083343054,"[-4.237015038090677, -0.3190134808211398]",8.701373515829548
6673.0,24.0,0.55576884845255,0.8082734852422194,0.3413775451547568,0.2721763084712788,0.395835236287491,"[-0.2679561231949803, 0.950711213504494]",-1.1500238204569424,0.19511741677718153,0.6279387127314469,"[-2.8897782973585624, 0.5897306564446774]",4.39276741677957
6674.0,24.0,0.004311110500427365,0.013299847762782872,0.8459997568024522,0.00017473114068386554,0.0005384626831552097,"[0.40418541221492726, 1.287814101389977]",0.40804171434229364,0.13581778789059326,0.5291021022618735,"[-0.12814437360413167, 0.9442278022887189]",22.44139546019359
6675.0,24.0,0.9878378962731242,0.9964998169166586,0.03356963277707421,0.8756558330778613,0.8833408988982764,"[-0.38690509180602006, 0.45404435736016846]",-1.6703215438105286,0.7860706142699434,0.9609665211124003,"[-13.732110417202096, 10.391467329581038]",6.380158326007955
6676.0,24.0,0.6891991979413695,0.8947953765787473,0.3080093792409469,0.38455302159323,0.49917111907239786,"[-0.3862528645840339, 1.0022716230659277]",-0.7067997503554766,0.5412660100968628,0.8901534294097935,"[-2.974442288394721, 1.5608427876837676]",2.699776177084601
6677.0,24.0,0.9049619481115992,0.9811184623469946,0.16430355408304506,0.6543295568627383,0.7094140962968344,"[-0.5549035655008099, 0.8835106736669001]",1.9643016929842663,0.366132348389245,0.7998655477271011,"[-2.2957211690621415, 6.224324555030674]",16.49692022010661
6678.0,24.0,0.7790298110875212,0.9370699124772905,0.23343869378663176,0.47748541302328096,0.5743149062103451,"[-0.41065176589187613, 0.8775291534651396]",-2.646596202817892,0.06565797294144624,0.37334894293714965,"[-5.464593658326283, 0.17140125269049955]",10.109252833120989
6679.0,24.0,0.7467920628375784,0.9239478050911502,0.29349046304212206,0.4419467308565548,0.5466838739149795,"[-0.4546214423470772, 1.0416023684313214]",0.44739830093493005,0.7370006676818643,0.9523631024368666,"[-2.1637147691221412, 3.0585113709920013]",22.29106437300697
6680.0,24.0,0.42544856804331127,0.6892466115217396,0.4201116607506532,0.1827551853791718,0.29602440922214035,"[-0.19791100993523603, 1.0381343314365425]",-0.9673263392007954,0.1913653083913468,0.6240808668977081,"[-2.418417836080142, 0.4837651576785513]",3.6949144432030567
6681.0,24.0,0.30865230630776924,0.5470618686773648,0.46043645063693434,0.11532967495714187,0.20441275249404797,"[-0.11265601478534576, 1.0335289160592145]",1.9418244254028316,0.0016568588515396185,0.03731664080044186,"[0.7319514444855053, 3.151697406320158]",16.58277705793344
6682.0,24.0,0.7587535523068226,0.9291618323620164,0.3010941507932025,0.45467581140444446,0.5569273003458117,"[-0.4882318667925281, 1.0904201683789332]",0.23848000242603096,0.8631968551000393,0.9728956498773106,"[-2.4742045682815603, 2.9511645731336222]",23.08907349084792
6683.0,24.0,0.9303803326226489,0.9878137795754037,0.12878426119400768,0.7036654042004035,0.747593898528012,"[-0.5348004242840578, 0.7923689466720731]",-0.4021262699150121,0.8816073640422346,0.9767995571081434,"[-5.694162231585706, 4.8899096917556815]",1.5360092064979176
6684.0,24.0,0.8366158344841496,0.9566790560138931,0.19958232742090476,0.5489480022363149,0.6277278470398112,"[-0.45309554908153626, 0.8522602039233458]",2.203647651167268,0.18152445664277617,0.6112323308967923,"[-1.0290054754435687, 5.436300777778104]",15.582686003613231
6685.0,24.0,0.90254482802162,0.9807071911568184,0.1791890222448671,0.650053292385815,0.7063493343320819,"[-0.594919856032235, 0.9532979005219692]",-2.042188564331827,0.34328433720049945,0.783884728346148,"[-6.265712626486269, 2.181335497822615]",7.800585713739633
6686.0,24.0,0.4134671788419422,0.6771489990860501,0.442004837450406,0.17504474383020452,0.2867235771174521,"[-0.19678888132826866, 1.0807985562290807]",-0.0013362290306595526,0.9986086916144434,0.9998296237857246,"[-1.5032514985656802, 1.500579040504361]",0.00510401892797663
6687.0,24.0,0.9427152408547331,0.9886899740086511,0.10620948206805135,0.7309144510263887,0.766639868917966,"[-0.49908593206773444, 0.7115048962038372]",-0.19489953142143257,0.9484255093871581,0.9908331690212683,"[-6.100461542357343, 5.710662479514478]",0.744461371968364
6688.0,24.0,0.5906248956845076,0.8335742522239887,0.3446172846716891,0.2992769017203144,0.4222794339840889,"[-0.30610240315092313, 0.9953369724943013]",2.154072943205521,0.023208796675127354,0.201290517563984,"[0.29418633953545603, 4.013959546875586]",15.77204743940001
6689.0,24.0,0.21293751037357894,0.4010122605905441,0.5684269051783962,0.06857888381639507,0.1291504403321941,"[-0.04331591151862846, 1.180169721875421]",-0.8373810438557232,0.1257386722482519,0.5130641613683448,"[-1.909297069549463, 0.2345349818380167]",3.1985599771461493
6690.0,24.0,0.5835735947706524,0.8293502717358707,0.40827866598172213,0.2934030886654788,0.4171930921351808,"[-0.35333033329866903, 1.1698876652621133]",1.4967993114570497,0.10232739257217453,0.4657596384714362,"[-0.2989526920293044, 3.292551314943404]",18.282647778361564
6691.0,24.0,0.28179683033188196,0.5080166402233315,0.4556857281941796,0.10154600780135763,0.1830317372050426,"[-0.08976757417983566, 1.0011390305681949]",0.6394613822151847,0.3004203932997854,0.7497338507744368,"[-0.5708545944456971, 1.8497773588760664]",21.55743744249786
6692.0,24.0,0.39512723787981724,0.6566847895626013,0.40828596648686316,0.16401446125555297,0.272585110944911,"[-0.1667144397248415, 0.9832863726985679]",-0.29941760505012205,0.6864598294016047,0.9372486972514004,"[-1.7532201463188077, 1.1543849362185636]",1.1436910054191305
6693.0,24.0,0.9572066988616147,0.9911597957501838,0.09894147476244704,0.7672206327378869,0.7944709876130133,"[-0.5561721121892714, 0.7540550617141656]",2.926135672134358,0.40292183807170956,0.8217863309641231,"[-3.9306578269883885, 9.782929171257104]",12.822985046934992
6694.0,24.0,0.5523082609590519,0.8050875098714121,0.3865563510168615,0.2697225419030316,0.3931242412228998,"[-0.29989407357967723, 1.0730067756134]",-0.7088132004623162,0.43672171879842603,0.8432549117559877,"[-2.495074117949271, 1.0774477170246386]",2.7074669899767394
6695.0,24.0,0.4747321720272519,0.7375053161833958,0.4564087468035687,0.2143930355863256,0.33311534429199136,"[-0.2640825439613167, 1.176900037568454]",1.4581024080418334,0.06017164729422397,0.3547856562159432,"[-0.06239605559936212, 2.978600871683029]",18.430459061422717
6696.0,24.0,0.9427898679198692,0.9886899740086511,0.11094723601183536,0.7310924863774237,0.766746183930177,"[-0.521784494604848, 0.7436789666285186]",0.20924503831308705,0.9446493210850232,0.9899384482268412,"[-5.697817717225909, 6.116307793852083]",23.20074282804046
6697.0,24.0,0.41500495192115605,0.6786849192231093,0.48441370069310985,0.17630207774320406,0.2883108385007425,"[-0.2177110323089697, 1.1865384336951894]",-2.440393568431182,0.0010426187909153245,0.027010849505578353,"[-3.899199357911541, -0.9815877789508227]",9.321616788131813
6698.0,24.0,0.7470302543106211,0.9239706299451096,0.19683818950717877,0.44199391206026095,0.5466838739149795,"[-0.3049573798771722, 0.6986337588915298]",1.5622958937998037,0.21193761679545708,0.6503148720327004,"[-0.8907631427589067, 4.015354930358514]",18.032469262310173
6699.0,24.0,0.20703444586619704,0.39233360975212633,0.504493064651635,0.06582857076800545,0.12479349908626627,"[-0.033011849900960066, 1.04199797920423]",1.2004665038421702,0.02308854523737333,0.20076995858585506,"[0.16485646789616903, 2.2360765397881712]",19.414555725534548
6700.0,24.0,0.8759608996292488,0.9724665269479806,0.19104779482485557,0.6057359279451782,0.6726311141059317,"[-0.5343857899965523, 0.9164813796462634]",0.15643046983494102,0.9379537454354061,0.9892015094756179,"[-3.782293234775514, 4.095154174445396]",23.402479619413956
6701.0,24.0,0.9660076437816293,0.9924001547942788,0.08528558690049243,0.7924952176854758,0.8144026489420161,"[-0.5501176041872702, 0.7206887779882549]",-2.6599488427247233,0.49362186962622245,0.8710087226182522,"[-10.27565381962154, 4.955756134172093]",10.160256160588949
6702.0,24.0,0.27282627868711967,0.49458700937817046,0.5047117714923016,0.09689798848362156,0.17566712923064098,"[-0.0911726405490777, 1.100596183533681]",-0.33435827493720716,0.590192608991295,0.9077706636973603,"[-1.5511844511347441, 0.8824679012603298]",1.277154533278452
6703.0,24.0,0.37233207564071963,0.6295774021655726,0.3614933523843086,0.15049378338563993,0.25459953203457947,"[-0.13128666913671527, 0.8542733739053324]",3.0293616441533078,2.726132369934804e-05,0.00208101707628611,"[1.6140730007633497, 4.444650287543266]",12.428690878080236
6704.0,24.0,0.5256312879466316,0.7826552828270275,0.3393878600625601,0.2500014514710811,0.3722475453708772,"[-0.2388625675684138, 0.9176382876935341]",1.0777612378986898,0.205368452325146,0.6395778646064965,"[-0.5902476148461322, 2.7457700906435116]",19.883255316374
6705.0,24.0,0.08484385514265276,0.17457583362685752,0.7120526211881967,0.018752614692054363,0.038585626938383466,"[0.11828557995395395, 1.3058196624224394]",-1.0217764889822174,0.014524192650155204,0.15066589886053117,"[-1.8411791099329955, -0.2023738680314392]",3.9028986949584343
6706.0,24.0,0.414830828615936,0.6786043327595879,0.41193128321526423,0.17619897343875157,0.2882365016174572,"[-0.1849927618542882, 1.0088553282848167]",0.8466038144296739,0.24995215277176996,0.697266945686356,"[-0.595693094312967, 2.288900723172315]",20.766211634233528
6707.0,24.0,0.4378784809648623,0.7008298350910088,0.542768851684466,0.19047635265459173,0.3048597193575412,"[-0.2698119402176756, 1.3553496435866075]",1.1767298028100779,0.11344299173583325,0.4939560215002053,"[-0.2803047127899989, 2.6337643184101545]",19.505223244781398
6708.0,24.0,0.9867501238230305,0.9961904215642817,0.05015153945756643,0.8703043986504648,0.878740305584072,"[-0.5518825064118889, 0.6521855853270218]",2.5208600580709515,0.6843772571413259,0.9369519542512278,"[-9.633698411003754, 14.675418527145657]",14.371023861962058
6709.0,24.0,0.675994843015229,0.8877583536413529,0.32098437465035146,0.3720251831983302,0.48860675492294486,"[-0.3837624174264651, 1.025731166727168]",-1.8616918311192254,0.08612607548611297,0.42615574213811463,"[-3.987817158282047, 0.26443349604359634]",7.1111389784742425
6710.0,24.0,0.6399785974448776,0.8700089687940152,0.26491294268894866,0.33996126410466954,0.4622178981708627,"[-0.27920473332712087, 0.8090306187050182]",1.8669290489874424,0.0658729266453598,0.3735328486937639,"[-0.12249017700843678, 3.8563482749833216]",16.868856322843136
6711.0,24.0,0.6726019424014187,0.8871149670238285,0.29421932891613767,0.3689367828724981,0.4867479740234556,"[-0.3476066606701067, 0.936045318502382]",-0.32304634483963124,0.7783531024230284,0.9596363723535175,"[-2.572552482226654, 1.9264597925473916]",1.2339461430959113
6712.0,24.0,0.5010940393260134,0.7619942823206581,0.3537353324539027,0.23255053842105056,0.3536304760482949,"[-0.22701528811014132, 0.9344859530179468]",-0.39269333067936074,0.6482304610264129,0.9294020283387066,"[-2.0797339667560664, 1.2943473053973447]",1.4999780327241719
6713.0,24.0,0.8766860824088575,0.9725797022127185,0.15965622617717,0.606969845114615,0.6733892337056187,"[-0.4486607747243624, 0.7679732270787024]",-0.3753209485790503,0.8511034425156129,0.9708072590103425,"[-4.294200077456207, 3.5435581802981058]",1.4336204210950783
6714.0,24.0,0.5443480923112628,0.7988075187705642,0.31805913523171503,0.26358948264893134,0.38683516678739555,"[-0.23955608058566857, 0.8756743510490986]",1.2179030780390478,0.1609124899450327,0.5771404496462651,"[-0.4846864024732631, 2.920492558551359]",19.34795291815803
6715.0,24.0,0.8712203910351297,0.9711122638619929,0.26563886991977176,0.5986211067742381,0.6672847026800113,"[-0.7234530428291441, 1.2547307826686875]",-0.934603819249312,0.6187972162817352,0.9174210890671123,"[-4.616181039008334, 2.7469734005097104]",3.569923623986215
6716.0,24.0,0.7203047826729605,0.9117731807377712,0.21741025757718285,0.4146874027127727,0.5248775203959621,"[-0.3050006511730993, 0.739821166327465]",-0.5142224492592309,0.6809320847359799,0.9356843168376249,"[-2.96528809875007, 1.9368432002316083]",1.9641850715622704
6717.0,24.0,0.6069244718436462,0.8461851335237257,0.35066286515388,0.3124578199367716,0.4355297154337871,"[-0.32976621270206385, 1.031091943009824]",0.8790350768025963,0.3711746927318911,0.803654485224597,"[-1.0475275622525613, 2.805597715857754]",20.642333337016872
6718.0,24.0,0.9444538740241921,0.9898440468770747,0.1411175413396649,0.7350513554033746,0.7704133271180953,"[-0.6761815055029206, 0.9584165881822504]",1.920633657650419,0.5032504158325567,0.873546981136186,"[-3.703001753520014, 7.544269068820852]",16.663719828390448
6719.0,24.0,0.9508313790957147,0.991078205928571,0.10240374565595281,0.750695203019381,0.7826263584438917,"[-0.5293030237422499, 0.7341105150541555]",-0.5582043568772512,0.8615627838687295,0.9726270526004133,"[-6.832020869864982, 5.715612156110479]",2.132183583658727
6720.0,24.0,0.273987938119834,0.4963549603620181,0.46548867390995613,0.09755199434728007,0.17672462744072476,"[-0.08516286166208159, 1.0161402094819938]",2.657005263815336,1.65168826775742e-05,0.0015255506527346076,"[1.4480140252175093, 3.8659965024131626]",13.850987482622491
6721.0,24.0,0.44675961325075636,0.7094800909175104,0.41622551897191795,0.19603624783131346,0.31146528095219805,"[-0.2147357932274747, 1.0471868311713106]",0.17627389420771067,0.826006710350833,0.9673342432964434,"[-1.395380804880632, 1.7479285932960533]",23.32668332157084
6722.0,24.0,0.8821750691588578,0.9742274078264519,0.15481706499183667,0.61575494943777,0.6799607977896386,"[-0.4497865508727462, 0.7594206808564196]",0.5307833791693577,0.793754417794459,0.9628316126547152,"[-3.448418426732732, 4.509985185071447]",21.972556835860246
6723.0,24.0,0.6893092128164169,0.8947953765787473,0.25390211415642133,0.38444583888003436,0.4991506607115481,"[-0.3182717385197666, 0.8260759668326092]",1.2407058699758897,0.2659747834444707,0.7159482730672159,"[-0.945362502203603, 3.4267742421553824]",19.26085266888496
6724.0,24.0,0.7200548473533435,0.9117731807377712,0.22815997591617404,0.4144954329865609,0.5248775203959621,"[-0.3198557464996586, 0.7761756983320067]",-0.6268725187499262,0.6132528703908353,0.9169450813260098,"[-3.0577408389750675, 1.803995801475215]",2.3944766411404226
6725.0,24.0,0.7406473167841379,0.9221206633268648,0.23476181806451205,0.435547358564772,0.5422651376553436,"[-0.35534276245495655, 0.8248663985839806]",0.571382753102573,0.6610457023348238,0.9312662111012402,"[-1.98270289314816, 3.125468399353306]",21.81747865071047
6726.0,24.0,0.35436522296064593,0.6089795892088777,0.43590629759372723,0.14029040592979763,0.24116978100206482,"[-0.1434349860254578, 1.0152475812129123]",-1.8786468760929615,0.004251678599788474,0.06842113342290614,"[-3.1666013894826808, -0.5906923627032423]",7.175902479704214
6727.0,24.0,0.390281298466657,0.6514459997774278,0.43949135396961664,0.16103145127273988,0.2688099270677505,"[-0.1750780577014454, 1.0540607656406786]",-3.0555718018338496,3.733269485740134e-05,0.002614538938208936,"[-4.5079694333067115, -1.6031741703609874]",11.671424549617594
6728.0,24.0,0.5832923937101224,0.8293502717358707,0.37607639470865045,0.29351796332548696,0.4171930921351808,"[-0.32562898190812944, 1.0777817713254303]",2.2585976466369795,0.016835710184243055,0.166075011232168,"[0.40660656860942623, 4.110588724664533]",15.372792481968068
6729.0,24.0,0.33039077911526965,0.5767995445448144,0.4216427827359122,0.12690887698686168,0.2215587936223144,"[-0.11976289182383776, 0.9630484572956621]",-0.16983156844485237,0.8025908402353313,0.9644549957475566,"[-1.5013106452207825, 1.1616475083310778]",0.6487088066651474
6730.0,24.0,0.8300608419597163,0.9545027190323622,0.2051027109890218,0.5400159050862252,0.621098966451074,"[-0.45090444037251154, 0.8611098623505551]",1.8674566251933475,0.2374244534362524,0.6795204734866984,"[-1.2305595632718016, 4.965472813658497]",16.866841130178475
6731.0,24.0,0.9252631022109643,0.9865118820973683,0.1186653048127461,0.6931281817873964,0.7390978109567713,"[-0.4707208918109849, 0.7080515014364771]",2.588631780810811,0.3153571125605086,0.7593477307019229,"[-2.4645551165767916, 7.641818678198414]",14.112154949740408
6732.0,24.0,0.33538262195059143,0.5830713177166054,0.5029243346587767,0.12974421980326922,0.2255636644702177,"[-0.1476638967860261, 1.1535125661035797]",1.9471047938590882,0.0024125889854324585,0.047774039315494225,"[0.6893142556094274, 3.204895332108749]",16.562607536145606
6733.0,24.0,0.49357170201268513,0.7546967920683259,0.4253301381093127,0.22722138206966813,0.34753958713623145,"[-0.26502099520815187, 1.1156812714267772]",0.19508521912992194,0.8201602118821081,0.966095377463714,"[-1.4868089512062754, 1.8769793894661193]",23.254829353231376
6734.0,24.0,0.6879051851407374,0.8936972557626415,0.25077730713472796,0.3829971047191203,0.4976573606017676,"[-0.31263583247170995, 0.8141904467411658]",-1.6330990909680363,0.1388347279385969,0.5344267759675758,"[-3.7956012826698653, 0.5294031007337927]",6.237979029274652
6735.0,24.0,0.9811918846286642,0.9949270942337054,0.08480449379269807,0.8454797362736043,0.8573624608098611,"[-0.7680585935742124, 0.9376675811596085]",1.9399706220496569,0.6972826291033593,0.93921592772905,"[-7.834729147625854, 11.714670391725168]",16.589858065145712
6736.0,24.0,0.5323549544547778,0.788907757046203,0.32900562105980913,0.25498102294604486,0.3777359114324835,"[-0.23747059969501005, 0.8954818418146283]",2.342624738106931,0.0075970116171269544,0.10062267042552257,"[0.6226380202289654, 4.0626114559848965]",15.051832634902205
6737.0,24.0,0.2125104299669065,0.4004342000507001,0.5232298053489751,0.0683877104634719,0.1288389420939561,"[-0.03948258677631966, 1.08594219747427]",2.393182139090441,1.3672288165045598e-05,0.001302122682385295,"[1.3146613096328301, 3.4717029685480516]",14.858717588268492
6738.0,24.0,0.2951894170184204,0.5278780704907374,0.43671140244589474,0.10843055966914696,0.19390300370019126,"[-0.09648819378114154, 0.9699109986729311]",2.3719276742640343,0.00014294216768196986,0.007111550630943774,"[1.1495066893955446, 3.5943486591325238]",14.939903663625984
6739.0,24.0,0.5118301194858127,0.7697851097696085,0.4315902898888578,0.23991728100236043,0.36096266174788816,"[-0.28820723438057766, 1.1513878141582932]",1.4807357797097431,0.07071682462419127,0.38855398145160036,"[-0.12508632129890485, 3.086557880718391]",18.344005949907903
6740.0,24.0,0.816100355773366,0.9509442504933187,0.2414009529266998,0.5218637795136638,0.608091097079543,"[-0.49732750333423514, 0.9801294091876348]",1.6166730519341277,0.2819785791567827,0.7318416277103107,"[-1.328456045446635, 4.56180214931489]",17.824763818109354
6741.0,24.0,0.9139290750930288,0.9842673633976802,0.11028300099082317,0.670843438958566,0.7226258386934237,"[-0.3983180092049516, 0.6188840111865979]",-1.1928146929209529,0.6021397196085135,0.91161020243821,"[-5.677290850947863, 3.291661465105957]",4.556216509704261
6742.0,24.0,0.5651948830004889,0.8160480551551963,0.38309338197584664,0.27936372919980434,0.4034133273643384,"[-0.31101282316498047, 1.0771995871166737]",2.0322596628435887,0.02444704953289819,0.20788307425933836,"[0.2619917177428013, 3.802527607944376]",16.23733989629218
6743.0,24.0,0.5480699334344719,0.8019753196290194,0.3099111843626372,0.2665608630506755,0.38999394740406074,"[-0.2368082135011963, 0.8566305822264707]",-0.7983901782864171,0.37458798273705873,0.8058196345601851,"[-2.560744607595898, 0.9639642510230639]",3.0496258413672694
6744.0,24.0,0.6917088133523763,0.896576556516366,0.2371717721649173,0.3868490232220877,0.5014245278316107,"[-0.3000101669882123, 0.774353711318047]",-1.0393480652680562,0.3594679047489281,0.7958303853764245,"[-3.2623188593616135, 1.183622728825501]",3.9700171723298165
6745.0,24.0,0.5725977634650529,0.8228161567251802,0.38220403077157,0.284836631355904,0.4093656673697959,"[-0.3182111240054997, 1.0826191855486398]",-1.5132760250457729,0.09265801748873867,0.4414388636909894,"[-3.2771151229226003, 0.2505630728310546]",5.780288631563749
6746.0,24.0,0.9648409764242489,0.9923284751869268,0.09434583450560585,0.788884420679789,0.8113590668310079,"[-0.5962530577977326, 0.7849447268089443]",1.6843392856288188,0.6396218893482406,0.9259147211178932,"[-5.366173874258594, 8.734852445516232]",17.56629784435924
6747.0,24.0,0.34308754281279064,0.5939881281384879,0.6109620762007292,0.13398996317208683,0.2320172522460378,"[-0.18811855715547043, 1.4100427095569288]",-1.9199559419089836,0.0030446237570715567,0.05535679558311921,"[-3.189883467875381, -0.6500284159425858]",7.333691488163295
6748.0,24.0,0.6717170597598336,0.8871065237187449,0.3078028725341865,0.3683087214070746,0.48628136395483057,"[-0.3627748996623784, 0.9783806447307514]",0.60084127666582,0.593967920273735,0.9090257716643009,"[-1.608197604869241, 2.809880158200881]",21.704955379319752
6749.0,24.0,0.18497817266559743,0.3549082361197188,0.5729646489305116,0.056326594501298406,0.10807097947294399,"[-0.015450308202535457, 1.1613796060635586]",-0.8497602675327061,0.10314490953625412,0.4676117472540644,"[-1.8716678693768818, 0.17214733431146967]",3.2458451285021184
6750.0,24.0,0.1309602152389162,0.25953272936765004,0.5906555363673298,0.034591642098366834,0.06855260027421092,"[0.042806430922398886, 1.1385046418122609]",-1.4402398563689545,0.0015850329649215085,0.03610553450846261,"[-2.333919384220118, -0.5465603285177913]",5.501311017097931
6751.0,24.0,0.4635662473180068,0.7268207076168184,0.429975238323554,0.2070936209285953,0.3246999387403501,"[-0.23801587284793324, 1.0979663494950413]",-1.92333974371987,0.012467584288403999,0.13566468213714908,"[-3.4320396287511636, -0.4146398586885762]",7.346616658994796
6752.0,24.0,0.7635512578587815,0.9305926360253278,0.2742087499069444,0.46017755879625033,0.560850163066728,"[-0.45348199000265904, 1.0018994898165479]",0.6595093667342145,0.62949437771266,0.9216640993393094,"[-2.019825370827864, 3.338844104296293]",21.48085978245226
6753.0,24.0,0.3850398604489452,0.6451740289023881,0.43683687254720976,0.15792627780702695,0.26462177916727037,"[-0.16949157301465195, 1.0431653181090714]",1.4772713006908589,0.03028019822755513,0.238110888689756,"[0.14077253911042575, 2.813770062271292]",18.35723928497415
6754.0,24.0,0.8210220949002578,0.952702964066887,0.22516760781272474,0.5282296103016064,0.6130087156801746,"[-0.4745514617689772, 0.9248866773944266]",0.28444674081038723,0.8621157786463611,0.9726270526004133,"[-2.9254827714559504, 3.494376253076725]",22.913493483687546
6755.0,24.0,0.9267560263107197,0.9869873200570806,0.13717037897668194,0.6961450172333488,0.7413710342080728,"[-0.5512513048717482, 0.8255920628251121]",-2.032477668672845,0.41657693596079837,0.8288815882747501,"[-6.93610821967106, 2.8711528823253696]",7.763492824636195
6756.0,24.0,0.3543086015809639,0.6089795892088777,0.38272393537099253,0.14025231631905705,0.24114909958572395,"[-0.12588648067533886, 0.891334351417324]",1.2740199630996,0.05239364973177487,0.33035088103262844,"[-0.013186781558255811, 2.5612267077574558]",19.13360220659867
6757.0,24.0,0.2796352894279704,0.5053579204447335,0.6185308245437297,0.10039289647932986,0.18137831342245683,"[-0.11934724619781534, 1.3564088952852746]",2.655248136060614,1.9637851725863085e-05,0.0017226185724441303,"[1.436173773441919, 3.8743224986793092]",13.857699216249882
6758.0,24.0,0.24170826067086484,0.4457917017168293,0.6075761033317361,0.0818397051511341,0.15091223520400904,"[-0.07676412933809118, 1.2919163360015633]",1.025360371719037,0.06933800463126437,0.383582200383129,"[-0.08115718117267523, 2.131877924610749]",20.083411881368928
6759.0,24.0,0.8856398729288298,0.9750468729575443,0.14080312258747926,0.6213092378078694,0.6840748092884239,"[-0.4178435745422281, 0.6994498197171867]",2.7169734152493534,0.19070504207136874,0.6232250971006521,"[-1.352713446803432, 6.786660277302139]",13.621926017131118
6760.0,24.0,0.6401346374732195,0.8701028102123414,0.35225541841862307,0.3403337256504716,0.462472789306253,"[-0.3718175163609142, 1.0763283531981602]",-2.4319807199624357,0.021139684342513468,0.19005285381269085,"[-4.499486764940237, -0.3644746749846344]",9.289482074068994
6761.0,24.0,0.907690342771726,0.9823142978726804,0.12793097124098252,0.6591487995026017,0.7134203941623226,"[-0.4405263672927746, 0.6963883097747396]",3.1371376381161147,0.1830173878951854,0.6131235775383096,"[-1.4806440170380677, 7.754919293270297]",12.017016905620485
6762.0,24.0,0.9964677432784647,0.9987202807390857,0.031742431098973505,0.9329739659288868,0.9354060215850079,"[-0.707987282941364, 0.771472145139311]",1.2028239600827693,0.9170993889139918,0.9868519909818365,"[-21.446166114431797, 23.851814034597332]",19.405550906003008
6763.0,24.0,0.5390277163401344,0.7950974618964063,0.3632707741199495,0.25984726426675553,0.3831425306204004,"[-0.2686318146739444, 0.9951733629138435]",-0.6712524877911239,0.453387092937115,0.8510636664122461,"[-2.4259409853187996, 1.083436009736552]",2.5639956358725478
6764.0,24.0,0.2975989757334717,0.5310474227934898,0.36808085036481647,0.10954748441062803,0.19548087867706643,"[-0.08274499200539748, 0.8189066927350304]",2.7531448063209965,1.815545361007623e-05,0.0016356264513582189,"[1.494277900116748, 4.012011712525245]",13.48376148062963
6765.0,24.0,0.038791869330147576,0.08531310607026078,0.6037431805436994,0.0059966144748939566,0.01317937247229441,"[0.17312842915815502, 1.0343579319292437]",-0.9739159703095055,0.006638443374020648,0.09194519908615856,"[-1.6771284104540145, -0.2707035301649966]",3.720084979941537
6766.0,24.0,0.9213315667719759,0.9861488829547715,0.13948351919881857,0.6851626171083308,0.733421769544349,"[-0.5348221144839433, 0.8137891528815804]",-1.201831011887605,0.6161424381584731,0.9174210890671123,"[-5.900470941812674, 3.4968089180374644]",4.590656311273122
6767.0,24.0,0.8945987045492726,0.9782380585557929,0.1193826426771869,0.6363327953084037,0.6958259106707531,"[-0.3754770726878635, 0.6142423580422374]",-2.2689580114788104,0.2801316665732637,0.7302445122759946,"[-6.386530945427198, 1.8486149224695776]",8.666781196675442
6768.0,24.0,0.4090979326107724,0.6724160628053457,0.4315042802837314,0.17256238607874685,0.28358650136195046,"[-0.1885269839494102, 1.051535544516873]",-2.021226649504672,0.00474824991614298,0.073049998709892,"[-3.4242168179461476, -0.6182364810631962]",7.72051709706572
6769.0,24.0,0.1326965251451982,0.26276539632712514,0.7431317286088731,0.03530003934176135,0.06988722894825054,"[0.05116934199564138, 1.4350941152221048]",-0.4007233032795856,0.4115279376241133,0.8270255981191988,"[-1.3571234753960884, 0.5556768688369171]",1.5306502686974104
6770.0,24.0,0.9872174918874904,0.9961904215642817,0.05882761152177209,0.8725652273206461,0.8804967378926856,"[-0.6599959808961502, 0.7776512039396943]",-0.35766328847047113,0.9555589918694799,0.9927885629812778,"[-12.93688800863074, 12.221561431689798]",1.3661731277418716
6771.0,24.0,0.4348871722543136,0.6983895491477655,0.46612982120649876,0.1884506094419497,0.3026346706952781,"[-0.22852804379189934, 1.160787686204897]",1.3962361672904962,0.056922306014947056,0.3464556430459154,"[-0.041109615881229855, 2.8335819504622224]",18.66677069404884
6772.0,24.0,0.8404186435451103,0.9587751665643991,0.14847525111981907,0.5540395177311945,0.6321048921930735,"[-0.3433235467682216, 0.6402740490078598]",0.47429700321442514,0.7837558682843919,0.9607862641660785,"[-2.913133083129176, 3.8617270895580265]",22.18831889867404
6773.0,24.0,0.8789813114797396,0.9730838056604282,0.1919715511688734,0.6104723743078548,0.6759276878203131,"[-0.5466579172106185, 0.9306010195483654]",-1.4740935122492402,0.4355084685114128,0.8422274456758182,"[-5.179106754445141, 2.2309197299466605]",5.630622457299839
6774.0,24.0,0.6078969891605966,0.846426670429624,0.3378843576364261,0.31296080848809493,0.4358628015691191,"[-0.3184310547627178, 0.99419977003557]",-0.19932226296033928,0.8460858481858807,0.9708072590103425,"[-2.211863726522102, 1.8132192006014236]",0.7613549620416143
6775.0,24.0,0.6245618014366241,0.8587402742150752,0.2934519192749988,0.32673670598112914,0.449307901514204,"[-0.2930173779372949, 0.8799212164872925]",-1.4727326062601076,0.13364698150480966,0.5272070276323853,"[-3.3972291989676426, 0.45176398644742766]",5.625424179333748
6776.0,24.0,0.22272411838666967,0.41646245023685424,0.48952160135118794,0.07296630891980459,0.13643662849626884,"[-0.04557185663094743, 1.0246150593333234]",2.6445550732446113,3.4276870049289407e-06,0.000445154156484278,"[1.5282902308554367, 3.760819915633786]",13.898543707544897
6777.0,24.0,0.2496017326870845,0.45857382452155887,0.5011554220334572,0.08554540827476736,0.15716591636003557,"[-0.0701244735504245, 1.072435317617339]",-0.3971752989109465,0.5062225572734221,0.8752594956712603,"[-1.5682494208995468, 0.7738988230776538]",1.517097890296277
6778.0,24.0,0.5900546863168693,0.8334105738938833,0.33868007895632407,0.29852192225029894,0.42164113312189117,"[-0.29983036889455056, 0.9771905268071988]",3.1168503807688257,0.0018200218370952534,0.039797918574525824,"[1.1576910540530185, 5.076009707484633]",12.094508520546846
6779.0,24.0,0.20464028571349505,0.3883854350227653,0.49990545075241277,0.06487124112245202,0.12311869637967739,"[-0.03082046530226734, 1.0306313668070928]",-2.414939332896577,9.06840950817583e-06,0.0009446259904349823,"[-3.481389162674018, -1.348489503119136]",9.224388770340827
6780.0,24.0,0.821824013630793,0.952756738845726,0.19271812826717263,0.5291740030124337,0.6135350759564449,"[-0.4075363646779211, 0.7929726212122663]",-0.028974919180297043,0.9860011791641465,0.9971100704756963,"[-3.265631691967782, 3.207681853607188]",0.11067603871757863
6781.0,24.0,0.08376708726928622,0.17253776986464722,0.8013876427034446,0.018387769075240524,0.037873880690505714,"[0.13519582194049018, 1.4675794634663992]",-0.3909359784497859,0.3697752770051026,0.8020186876808832,"[-1.24523995393016, 0.4633679970305882]",1.4932654416660023
6782.0,24.0,0.47792037702755724,0.7408469648543748,0.3836760859230151,0.21657103492534635,0.33576674499295234,"[-0.22488007188377773, 0.9922322437298079]",-0.20408509869541103,0.8076672800403412,0.964880279922775,"[-1.8472218594258776, 1.4390516620350555]",0.7795476544505276
6783.0,24.0,0.9350754060549986,0.9878137795754037,0.13409772758550229,0.7138324136563476,0.7546242407408303,"[-0.5826100217222804, 0.850805476893285]",0.90745745305078,0.7369573117706532,0.9523631024368666,"[-4.387753645480932, 6.202668551582492]",20.533767856833283
6784.0,24.0,0.1931145347263532,0.3688207309517823,0.5803572135915926,0.0596845786079036,0.11398888198606494,"[-0.023683600359858503, 1.1843980275430437]",1.3014027654592422,0.011309810631348758,0.12735908489290823,"[0.2944051829484873, 2.308400347969997]",19.02900760616878
6785.0,24.0,0.8063231202610608,0.9473744041918614,0.1983871848910782,0.509960135953734,0.599177694693613,"[-0.39173555800342363, 0.78850992778558]",0.7223895392064721,0.6357231714075273,0.9241223256083614,"[-2.26662572617676, 3.711404804589704]",21.240675215937923
6786.0,24.0,0.5012830705422812,0.7620600038648239,0.37710240840612413,0.23258276409696355,0.3536304760482949,"[-0.24205419663189726, 0.9962590134441456]",-1.3311087246176756,0.10014084991884888,0.4588777997519013,"[-2.9178809563905057, 0.2556635071551545]",5.084460799575637
6787.0,24.0,0.6409615779424003,0.8701947430839957,0.3544825717904832,0.34102979059185157,0.4629782658048487,"[-0.3752195201026501, 1.0841846636836165]",2.492946193047514,0.0188197078781692,0.17671087209548544,"[0.41294960747725806, 4.57294277861777]",14.477646972344779
6788.0,24.0,0.6195484394251012,0.8550213075146303,0.31546985984206705,0.3225634029558445,0.4451606444325759,"[-0.30958790548623166, 0.9405276251703658]",2.9790588119018944,0.00449190276840415,0.07051652697651727,"[0.9241235405992287, 5.0339940832045595]",12.62083354378427
6789.0,24.0,0.9865882694135897,0.9961904215642817,0.062027294484262856,0.8695165588596232,0.8781221559883087,"[-0.6780308219235706, 0.8020854108920962]",2.196932002053625,0.7149105113882803,0.9463672813293932,"[-9.591382748797553, 13.985246752904803]",15.608337893673399
6790.0,24.0,0.38436382863504165,0.6443757273525214,0.4827485521707809,0.15760259589086023,0.2642565323455067,"[-0.18678349490980034, 1.152280599251362]",-1.29225744157384,0.059184879494340585,0.3529782685976294,"[-2.6346120010904697, 0.05009711794279004]",4.936059829770306
6791.0,24.0,0.8301310147424454,0.9545027190323622,0.19093662318919086,0.5401697711224991,0.621098966451074,"[-0.41999320366550147, 0.8018664500438832]",1.169919682797997,0.46168582079372367,0.8550833639977362,"[-1.9452579248536268, 4.28509729044962]",19.531235987092717
6792.0,24.0,0.936949590003391,0.9880486751993395,0.11751078490423504,0.7177716540283435,0.7571430949666071,"[-0.5197121208249653, 0.7547336906334354]",1.5578403042520677,0.5584500973267505,0.8959434689226791,"[-3.6601995216651115, 6.775880130169247]",18.04948836073203
6793.0,24.0,0.5415043851706374,0.7966814553047482,0.32410348082536244,0.26136432251513386,0.38452894293825784,"[-0.24146526317731565, 0.8896722248280405]",-0.1400630860521872,0.8794993981239406,0.9766268042296392,"[-1.950825857642613, 1.6706996855382386]",0.5350015797578662
6794.0,24.0,0.9354761974214016,0.9878137795754037,0.11859631988447675,0.7145218561717839,0.7549095152369613,"[-0.5168627645854048, 0.7540554043543582]",-0.05230013387265764,0.9853097364613356,0.9971100704756963,"[-5.619500183804789, 5.514899916059473]",0.19977179592483202
6795.0,24.0,0.7351142533893736,0.9189882477838814,0.3232921746139045,0.4297546202682586,0.5371932753353232,"[-0.4791795761527516, 1.1257639253805607]",-0.5046862936882919,0.6962201119196043,0.9389579466300795,"[-3.0382316500418383, 2.0288590626652545]",1.927759640429272
6796.0,24.0,0.07470441842519607,0.15508494586920504,0.6178868563555837,0.01556630390073551,0.03231534959671063,"[0.11723707054395516, 1.1185366421672123]",-0.05460576886613744,0.898837211872299,0.9817992483586008,"[-0.896460766432802, 0.7872492287005272]",0.20857867287310305
6797.0,24.0,0.4231534286959592,0.6869373842466869,0.478852969484072,0.18115740966402583,0.29408670400004194,"[-0.2230126278553834, 1.1807185668235274]",-1.2469844193034154,0.08553718180746016,0.4251236536262876,"[-2.6684165070456434, 0.17444766843881232]",4.763129622977166
6798.0,24.0,0.8126949927230283,0.9485141600090665,0.1875816944491763,0.5176304204334109,0.6042143345785116,"[-0.38065946173888154, 0.7558228506372341]",0.22962909407662035,0.885868665067428,0.9784279490473029,"[-2.9059733693147005, 3.3652315574679412]",23.122881470399808
6799.0,24.0,0.3644554741074689,0.6201386321379427,0.5150041285139424,0.14600284037717415,0.24843090076088847,"[-0.17930887178707033, 1.2093171288149551]",-0.2452580408302456,0.7303523125112452,0.9506810952450392,"[-1.6399694369959383, 1.1494533553354471]",0.9368167087480196
6800.0,24.0,0.9279194252452249,0.9875819739801486,0.14827282477389597,0.6985024992610325,0.7434832349771501,"[-0.6019914180991417, 0.8985370676469338]",-1.2115669536581741,0.6290372524367152,0.9216098943702877,"[-6.127141911432956, 3.7040080041166075]",4.627844869475705
6801.0,24.0,0.7586901861258524,0.9291618323620164,0.2620407963064661,0.45486863830927193,0.5569592730614326,"[-0.4251995976165113, 0.9492811902294436]",-0.819553699785736,0.5391615815884578,0.8896052435427867,"[-3.4353240276280674, 1.7962166280565954]",3.130464538803626
6802.0,24.0,0.4675002462914041,0.730427300798314,0.3115305723764191,0.20988991753512898,0.32769698288076343,"[-0.17543345231061674, 0.7984945970634549]",-0.7474746089583153,0.3500423600924034,0.788972827902179,"[-2.315170848757841, 0.8202216308412107]",2.8551426924335375
6803.0,24.0,0.34342694679498714,0.594267082185477,0.4599891519542118,0.13433304831035883,0.2324503345048604,"[-0.14216369458796846, 1.062141998496392]",-2.2420985859538423,0.000708480422843286,0.020899127517501063,"[-3.539816858501446, -0.9443803134062385]",8.564185748493667
6804.0,24.0,0.2554457770883663,0.4672503696513011,0.4832197981947597,0.08825387975854804,0.16143018064486564,"[-0.07236405338861274, 1.038803649778132]",-0.07567122505709811,0.9011723866503578,0.9825254978743544,"[-1.2700045846938766, 1.1186621345796803]",0.2890427884237549
6805.0,24.0,0.32187168461932014,0.5654808232946594,0.521398199397078,0.12236954712622364,0.21498514955415254,"[-0.14008099939003382, 1.1828773981841898]",1.9137906950227812,0.0023193520279620188,0.04676112959600844,"[0.6823381248052385, 3.1452432652403237]",16.68985802025241
6806.0,24.0,0.8609584476766882,0.966688538411436,0.18045838697841177,0.5830602468455625,0.6546825138620733,"[-0.46388293828563143, 0.824799712242455]",-1.881787341705035,0.2865319345534467,0.7373441445019215,"[-5.342448081481809, 1.5788733980717384]",7.187898174722733
6807.0,24.0,0.7725349781021104,0.9345665441914526,0.23284363139429426,0.47002467097602696,0.5688613289028808,"[-0.39885702108850557, 0.864544283877094]",2.778735180666932,0.051114335482958684,0.3260241270234306,"[-0.013455984373761165, 5.570926345707624]",13.386013450884166
6808.0,24.0,0.6727142386608964,0.8871149670238285,0.31624060217072975,0.36926270691160445,0.4868730162294571,"[-0.3740935775982778, 1.0065747819397373]",-0.7429256071121397,0.5061358567303476,0.8752594956712603,"[-2.9330003651706336, 1.447149150946354]",2.8377667853146655
6809.0,24.0,0.6072690602877304,0.8462500840130023,0.346693070918909,0.3124516148142864,0.4355297154337871,"[-0.3260243593427091, 1.019410501180527]",-2.9343957178491675,0.0042173499709274136,0.06813166350448165,"[-4.94433846965152, -0.924452966046815]",11.208566003601256
6810.0,24.0,0.491646908505238,0.7532509705917543,0.44014786402046013,0.22618804842327989,0.3463829225471361,"[-0.2726663350396352, 1.1529620630805555]",0.8395400156369828,0.30759837663462486,0.7539175897907473,"[-0.7732303485293199, 2.4523103798032855]",20.79319335811025
6811.0,24.0,0.9849157786841785,0.9956379447802175,0.054162707269262055,0.8616116862157742,0.8711067497884686,"[-0.5548045736260936, 0.6631299881646178]",-1.0835606063164205,0.8469475848503201,0.9708072590103425,"[-12.0865649318411, 9.919443719208257]",4.138896639237828
6812.0,24.0,0.979429674211958,0.9948681677324512,0.06457574780082309,0.8384179028895439,0.8517910219339062,"[-0.5560972555040077, 0.6852487511056539]",1.21230330804402,0.7991216438317079,0.9642437759616215,"[-8.12451387837097, 10.549120494459011]",19.3693424639553
6813.0,24.0,0.9661741007711795,0.9924001547942788,0.07132530255765038,0.7930384614401964,0.8145423802795773,"[-0.4614970009137518, 0.6041476060290525]",0.6413623874523235,0.8678078796034119,0.9734244302898619,"[-6.911029680067706, 8.193754454972353]",21.55017613736984
6814.0,24.0,0.7304818124221742,0.9159479863222322,0.31777771370841673,0.4250463309235881,0.5329316365563841,"[-0.46301105037568785, 1.0985664777925213]",0.9590645830352234,0.4382656158648963,0.8451378487968474,"[-1.4660039988159772, 3.384133164886424]",20.33664314077384
6815.0,24.0,0.24407185223347302,0.44968897864213536,0.6918111014499134,0.08291936459492774,0.152762278177833,"[-0.09015573265651389, 1.4737779355563407]",2.0109019175026575,0.0003523903678667227,0.013051495106174916,"[0.9079447261256934, 3.1138591088796215]",16.31892047415555
6816.0,24.0,0.16358042758402314,0.3179405783946028,0.7987511933101183,0.04735245898746893,0.0920358775266646,"[0.009332254259803552, 1.5881701323604331]",1.9794421244225333,5.5730455378948095e-05,0.003549710533690962,"[1.0168001962821283, 2.9420840525629384]",16.439088032011952
6817.0,24.0,0.7626316491529094,0.9298352270236534,0.24222414049588462,0.4591814749488502,0.5598408619225191,"[-0.39916140476551976, 0.8836096857572889]",-0.8408325552686575,0.5319484094140764,0.8855475435559786,"[-3.4774894149644786, 1.7958243044271636]",3.2117437796063073
6818.0,24.0,0.4561570088877022,0.7195202810067074,0.3903811019057538,0.2024202570206629,0.31917416748764255,"[-0.2098707645965917, 0.9906329684080993]",0.7284395842362974,0.3552357448199587,0.7927468702776888,"[-0.8159023468708699, 2.272781515343465]",21.217565746199718
6819.0,24.0,0.8841092224658997,0.9749770869716582,0.11719084340302643,0.6187260378646358,0.6823180832208158,"[-0.34435189487767826, 0.5787335816837311]",1.7995552193338407,0.3539188459170105,0.7919419241821671,"[-2.0051989091397058, 5.604309347807387]",17.126205395428784
6820.0,24.0,0.5149467542257766,0.7731933246633282,0.4316197660514541,0.2421216228189903,0.3635459802086941,"[-0.2916075787378963, 1.1548471108408045]",1.6470796925702942,0.04536276793586415,0.3016468940219791,"[0.03399955083942885, 3.2601598343011595]",17.7086190062678
6821.0,24.0,0.8504136662187955,0.9627687832206449,0.16442694136864994,0.5677933753316422,0.6428819919968775,"[-0.39966976350125855, 0.7285236462385585]",0.20193505348283036,0.9113341694128143,0.9852029688965565,"[-3.3523051106004704, 3.756175217566131]",23.22866491331235
6822.0,24.0,0.5512114762513413,0.8042578700018354,0.3261691265387624,0.2688925701466722,0.3922575786238836,"[-0.2520420112508106, 0.9043802643283354]",2.4634441581393554,0.00690447160721966,0.09471154468065376,"[0.6761370261021449, 4.250751290176566]",14.590336444830452
6823.0,24.0,0.8225126583485189,0.952756738845726,0.2766380981868612,0.5303379185966232,0.614511623143819,"[-0.5874401888165621, 1.1407163851902844]",-2.5095689191636854,0.11957823985750442,0.5039445290928164,"[-5.669555018972222, 0.6504171806448507]",9.585847164352456
6824.0,24.0,0.8627863305979131,0.9678801492072232,0.2040946785365065,0.5859420185461619,0.6573278197735718,"[-0.5302529759313048, 0.9384423330043179]",-0.7695725147461658,0.6754381832592133,0.9340458733357723,"[-4.372028094637719, 2.8328830651453876]",2.9395504749483075
6825.0,24.0,0.28150858700012477,0.5076800486927407,0.4335426796488825,0.10126464061940826,0.18262333745610146,"[-0.0849783313422523, 0.9520636906400173]",0.33320610833994646,0.596266857607507,0.9098026124541037,"[-0.8995248558163007, 1.5659370724961936]",22.727246418942812
6826.0,24.0,0.8127352547937055,0.9485141600090665,0.2701718634760654,0.5176231886150036,0.6042143345785116,"[-0.5482455261344537, 1.0885892530865844]",-1.621825004328623,0.2755852432805582,0.7256062224343292,"[-4.537303854541683, 1.2936538458844367]",6.194915190454438
6827.0,24.0,0.9477228650227583,0.9903030923991356,0.14315569948314621,0.743008838615026,0.7764611256190397,"[-0.7126064891806744, 0.9989178881469668]",-2.4837406106618194,0.41996480906440037,0.8307712672074292,"[-8.519883172545521, 3.5524019512218827]",9.487190293077871
6828.0,24.0,0.7558176217590409,0.927497388340951,0.2161336537117765,0.4515078386544912,0.5540653315185804,"[-0.3465069970803909, 0.7787743045039439]",1.2938709975038618,0.31414370960568905,0.7588577568377879,"[-1.2255289049062856, 3.8132708999140092]",19.057776840576455
6829.0,24.0,0.35687597308758584,0.6120321953139871,0.41247401394863553,0.14161923243912883,0.24295630886795133,"[-0.13756062912846362, 0.9625086570257346]",-3.07446893596146,1.362984917172494e-05,0.001302122682385295,"[-4.459803959912604, -1.6891339120103162]",11.74360628497791
6830.0,24.0,0.6162534486228723,0.8529459496510343,0.31414709257501977,0.3198407165903301,0.442805345032091,"[-0.30479752986197167, 0.9330917150120113]",1.3734690432705907,0.15686041253422517,0.5698539169342354,"[-0.5280148409257104, 3.2749529274668916]",18.75373470191494
6831.0,24.0,0.8822603405276348,0.9742274078264519,0.18329006232750417,0.6157724984782966,0.6799607977896386,"[-0.5325440935020664, 0.8991242181570747]",0.2928065603718304,0.8868364825987468,0.978668406393285,"[-3.7399186629232837, 4.3255317836669445]",22.881561325130104
6832.0,24.0,0.5159759834830623,0.7743898896639085,0.42466760259200725,0.24288162867914342,0.36452293063056196,"[-0.2880596847932974, 1.1373948899773119]",1.405244419758234,0.08877779074338712,0.4334853063641949,"[-0.21309988498990307, 3.0235887245063715]",18.632361704236196
6833.0,24.0,0.5437978032698599,0.7984111044925266,0.40811968550748406,0.2630365316003578,0.38630713996234073,"[-0.3065597560184549, 1.122799127033423]",1.5207239295685238,0.0769788996602636,0.40478983322809736,"[-0.16464771113749532, 3.2060955702745426]",18.191262468744917
6834.0,24.0,0.8279097845395346,0.9543104993661536,0.23641525443456718,0.5371438021545846,0.6191615791675127,"[-0.5144143711176148, 0.9872448799867493]",0.22178645947923226,0.8948278919675344,0.9799823477491091,"[-3.0664201817266963, 3.509993100685161]",23.152838127912716
6835.0,24.0,0.10914787395859399,0.21983459004752062,0.5901210899775272,0.02685037991657858,0.05407774692998014,"[0.0676368570553173, 1.112605322899737]",-0.8055973918238433,0.07408111295777547,0.3971148072314446,"[-1.689607915875043, 0.07841313222735646]",3.0771553692168743
6836.0,24.0,0.7045889195621193,0.9035131154694851,0.25737186271923396,0.39924414526345653,0.5119388718822044,"[-0.341034283734179, 0.8557780091726469]",2.519534433050443,0.03591903663579821,0.26314312553698316,"[0.16559408566883516, 4.87347478043205]",14.376087376554864
6837.0,24.0,0.8243924996779739,0.9530427085657405,0.20014193679301207,0.5325287256474145,0.6157825227190269,"[-0.42834584478630455, 0.8286297183723287]",1.4022030880330902,0.3641163805079325,0.7986341840478475,"[-1.6260263313358365, 4.430432507402017]",18.643978735699527
6838.0,24.0,0.5254309789657208,0.782590078888473,0.40870327591841454,0.24964492588462728,0.37190142554986205,"[-0.2871229712822056, 1.1045295231190346]",-1.4181819158992415,0.09033003574898674,0.43616627594875296,"[-3.059353442776949, 0.22298961097846637]",5.4170558908535735
6839.0,24.0,0.584399234326987,0.8294056689284517,0.373330563238658,0.2940885444928891,0.41744338922725627,"[-0.3240752654769059, 1.0707363919542219]",-1.748159247245857,0.05723012545136471,0.3468492451597861,"[-3.5500212834284666, 0.05370278893675251]",6.677476452263639
6840.0,24.0,0.8881342108640409,0.9754828927651178,0.12554663770848268,0.6252607527382561,0.6869487505364272,"[-0.3782673871909163, 0.6293606626078816]",1.5037977591206912,0.4454531874254254,0.8480769362464472,"[-2.35901131896575, 5.366606837207133]",18.25591567741024
6841.0,24.0,0.588008783229044,0.8318132454789137,0.255833544651689,0.29693739079718307,0.420174601382741,"[-0.22490779498836516, 0.7365748842917432]",-0.17052487502340075,0.8638091269351961,0.9730053822856072,"[-2.1190340401833945, 1.777984290136593]",0.6513570427224459
6842.0,24.0,0.8318872245231501,0.9548988819733071,0.1994714002706242,0.5423485162820343,0.6226588836408568,"[-0.44221404624596233, 0.8411568467872108]",-3.0758764747499714,0.071250000906152,0.38957819047970865,"[-6.417897314838022, 0.26614436533807906]",11.748982687116753
6843.0,24.0,0.9129562099021293,0.9839575417032704,0.14836659111776998,0.6690223428753349,0.7210320695449358,"[-0.5318670025351673, 0.8286001847707072]",-1.1641873732514716,0.609343698863885,0.9143882220641197,"[-5.629389727045527, 3.3010149805425835]",4.446868203315386
6844.0,24.0,0.47654066825175945,0.7396254357469494,0.4210452791873103,0.21589860429244934,0.33509018204632834,"[-0.24580591492651027, 1.087896473301131]",-2.5090032245539073,0.002146433033489767,0.044717354864370146,"[-4.111238095517562, -0.9067683535902524]",9.583686370110216
6845.0,24.0,0.5508926627581536,0.8040850013860587,0.4180433426113357,0.2684418142442627,0.3917714743786671,"[-0.3223388573078749, 1.1584255425305463]",0.31973976047514086,0.7315339290598407,0.9512605204558294,"[-1.5068542074444897, 2.1463337283947714]",22.778684078816706
6846.0,24.0,0.516188247509071,0.7744759902611718,0.506348718611471,0.2430972517975386,0.36479179441407356,"[-0.34385442352310414, 1.356551860746046]",-0.28491838511385037,0.7474692601797904,0.9550093072477082,"[-2.0192901187553227, 1.4494533485276218]",1.0883080648471097
6847.0,24.0,0.14878658703062084,0.29139558760403605,0.686100846495307,0.0415282210593635,0.08131627385816231,"[0.0263414344515841, 1.3458602585390298]",-0.8484219066915069,0.08227256225310067,0.41783932073692576,"[-1.8053906273812883, 0.1085468139982746]",3.2407329666576987
6848.0,24.0,0.11666946980360406,0.23329228115097791,0.7039299626528438,0.029390687767904156,0.058769621611486016,"[0.07052924672725625, 1.3373306785784314]",-0.14176067763483768,0.7660200928924428,0.9575323787835143,"[-1.0754301456176298, 0.7919087903479545]",0.5414859019593867
6849.0,24.0,0.2684732980828751,0.48795583075767923,0.47718110501771044,0.0948479536440765,0.17238813821169846,"[-0.08273244616643499, 1.037094656201856]",2.1655185550176093,0.00024316611592330333,0.009978687128566456,"[1.0088188336716029, 3.322218276363616]",15.728328422681495
6850.0,24.0,0.4572223677756204,0.7204268753797941,0.4667195014635638,0.20312079449679965,0.32002646052749273,"[-0.2520248023249345, 1.185463805252062]",2.361779354866087,0.0026595626625100922,0.05134290854266588,"[0.8211256268918412, 3.902433082840333]",14.978667388336191
6851.0,24.0,0.659594000011986,0.8805654487825544,0.3213181167987205,0.35741669872183024,0.4771033974816497,"[-0.36299443328457287, 1.0056306668820139]",0.7795469342319974,0.47331659776932555,0.8606438682574931,"[-1.35111605037654, 2.910209918840535]",21.02235004907628
6852.0,24.0,0.6069685962765685,0.8461851335237257,0.35745081465254813,0.31249257082374227,0.4355297154337871,"[-0.33619946854796734, 1.0511010978530635]",-2.4546087586732437,0.013870831005407354,0.14662612056455976,"[-4.409807470926533, -0.49941004641995446]",9.37591481518819
6853.0,24.0,0.3819499486372605,0.6415014253229098,0.3768294293339398,0.15610819581429655,0.26227855479552514,"[-0.14392149094496143, 0.897580349612841]",3.036941402285465,3.352006404254568e-05,0.002464710591363653,"[1.602007012525016, 4.471875792045914]",12.399738334700062
6854.0,24.0,0.4329211616948855,0.6961996097921522,0.36424852119829376,0.187370563434207,0.3012987811078567,"[-0.17725273003054576, 0.9057497724271333]",-0.45260571157258056,0.5600910459268387,0.8963105579420086,"[-1.974969424900726, 1.0697580017555648]",1.7288264704416205
6855.0,24.0,0.3929316318777386,0.6543407691552683,0.48785255143658585,0.16285765998948487,0.2711311063040298,"[-0.19731869915250827, 1.17302380202568]",-0.5671135223072028,0.43618403243126136,0.8423793596586738,"[-1.994606636235778, 0.8603795916213723]",2.1662140888667323
6856.0,24.0,0.951240529847522,0.991078205928571,0.08425834255187112,0.7516513518198666,0.7832965317005697,"[-0.4375830310598, 0.6060997161635423]",-2.8124143283378853,0.38794695056287454,0.8128805960587455,"[-9.197139804303124, 3.572311147627354]",10.742631417058732
6857.0,24.0,0.30442404580025456,0.5412945337842364,0.5135973939471136,0.11315189587889603,0.20119469395251782,"[-0.12182911824400866, 1.1490239061382357]",0.46424234123202357,0.4723312656217401,0.8595655425327391,"[-0.8018068189444911, 1.7302915014085383]",22.226724878408856
6858.0,24.0,0.8714559352733188,0.9711122638619929,0.1997816575462189,0.5989054777046254,0.6674931603685597,"[-0.5446733964821926, 0.9442367115746304]",1.112221676930199,0.5492751092665933,0.8928806760019607,"[-2.5279660144119016, 4.7524093682723]",19.75162613526244
6859.0,24.0,0.9143419642577321,0.9842673633976802,0.15784669916559277,0.6716854713212905,0.7230684062765595,"[-0.5720910486033409, 0.8877844469345265]",-0.5145618937621999,0.8306973912926097,0.9688562996181591,"[-5.231534317745997, 4.202410530221598]",1.9654816540555395
6860.0,24.0,0.417618269910912,0.6807143763829046,0.5290126006126734,0.1777792154627792,0.2897786723109685,"[-0.24037509893707354, 1.2984003001624203]",1.9864704702289195,0.006008389506457503,0.08614683717913112,"[0.5693053578426632, 3.403635582615176]",16.412241728567658
6861.0,24.0,0.06161727672480848,0.1296387055013854,0.6946710873151273,0.011783072305456164,0.02479081065738726,"[0.15407562741691572, 1.2352665472133388]",0.03016555646800878,0.9417175077094417,0.9896612992513393,"[-0.7785105531677742, 0.8388416661037917]",23.88477606184797
6862.0,24.0,0.9662007907077098,0.9924001547942788,0.10427303974643938,0.7929841783710291,0.8145423802795773,"[-0.6744701515845223, 0.8830162310774011]",-3.083468880700634,0.4360547345373246,0.8423793596586738,"[-10.842744968871752, 4.675807207470484]",11.777983541604952
6863.0,24.0,0.9225090841862752,0.9861488829547715,0.15660478872766476,0.6876109914969504,0.7350983445552174,"[-0.6067384722939193, 0.9199480497492489]",2.479796532696543,0.32325854027456424,0.7656907328213951,"[-2.440624175199689, 7.4002172405927755]",14.527874975020854
6864.0,24.0,0.9360224513173401,0.9878137795754037,0.12306085058170801,0.7158571486668255,0.7554423265795963,"[-0.5395602243904539, 0.78568192555387]",-0.4834123125544254,0.8633116057468095,0.9728956498773106,"[-5.986837944220985, 5.0200133191121346]",1.8464990182685064
6865.0,24.0,0.27445831691182354,0.49711703842025634,0.6327610616739877,0.09775570217531156,0.17702952222982896,"[-0.11622093765404884, 1.3817430610020243]",0.41839939265814774,0.49956472849673184,0.8731021700276606,"[-0.796171658389214, 1.6329704437055095]",22.401832043323413
6866.0,24.0,0.05189906893148371,0.11114801604902354,0.7326315196582197,0.009174241030148952,0.019649263290102706,"[0.18151434840042835, 1.2837486909160112]",-0.09994698114141354,0.8019896768683075,0.9644549957475566,"[-0.8811018237187418, 0.6812078614359147]",0.3817693462984418
6867.0,24.0,0.8096374654189883,0.9481259049426021,0.26510966668249947,0.5140372456022267,0.6018466755675292,"[-0.5311420532672733, 1.0613613866322722]",2.504149783377058,0.10611760497348482,0.47618722785685524,"[-0.5332082430409408, 5.541507809795057]",14.434852409593015
6868.0,24.0,0.6703077041689518,0.8860643809239284,0.27647722999359514,0.3667628571400394,0.4848795044157052,"[-0.32391415713109895, 0.8768686171182892]",-1.7562490739291619,0.10038606116684366,0.4594327742189641,"[-3.8513291747244116, 0.3388310268660879]",6.708377313993352
6869.0,24.0,0.344719326889525,0.5960908298279872,0.47962970571569036,0.13505888255730866,0.23354466982069627,"[-0.1494037013460761, 1.1086631127774569]",0.696199802973406,0.30143705650970054,0.7501149821647681,"[-0.6242800408430684, 2.01667964678988]",21.340712639452292
6870.0,24.0,0.5804412324007162,0.8280770846332681,0.3656949145610123,0.2912527453777989,0.41524486081807654,"[-0.3134449342595293, 1.0448347633815538]",-2.183456234416745,0.019565245254131065,0.18115967827899135,"[-4.016544466740351, -0.35036800209313923]",8.340188465573789
6871.0,24.0,0.6602006445354067,0.8809347560636325,0.38444393412649647,0.35761659478000507,0.47726757611104376,"[-0.43464842583732566, 1.2035362940903185]",-0.0996612318066088,0.9296490496238119,0.9892015094756179,"[-2.3121472952483377, 2.11282483163512]",0.38067786423957634
6872.0,24.0,0.5830548798003524,0.8293502717358707,0.3607282648269744,0.2929906535337937,0.41712792359594775,"[-0.3116048087757669, 1.0330613384297158]",1.5224236168082559,0.09621993821399535,0.449524991159006,"[-0.27136246417726073, 3.3162096977937727]",18.18477014172299
6873.0,24.0,0.36930237129306476,0.6255149207388663,0.35964384449477727,0.14873546618620131,0.25200858384649494,"[-0.12850220311401228, 0.8477898921035668]",0.09109457467770721,0.8992120559867962,0.9819188762660309,"[-1.3185582495083454, 1.5007473988637599]",23.65204435562854
6874.0,24.0,0.7551844506502029,0.9271062554702402,0.23616343372077764,0.45074667452340067,0.5534029153141813,"[-0.37758590587705754, 0.8499127733186128]",-0.1126067448782333,0.9348070492417929,0.9892015094756179,"[-2.810767527989473, 2.5855540382330062]",0.43012608174861117
6875.0,24.0,0.09013843633347769,0.18471984933572977,0.7459104947946502,0.020376712372254607,0.04176411636043166,"[0.11557646970711433, 1.376244519882186]",-1.443171741797027,0.0005124222111733053,0.017195376213869306,"[-2.2573399167689847, -0.629003566825069]",5.512509994500895
6876.0,24.0,0.6682894400086182,0.8852688303200665,0.3153429572529457,0.36510925206695966,0.4835884133337214,"[-0.36709012689520804, 0.9977760414010994]",-2.679452875460229,0.017734400698065013,0.17120379599325078,"[-4.894286820447938, -0.4646189304725197]",10.234756077870916
6877.0,24.0,0.6584301699970898,0.8801365726468251,0.2538242752475607,0.35622855735343506,0.4761777267122511,"[-0.28541238351076104, 0.7930609340058824]",0.43132738118624925,0.6979430086542581,0.93921592772905,"[-1.7469488561351798, 2.6096036185076783]",22.35245076463983
6878.0,24.0,0.9688390275564842,0.9932735570601642,0.10375335164721923,0.8012975999050745,0.821506663835426,"[-0.7042664795300247, 0.9117731828244632]",-2.079751587419997,0.5932807555079588,0.9090257716643009,"[-9.711900884082372, 5.552397709242378]",7.944065892986607
6879.0,24.0,0.7616433740293316,0.9294675252910781,0.24679591574443327,0.4579333160758753,0.5589748088302553,"[-0.40488255987105926, 0.8984743913599258]",-1.9633184151429814,0.13426774122322999,0.5280589132477138,"[-4.532986668372576, 0.6063498380866137]",7.499323935200433
6880.0,24.0,0.4125599735748862,0.6762326897056095,0.3688066663589322,0.17477022361440664,0.28641465685743467,"[-0.16386051439776994, 0.9014738471156344]",-0.6134236281533472,0.41124203539999005,0.8267833441897668,"[-2.076577777078932, 0.8497305207722381]",2.3431056631192786
6881.0,24.0,0.5237013315775814,0.7810109257984554,0.38603057042557926,0.24869857763521508,0.370812945604835,"[-0.26988221498517456, 1.0419433558363331]",-0.9051573002951594,0.2920274418294897,0.7412149261786141,"[-2.588845261945229, 0.7785306613549103]",3.457446206824553
6882.0,24.0,0.48450643915841135,0.7473599136237394,0.3549667782606575,0.22111220442382062,0.3411043584229291,"[-0.2136305796549306, 0.9235641361762456]",-1.9186393296863944,0.015607585321951402,0.15861367197105083,"[-3.4738579750953646, -0.36342068427742413]",7.3286623999226475
6883.0,24.0,0.6093562311591971,0.8475051893730141,0.2630049525437023,0.314101660464283,0.4369198225960259,"[-0.24906856883696266, 0.7750784739243672]",0.0011591237206411975,0.9991041451919999,0.9998296237857246,"[-2.0222337953751213, 2.0245520428164037]",23.995572473524916
6884.0,24.0,0.17447515746454606,0.3366319022225346,0.4920622373841551,0.05173871312137878,0.09984313608911383,"[-0.0037088862526521438, 0.9878333610209624]",1.6503433823948948,0.0008537951791705195,0.023585502187030923,"[0.6803683216312345, 2.620318443158555]",17.696152629428507
6885.0,24.0,0.8333366393545694,0.9555517020462898,0.18748743010217567,0.5445352289253869,0.6243954006712382,"[-0.41892727145666847, 0.7939021316610197]",0.6034770815548702,0.7183109869530349,0.9468743958763655,"[-2.675528960158057, 3.8824831232677974]",21.694887346268917
6886.0,24.0,0.5117287009005942,0.7697851097696085,0.3737485490585373,0.23993188126382126,0.36096266174788816,"[-0.24960105518507086, 0.9970981533021455]",1.8495475982222462,0.024726848917061752,0.20920018316918432,"[0.23529021194886002, 3.4638049844956322]",16.93524857422048
6887.0,24.0,0.3180811261626758,0.5603055860424264,0.482633028368284,0.12048820707870442,0.21223922331989506,"[-0.12658091615049777, 1.0918469728870657]",-0.8734407730264309,0.1721323131227338,0.5941743635579351,"[-2.127236152799094, 0.3803546067462322]",3.3362979966039044
6888.0,24.0,0.7777748816312101,0.9366880723389522,0.2571910779591582,0.476149121986043,0.573391902267946,"[-0.45028722415940203, 0.9646693800777184]",-0.7773061745641359,0.5799254099959463,0.903509696208661,"[-3.5298075562957894, 1.9751952071675176]",2.9690908794656137
6889.0,24.0,0.6597196342278897,0.8805654487825544,0.27001852552650935,0.35741354411728743,0.4771033974816497,"[-0.3050372953012895, 0.8450743463543082]",1.0883201336878994,0.3059445700077371,0.7518643526041306,"[-0.9952251131794791, 3.171865380555278]",19.842923305371322
6890.0,24.0,0.665939219043169,0.8832085133198527,0.30935359578787486,0.36295186483581665,0.48136852100240934,"[-0.35711383216231746, 0.9758210237380671]",-1.1535724844164337,0.281509120848881,0.7310026508669982,"[-3.2530117778621177, 0.9458668090292504]",4.406322314632172
6891.0,24.0,0.6447828228580755,0.8734525717847215,0.3401623526756064,0.3440183796373276,0.46611757931074066,"[-0.36441066327620025, 1.044735368627413]",1.4992770351750018,0.1405421129160314,0.5362156158566631,"[-0.49460159853357655, 3.4931556688835803]",18.273183570905687
6892.0,24.0,0.4330361572907187,0.6961996097921522,0.4103818992473701,0.18724597700298784,0.30118546022104536,"[-0.19953011746477511, 1.0202939159595155]",-1.6314287049987932,0.02540089770066738,0.21146950979611553,"[-3.061935614654418, -0.20092179534316834]",6.231598624861618
6893.0,24.0,0.6187698974119589,0.8545365245297043,0.33450460791379105,0.32223532621258677,0.4449535020886313,"[-0.327818541525602, 0.9968277573531841]",0.8138321507858706,0.4194620321169493,0.8307712672074292,"[-1.1618561975123634, 2.7895204990841043]",20.89139016852768
6894.0,24.0,0.7453951326578001,0.9237571446140801,0.28199399875550274,0.4405844999142041,0.5459964303779319,"[-0.4346727182194426, 0.9986607157304481]",2.4627066044941306,0.05958199823978417,0.35318315494833535,"[-0.0994689021869295, 5.024882111175191]",14.593153692232843
6895.0,24.0,0.6769319883564078,0.8880044981876918,0.28498831213930254,0.37312999144049297,0.4892540662263838,"[-0.34217392853942763, 0.9121505528180327]",-0.8418480565953104,0.45143343163998173,0.8506966171255329,"[-3.0329925063208893, 1.3492963931302686]",3.2156227089467833
6896.0,24.0,0.8038323565556296,0.9465322931489172,0.22624675643556383,0.5066305216089333,0.5967426305278892,"[-0.44148383871184016, 0.8939773515829678]",-2.971585726257061,0.05702659884535768,0.3464556430459154,"[-6.031950346454085, 0.08877889393996297]",11.350621371723145
6897.0,24.0,0.6190165140891029,0.8547590639175682,0.3674304542218833,0.32218571498901705,0.4449464369410538,"[-0.3600116820731352, 1.094872590516902]",2.8601274814757116,0.00612878370511679,0.08723659878279541,"[0.814839496671814, 4.905415466279609]",13.07511776280401
6898.0,24.0,0.8328863122335296,0.955254401001869,0.18974126749118436,0.5436799511980503,0.6235576914761445,"[-0.422661165257873, 0.8021437002402417]",-3.070172167099265,0.07269997076843167,0.39407072547373806,"[-6.423041441897167, 0.2826971076986373]",11.727193836888107
6899.0,24.0,0.7458135148000289,0.9237571446140801,0.25365873156567015,0.4408039391349978,0.5460901129026237,"[-0.39130563606372676, 0.898623099195067]",-0.28729803972563417,0.8302182172548043,0.9686926026402447,"[-2.913402571295279, 2.338806491844011]",1.0973976759107134
6900.0,24.0,0.8606584359477182,0.9664889791664438,0.22332982529666354,0.5825433594386085,0.65424905597328,"[-0.572994613558923, 1.0196542641522501]",-1.438606638852285,0.4118246244039373,0.8271241167372688,"[-4.8742861155303, 1.9970728378257299]",5.495072585715798
6901.0,24.0,0.18241839036669127,0.3504676087736624,0.5457850083390037,0.0552262592224153,0.10608194241724031,"[-0.012205439182668476, 1.1037754558606758]",-0.6323474272005791,0.2308009266509079,0.6711758648269693,"[-1.6666293185283807, 0.40193446412722245]",2.4153892509699504
6902.0,24.0,0.9226520179833841,0.9861488829547715,0.1318495443955928,0.6877127287363604,0.7351270393997088,"[-0.511049539253862, 0.7747486280450476]",-0.1618208819823419,0.9499930398347962,0.9910213225900232,"[-5.218991878757504, 4.89535011479282]",0.6181102383115185
6903.0,24.0,0.8979321128831234,0.9790442366703941,0.19660901369979225,0.6420557362911388,0.7000171568808752,"[-0.6324027091997867, 1.0256207365993713]",0.723054839863031,0.7380089064191566,0.9523631024368666,"[-3.513712259172152, 4.959821938898214]",21.238133954622715
6904.0,24.0,0.5016328930519761,0.7621411107952573,0.3898229807400501,0.23303458030527957,0.3540482836604065,"[-0.25083853537245077, 1.030484496852551]",-1.007775695514563,0.22174301813666042,0.6609329899751428,"[-2.6242694290711066, 0.6087180380419808]",3.849419603256372
6905.0,24.0,0.7188805742480133,0.9112893736624004,0.30576225795826945,0.4131433108097262,0.5238282120067532,"[-0.4265222004128572, 1.038046716329396]",2.8046054321698213,0.025930679083762807,0.213773116931268,"[0.3365710117604386, 5.2726398525792035]",13.287196369146999
6906.0,24.0,0.7727227413185958,0.9345665441914526,0.1993477084340199,0.4701379323698862,0.5688613289028808,"[-0.34161707694292837, 0.7403124938109682]",-0.19268990483024329,0.8931682345901788,0.9795465253756226,"[-3.0048680215798758, 2.619488211919389]",0.7360212201033624
6907.0,24.0,0.9896372122411876,0.9967292107757114,0.041735040533203385,0.8852249805288323,0.8916448232562775,"[-0.5249418566959698, 0.6084119377623767]",1.3230453410162477,0.8433930935445129,0.9708072590103425,"[-11.803014073146901, 14.449104755179398]",18.946339057021483
6908.0,24.0,0.6512140764938465,0.8770734112933365,0.25749390663241234,0.349738530367537,0.4710442544911108,"[-0.282213750901427, 0.7972015641662517]",-1.2879729474770159,0.21344717059179463,0.6528941281946071,"[-3.3169855886895454, 0.7410396937355137]",4.919694267830524
6909.0,24.0,0.3355489185500326,0.5832590275508996,0.46321686060316947,0.12997570730227526,0.22592683348214018,"[-0.13636691208155594, 1.0628006332878948]",-0.885765289862043,0.1765196087450337,0.6028675162057162,"[-2.170267711032208, 0.39873713130812205]",3.383374183218471
6910.0,24.0,0.10161667122441234,0.20578507740869245,0.8199237882061597,0.02416701599139198,0.048940899132021015,"[0.10710630429483003, 1.5327412721174896]",0.13130230213767735,0.775477012424229,0.9595896677274527,"[-0.7709817185000053, 1.03358632277536]",23.498462149810635
6911.0,24.0,0.4942567979804081,0.7552823930018462,0.43068676942855944,0.2276466679870075,0.3479771751559271,"[-0.2689985484279108, 1.1303720872850298]",0.0487303385693485,0.9548786403175055,0.9927158038502051,"[-1.6392746409930326, 1.7367353181317295]",23.813863817715518
6912.0,24.0,0.27988433862243245,0.5055714209220239,0.5415911008488944,0.10041480953994134,0.1813851328394894,"[-0.10454315747554421, 1.187725359173333]",0.27325285808711364,0.6640009598639016,0.93180039273632,"[-0.9596449100486999, 1.5061506262229272]",22.956250966114744
6913.0,24.0,0.25468405632691293,0.4660275504609569,0.6150321323898071,0.08811386598287929,0.16120356015894494,"[-0.09179215537474372, 1.321856420154358]",-0.8078850139463034,0.1675319865079028,0.5863912723412769,"[-1.9551472183661769, 0.33937719047357007]",3.0858934420660558
6914.0,24.0,0.7059959527999092,0.9042204855699142,0.29403641076669695,0.40047754799657964,0.5129723940009987,"[-0.39140871016211487, 0.9794815316955088]",-1.969147656670068,0.08899427242940722,0.43408828982457404,"[-4.238446965482456, 0.30015165214232065]",7.52158999768473
6915.0,24.0,0.6727183036258505,0.8871149670238285,0.31135483896470123,0.3690036391071817,0.4867479740234556,"[-0.3679463289244072, 0.9906560068538097]",-1.8332460480047716,0.08863581761909595,0.43342698102247407,"[-3.9435572490849826, 0.27706515307543933]",7.002484090647395
6916.0,24.0,0.5982718107061906,0.840387429001532,0.28659131458722265,0.3054445399453972,0.42893489670748103,"[-0.26150931584468773, 0.834691945019133]",-2.4354664858937847,0.01310794875430854,0.1412494477834972,"[-4.35959683462135, -0.5113361371662197]",9.302796719151447
6917.0,24.0,0.8811637734171647,0.9738286863682684,0.180859410879914,0.6140455850415313,0.6787284017260211,"[-0.5220415153521477, 0.8837603371119757]",-1.9236750198303358,0.3178187420373162,0.7614248731128802,"[-5.69797045368653, 1.8506204140258582]",7.347897319401546
6918.0,24.0,0.8480892238053506,0.9615524079425743,0.17803253837536404,0.5644769900877691,0.6399965874010988,"[-0.42754653421332256, 0.7836116109640506]",-1.5079092345331535,0.3666982518314945,0.7999525563514279,"[-4.78200769215468, 1.7661892230883733]",5.75978900183682
6919.0,24.0,0.9451538048275747,0.9901985232007054,0.12422502842217918,0.7366810061566957,0.771797806345412,"[-0.5998650537925818, 0.8483151106369402]",-1.8250486874895255,0.5256562896845881,0.8839273529919359,"[-7.461267174158784, 3.8111697991797326]",6.971172479936009
6920.0,24.0,0.5619389935389634,0.8129904420413243,0.44431205048713374,0.276807138621732,0.40047329083005206,"[-0.35644172967832977, 1.2450658306525972]",1.9298123389573911,0.030741273186684067,0.24035397331261973,"[0.17904737642854363, 3.6805773014862386]",16.628659848364777
6921.0,24.0,0.1344343522871389,0.26589072841601835,0.6037972339724972,0.03591235741301999,0.07102918792132118,"[0.03970434438752446, 1.16789012355747]",-0.2482793675588999,0.6145819359968516,0.9172188963428358,"[-1.2146670759585205, 0.7181083408407207]",0.9483573267534835
6922.0,24.0,0.8318562614376448,0.9548988819733071,0.19791625656022777,0.5423024929163037,0.6226588836408568,"[-0.43869383828511593, 0.8345263514055714]",-1.5861017564504731,0.3152032097099918,0.7593477307019229,"[-4.6812967348231656, 1.5090932219222193]",6.058462434859927
6923.0,24.0,0.32989729460670797,0.5761391802422423,0.5682401324171453,0.12664822144829965,0.22121960078305616,"[-0.16090155174871157, 1.2973818165830022]",0.1927553951822798,0.7763241605689297,0.9595896677274527,"[-1.136977086306259, 1.5224878766708185]",23.263728625178604
6924.0,24.0,0.827959789250075,0.9543104993661536,0.27904986924044844,0.537184586085734,0.6191615791675127,"[-0.6072715524027461, 1.165371290883643]",-1.408528485011895,0.36734760275497447,0.7999730025151883,"[-4.470990556075227, 1.6539335860514375]",5.380182501009162
6925.0,24.0,0.7868878485965032,0.9403535475579627,0.21187343406477763,0.486668658219387,0.581583004564277,"[-0.385099101195604, 0.8088459693251593]",-2.3392092014706454,0.10324510074634416,0.46780743428338994,"[-5.1531212700079845, 0.47470286706669373]",8.935120976162365
6926.0,24.0,0.6375988024880908,0.8681683886991963,0.31363912981785036,0.33789880140869566,0.46022718797152773,"[-0.32781473142194084, 0.9550929910576416]",1.8456807309373087,0.06758703125935638,0.378851072081594,"[-0.13351068611238492, 3.8248721479870023]",16.950018919244755
6927.0,24.0,0.3915975201375022,0.6529890280765419,0.4921219031095573,0.16186059104707995,0.2699026030466566,"[-0.19740680552122736, 1.1816506117403418]",1.354860680088617,0.049688768320403955,0.32057269884131584,"[0.0018428820099209986, 2.707878478167313]",18.82481341351319
6928.0,24.0,0.5367674268636656,0.7929789139661186,0.3985200516008201,0.25820526986216874,0.3813962627210764,"[-0.29231230259246904, 1.0893524057941093]",-2.3422657093101744,0.008022875902254662,0.10416625724225147,"[-4.073904191513905, -0.6106272271064439]",8.94679597611261
6929.0,24.0,0.9799205331861727,0.9948681677324512,0.08616771545961206,0.8403113855772972,0.8532812607405537,"[-0.7519942974847521, 0.9243297284039763]",-1.7126121246838792,0.7202913508174251,0.9476270896163993,"[-11.086933811461265, 7.661709562093506]",6.541696445821266
6930.0,24.0,0.18216728831270398,0.35005243718813217,0.5563864306923454,0.05496845737130023,0.10562732008320568,"[-0.011839766734829338, 1.1246126281195201]",1.4399711525394245,0.00412898308126217,0.06702894612438587,"[0.45595511362135377, 2.4239871914574955]",18.499715355926806
6931.0,24.0,0.822961428387804,0.952756738845726,0.23294316552094674,0.5306868169285854,0.614511623143819,"[-0.49527191560031825, 0.9611582466422117]",-0.19900906817625508,0.9041486359243147,0.982851517978372,"[-3.4380324244266998, 3.0400142880741896]",0.760158646088712
6932.0,24.0,0.9390167002552305,0.9880486751993395,0.09799380384847027,0.7225934236463043,0.7603633539034266,"[-0.44304026368230115, 0.6390278713792417]",-2.2882737842597196,0.4141755452546877,0.8280792891742401,"[-7.780695841423086, 3.2041482729036463]",8.74056201390076
6933.0,24.0,0.48819264739558393,0.7509500805961913,0.42189983329410696,0.2238222146254294,0.3442284331349304,"[-0.2578847481715748, 1.1016844147597888]",0.8370900757620312,0.3066347151278649,0.7526625309962319,"[-0.7677735581849674, 2.44195370970903]",20.802551439103286
6934.0,24.0,0.271366198134071,0.49276593087719445,0.5109747581759025,0.09622509049091568,0.17472893074854573,"[-0.09108736968924758, 1.1130368860410527]",2.018908318243774,0.0005817334425416028,0.018388431698563728,"[0.8686182318726918, 3.1691984046148565]",16.288338276051793
6935.0,24.0,0.8728135757873725,0.97119570021962,0.1677642063158785,0.6010923925353471,0.6688276602444335,"[-0.4611431828585777, 0.7966715954903347]",0.8048423123340358,0.6734443294116874,0.9338966192307091,"[-2.938314127048347, 4.547998751716419]",20.92572882198065
6936.0,24.0,0.6990101801537159,0.9002615501360574,0.3555792140541776,0.39372112581246155,0.507101513246479,"[-0.46155272388709145, 1.1727111519954465]",1.17487658774317,0.303249282895808,0.7514276816848787,"[-1.0618764416780326, 3.4116296171643725]",19.512302004905656
6937.0,24.0,0.834055452806995,0.9557184058748653,0.20543953244044771,0.5455250093292872,0.6251002742400449,"[-0.4606776801965721, 0.8715567450774675]",-0.6990054232271747,0.6746684861427721,0.9338966192307091,"[-3.9629177606326937, 2.5649069141783443]",2.6700040405115333
6938.0,24.0,0.9086647347963747,0.9827652333943053,0.1270356712397899,0.6609505566860091,0.7148502668029517,"[-0.4406448625669228, 0.6947162050465026]",1.4249198567686037,0.5167048313844632,0.8811227277424873,"[-2.882064717387596, 5.7319044309248035]",18.55720707085155
6939.0,24.0,0.9605167396034908,0.9918311520199155,0.08450581365512448,0.7764333881016814,0.801852099660933,"[-0.49875426358722924, 0.6677658908974782]",0.4638151923911833,0.897590492523032,0.9809012437921886,"[-6.599281336070796, 7.526911720853162]",22.228356466795795
6940.0,24.0,0.8712506789227421,0.9711122638619929,0.1119592244014489,0.5985418658700745,0.6672847026800113,"[-0.3048245474845806, 0.5287429962874783]",1.2035124022947148,0.5144015377642409,0.8803357696922911,"[-2.414344978814393, 4.8213697834038225]",19.402921250457467
6941.0,24.0,0.49124384634159723,0.7529479446576228,0.31026612864027825,0.22569655569721603,0.3460226324157086,"[-0.19167435737028826, 0.8122066146508448]",-0.32324360188089774,0.7041145939174093,0.9422114196673482,"[-1.9914699323663754, 1.34498272860458]",1.2346996094921652
6942.0,24.0,0.3862056808084749,0.64636934026523,0.27896919913608365,0.15877275797467583,0.26572846522958293,"[-0.10902773405027916, 0.6669661323224465]",-1.1554943829312254,0.0946947745924006,0.4458322720922815,"[-2.51069651888609, 0.19970775302363908]",4.413663426202174
6943.0,24.0,0.35589830983161475,0.6108793508953222,0.5598277459257603,0.14134457248767918,0.24256834132088412,"[-0.18618833694457237, 1.305843828796093]",-2.4471366327302126,0.0003511651966047491,0.013051495106174916,"[-3.7890214065735526, -1.1052518588868725]",9.347373396486466
6944.0,24.0,0.11550743982655504,0.23119983952472986,0.624855335144626,0.028983654616294412,0.058015957109356774,"[0.06402324670739623, 1.1856874235818557]",1.3885885924647523,0.0016707127567298576,0.03737213901072339,"[0.5227440882031676, 2.254433096726337]",18.695982278117214
6945.0,24.0,0.4780311530274196,0.7409038329625226,0.36620830137563465,0.2167080184675524,0.33587727598814693,"[-0.21481503542384517, 0.9472316381751145]",1.2590341159840364,0.10856700745690377,0.4815462434941741,"[-0.27876831936099755, 2.7968365513290703]",19.190843926075342
6946.0,24.0,0.4208241371706289,0.6844894879157919,0.4553161651144811,0.17990717711909066,0.29257047640620254,"[-0.21013952088510107, 1.1207718511140632]",0.8519904130398528,0.25080166509504664,0.6984752698676552,"[-0.6020884369468942, 2.3060692630265995]",20.745636343147243
6947.0,24.0,0.41405669382090865,0.6775596364276038,0.5067908269846153,0.17567976038195598,0.287481198464991,"[-0.2267110808289038, 1.2402927347981345]",0.9825538153018041,0.176900621734856,0.6031388398733583,"[-0.44356253659562417, 2.408670167199232]",20.246920882582003
6948.0,24.0,0.7821340231231579,0.9389141346013842,0.22531590328247617,0.48106703615315627,0.5774421271793978,"[-0.4014495621885995, 0.8520813687535519]",1.0520631574223565,0.4497032924460057,0.8503228104137736,"[-1.6757834247954753, 3.779909739640188]",19.981414753232762
6949.0,24.0,0.15555927040000272,0.30364878079250973,0.817894544370406,0.044170852485783826,0.08618702924055381,"[0.02133750178541105, 1.614451586955401]",-0.5451322461753465,0.2811561068924545,0.7309347944023468,"[-1.536515669645068, 0.4462511772943749]",2.0822517988222646
6950.0,24.0,0.7965428611937017,0.9444516968797697,0.21859497489048127,0.4978421334153894,0.5903499744045884,"[-0.413423447316002, 0.8506133970969646]",-1.8168259994004128,0.20263220321662456,0.6366076129959929,"[-4.6116983378953496, 0.978046339094524]",6.939764125018766
6951.0,24.0,0.9393084434794877,0.988121653144843,0.10114553081473635,0.7231887925504094,0.7607708737117709,"[-0.45854232907589476, 0.6608333907053674]",-0.47212923429074394,0.8701258679752251,0.9746033467464438,"[-6.131848902740241, 5.1875904341587535]",1.8034008339735235
6952.0,24.0,0.7283143661522065,0.9150478185522077,0.2480759626383321,0.42282445899417853,0.5312318501012964,"[-0.35853827143962513, 0.8546901967162893]",-2.547922665680721,0.04410833069713919,0.29782820915864144,"[-5.028642052192258, -0.0672032791691839]",9.73234768461517
6953.0,24.0,0.6962688343814154,0.8988753348585276,0.35284768413674483,0.3909944233176129,0.5047694594856867,"[-0.4533499897155856, 1.1590453579890752]",-0.24299168718589037,0.8403312546313528,0.9708072590103425,"[-2.606894344160047, 2.1209109697882664]",0.9281598755009765
6954.0,24.0,0.7350913988326861,0.9189882477838814,0.24341186733316694,0.4296046114646239,0.5371898021492609,"[-0.36058555372540296, 0.8474092883917368]",1.885445944583127,0.12446390633710007,0.5107259184944607,"[-0.5199417961050892, 4.290833685271343]",16.79812699168866
6955.0,24.0,0.6897709856673606,0.8951089873700502,0.387977586514729,0.38479600233684075,0.4993459672162481,"[-0.4869824878721485, 1.2629376609016065]",-1.3836050177065449,0.2126444791854203,0.6514843112298415,"[-3.5594518498972976, 0.7922418144842078]",5.284981868513904
6956.0,24.0,0.4297045070510681,0.6927415747614272,0.35621269846366893,0.1854141448839196,0.2988536439490234,"[-0.1709949391831444, 0.8834203361104822]",0.9914594846638636,0.1824191300135527,0.612350218239519,"[-0.465948148833669, 2.448867118161396]",20.21290373136967
6957.0,24.0,0.9786813280495,0.9948458548782764,0.07064282995056552,0.83546919728599,0.8493129991725018,"[-0.5960038116815272, 0.7372894715826581]",-1.7055117638151494,0.7131664062465818,0.9463571189696999,"[-10.798763509342422, 7.387739981712123]",6.514575065101395
6958.0,24.0,0.9559141205978969,0.9911597957501838,0.11654517799934917,0.7638770632849825,0.7923214016025127,"[-0.6438720529836719, 0.8769624089823702]",2.4978296184197357,0.4579004097647166,0.8526437785195464,"[-4.09734708998473, 9.093006326824202]",14.458993661451752
6959.0,24.0,0.6343851372374474,0.8657002418633288,0.383705086718754,0.3353958673551245,0.4576839166400474,"[-0.39699292899318667, 1.1644031024306947]",0.8676432471042812,0.400301270731544,0.8206211468997754,"[-1.154212992766615, 2.8894994869751773]",20.68584692119322
6960.0,24.0,0.6975032965977322,0.8995399749777305,0.3171072869243563,0.3924057231195607,0.5060687685318038,"[-0.4095920650776671, 1.0438066389263798]",-0.965052355936173,0.40281055700777446,0.8217863309641231,"[-3.225917958164399, 1.2958132462920529]",3.6862284669533074
6961.0,24.0,0.22086359747949047,0.4136022424709559,0.48912284821982255,0.07215743033807369,0.13512627404133648,"[-0.04402358888187263, 1.0222692853215176]",0.6286755394188175,0.26394779043710104,0.7133724065867596,"[-0.4743337368928393, 1.7316848157304743]",21.598636327212756
6962.0,24.0,0.9712541657491056,0.9936899468403179,0.10468992246102257,0.809092571557504,0.8278855740893319,"[-0.7446112451776955, 0.9539910900997407]",-1.1820639932420507,0.7691236270885067,0.9585289470195746,"[-9.075194351043105, 6.711066364559003]",4.515151861810011
6963.0,24.0,0.11510799383617991,0.2305849235500399,0.6208837171737883,0.028875661749181783,0.05783228870254713,"[0.06399146881118345, 1.177775965536393]",-0.34757451716192733,0.4608785597777476,0.8548774738797981,"[-1.2714050850442293, 0.5762560507203747]",1.327636859978389
6964.0,24.0,0.6202193471858766,0.8555929744597552,0.33388540206477424,0.32332897851649034,0.44587299884947934,"[-0.32870759622596024, 0.9964784003555087]",2.054041415578732,0.03812745501310791,0.2728816810490897,"[0.11245358646743586, 3.9956292446900283]",16.154139729484097
6965.0,24.0,0.45156849405086924,0.7148464366801792,0.47926699002949485,0.19938364062788483,0.31563026852601683,"[-0.2527045156782715, 1.2112384957372613]",0.5780032312164396,0.4651777092027165,0.8563025696728113,"[-0.9731286401281936, 2.1291351025610727]",21.792190287091582
6966.0,24.0,0.8610294811630661,0.966688538411436,0.16529972083173702,0.5832773837277119,0.6548527941256448,"[-0.42525671510423013, 0.7558561567677042]",0.5198396510114582,0.7797203615157435,0.9596511311144862,"[-3.1230892430409964, 4.162768545063913]",22.014358798232657
6967.0,24.0,0.5407628924794005,0.7961535964171124,0.41211961337967573,0.2611291456529876,0.38435258412273715,"[-0.30668494137596425, 1.1309241681353157]",0.6846979204411285,0.44515579580357334,0.8480769362464472,"[-1.0729384306390946, 2.442334271521352]",21.384646594489276
6968.0,24.0,0.07107625239697624,0.14807552582703384,0.7731706791218957,0.01448941696728419,0.03019257546839798,"[0.15335410008569783, 1.3929872581580938]",0.0641256581261418,0.880046820474347,0.9766268042296392,"[-0.7687157371605743, 0.8969670534128579]",23.755058028724886
6969.0,24.0,0.5102310246825971,0.7687947529067657,0.42579687653032205,0.2391062789370182,0.3602083141563998,"[-0.2831139506537248, 1.134707703714369]",0.668216014737113,0.43560003490353316,0.8422274456758182,"[-1.0116252205487122, 2.348057250022938]",21.447602836834122
6970.0,24.0,0.45797738551182254,0.7211821646735787,0.42238433641893525,0.20336748681746142,0.32031420194906507,"[-0.22843938191265045, 1.073208054750521]",-0.26773757076453286,0.7417917744014926,0.9537050326581288,"[-1.8604096780273933, 1.3249345364983276]",1.0226821881261967
6971.0,24.0,0.4403466518028635,0.7030922110855237,0.475330148626656,0.19191763123988792,0.3065565664072547,"[-0.23860236603451568, 1.1892626632878276]",-2.979558404443975,0.0001776537980766349,0.008224712873918282,"[-4.537327179822264, -1.4217896290656862]",11.381074759158226
6972.0,24.0,0.5504715452810642,0.8037854361009026,0.36698472920362785,0.26811818400252974,0.39153280852869915,"[-0.2825299726465423, 1.016499431053798]",2.8344701864223025,0.002352037658934396,0.04711270075705023,"[1.008070397804403, 4.660869975040202]",13.173121410822828
6973.0,24.0,0.13981832243756426,0.27534132027877956,0.6147856555980636,0.03805565832065156,0.07494221803988098,"[0.033874489335980584, 1.1956968218601467]",2.4559217873317056,4.291893583310454e-07,8.531682269030804e-05,"[1.5037931374733737, 3.4080504371900373]",14.619069784777835
6974.0,24.0,0.4444874942457457,0.7075019994186386,0.416589019011009,0.19476160544998844,0.3100312089302586,"[-0.21312424420335263, 1.0463022822253705]",2.0579659697111,0.006397355930317075,0.08947350951492412,"[0.5786842723948218, 3.5372476670273785]",16.139149036933745
6975.0,24.0,0.9478190897352127,0.9903030923991356,0.12085626199958725,0.7431526796234018,0.7764629397381693,"[-0.6020228128924382, 0.8437353368916126]",1.9327334504374551,0.5145032912436278,0.8803357696922911,"[-3.8786282600659527, 7.744095160940863]",16.617502024411785
6976.0,24.0,0.4913274461540119,0.7529479446576228,0.45898930023241014,0.22584997546794783,0.3460771919521113,"[-0.2837971946356499, 1.2017757951004702]",-0.4649495002266413,0.582110311258317,0.9046577798681021,"[-2.120912202556025, 1.1910132021027424]",1.7759762699802306
6977.0,24.0,0.10198865999631371,0.20641299331372942,0.6024872149624024,0.024360165162451854,0.04929211890419234,"[0.07799008583071654, 1.1269843440940883]",-0.4997088860701302,0.27051264644716055,0.7202045575339596,"[-1.3885615471133002, 0.38914377497303976]",1.9087473438001437
6978.0,24.0,0.42486660468730686,0.6886455173702895,0.35416778590546244,0.18211149864702103,0.29525210545885383,"[-0.16607918966849028, 0.8744147614794151]",-1.5239073013944022,0.03462367207685499,0.2579138644849142,"[-2.937623170284332, -0.11019143250447239]",5.820897115937997
6979.0,24.0,0.08967488757560713,0.18387305223622538,0.7419165750016186,0.020288842955260823,0.041601072288826785,"[0.1153965525368158, 1.3684365974664212]",-0.5106992352949566,0.24533989503082576,0.6910982958614811,"[-1.3722944019523813, 0.350895931362468]",1.950727385530639
6980.0,24.0,0.9385545882018967,0.9880486751993395,0.11727000178098905,0.7213642413695986,0.7597306386199038,"[-0.527210391276574, 0.761750394838552]",3.055854463318537,0.2940492214165582,0.7436753197181544,"[-2.652215937456598, 8.763924864093672]",12.327495763042174
6981.0,24.0,0.4358889858989514,0.6988760396006917,0.43887477970580746,0.18910930137334847,0.3033028089388107,"[-0.21614089565685468, 1.0938904550684696]",0.22479936173947745,0.7755246747789675,0.9595896677274527,"[-1.3203154048719679, 1.7699141283509228]",23.141329689006216
6982.0,24.0,0.7368895989285715,0.919388145887176,0.2980801039370669,0.4316026482823129,0.5385380660631173,"[-0.4447829891872856, 1.0409431970614194]",-0.5195632593702122,0.6886260526703036,0.9373183645404775,"[-3.060800225485445, 2.0216737067450206]",1.9845854634649387
6983.0,24.0,0.22063652017425445,0.41325439253465895,0.4975212195405195,0.071915012864764,0.13472276670056949,"[-0.044317781579703286, 1.0393602206607422]",-1.31107511549651,0.01470258649130032,0.151886224083681,"[-2.3643770999592357, -0.2577731310337841]",5.007938049505132
6984.0,24.0,0.6701378538445124,0.8860352415258278,0.34589794979897337,0.36661076010303084,0.4848442989398464,"[-0.40500746144796473, 1.0968033610459114]",1.7612670158799935,0.09935915900002265,0.45766540304017805,"[-0.33344544976728496, 3.855979481527272]",17.272455559631695
6985.0,24.0,0.4864217360724887,0.749161830830262,0.37970712811964374,0.2222991817126958,0.342525703717559,"[-0.23008442398149415, 0.9894986802207817]",-1.7053818941064645,0.030775410087557263,0.24039037366977933,"[-3.252854983121932, -0.15790880509099692]",6.514078999355113
6986.0,24.0,0.9350809274175563,0.9878137795754037,0.13948756210846963,0.7137760778728992,0.7546242407408303,"[-0.6058735659209646, 0.884848690137904]",-0.44490567730648234,0.8734466697492338,0.9752862410683755,"[-5.919465781631219, 5.029654427018254]",1.6994145060713843
6987.0,24.0,0.5245166681408701,0.7815775117581136,0.41851942282932236,0.24930329612513435,0.37148457178532907,"[-0.2935050490874777, 1.1305438947461224]",-0.8202382149744301,0.34339234456666023,0.783884728346148,"[-2.5169822479725514, 0.8765058180236913]",3.1330791942252776
6988.0,24.0,0.9938298168108564,0.9979859138099668,0.030901159068820055,0.9114040310938124,0.9152480730004141,"[-0.5134179337805762, 0.5752202519182164]",1.4225045879063707,0.8695643587798924,0.9742530297363818,"[-15.555913583421557, 18.400922759234298]",18.566432718331235
6989.0,24.0,0.856112634168107,0.9647684330924018,0.18745782123856788,0.5759487835094638,0.6491758154975922,"[-0.46943950182450833, 0.8443551443016442]",-0.21584304140099686,0.9071948613927742,0.9841760235891468,"[-3.8447127185049395, 3.4130266357029457]",0.8244596873029744
6990.0,24.0,0.3979344075266287,0.6600338489411655,0.4365358110442641,0.16570036433865054,0.2748388859489974,"[-0.18070833227626626, 1.0537799543647943]",-0.30050014127003166,0.6865593563544599,0.9372486972514004,"[-1.7600481604353195, 1.1590478778952562]",1.1478259891905216
6991.0,24.0,0.8132494431868795,0.9488384589743082,0.2059826184024735,0.5185748060979498,0.6049636095403055,"[-0.41941023207221223, 0.8313754688771593]",0.7957592630215213,0.6071771419874796,0.9137353528780732,"[-2.2379658471037835, 3.829484373146826]",20.96042351469507
6992.0,24.0,0.6418618942247452,0.8710031818037015,0.35741260103719835,0.34181729833673846,0.463732598476107,"[-0.3795220611507349, 1.0943472632251317]",0.675329714791574,0.5243943579040842,0.8839273529919359,"[-1.403920089618936, 2.754579519202084]",21.420430504177947
6993.0,24.0,0.8789866016530647,0.9730838056604282,0.17510397505407002,0.6104978876393068,0.6759276878203131,"[-0.49867398493555004, 0.8488819350436901]",2.979261683469051,0.14341798444226678,0.5422230035624452,"[-1.0115278631755307, 6.970051230113633]",12.620058631478853
6994.0,24.0,0.4445235062347306,0.7075019994186386,0.3630819852398281,0.19462646015574037,0.3098654038461079,"[-0.18558422699948313, 0.9117481974791393]",1.3356095538545985,0.07301303760243148,0.3948785159677203,"[-0.12457608776379603, 2.795795195472993]",18.89834729911871
6995.0,24.0,0.14905172082898882,0.29185768715290544,0.450671282024398,0.04161159210006536,0.08146357106512404,"[0.017125346913167583, 0.8842172171356284]",-0.585711179305533,0.2397534136821694,0.6833313519958087,"[-1.5622078952336156, 0.39078553662254967]",2.2372519058558162
6996.0,24.0,0.8559669413036042,0.9647684330924018,0.19716752488165673,0.5757016967480113,0.6489704618960785,"[-0.4933078645413353, 0.8876429143046487]",-1.6783114698489463,0.32941565168116815,0.7713535836520522,"[-5.051077258440528, 1.6944543187426353]",6.410677595382823
6997.0,24.0,0.6979684057486137,0.8995613016989292,0.29198258574518,0.39274326692879113,0.5061752608126341,"[-0.377617052681787, 0.961582224172147]",-2.714774895848434,0.02368122271972825,0.20379709741590576,"[-5.066784122875556, -0.36276566882131167]",10.369676257345526
6998.0,24.0,0.3774537364121805,0.636193723937604,0.390975253701484,0.15364457915859586,0.25898056854143986,"[-0.14610808481581405, 0.9280585922187821]",-2.017118247494242,0.003195512681881629,0.05685965626123895,"[-3.3580641599870136, -0.6761723350014703]",7.704824157349674
6999.0,24.0,0.9764468705314981,0.9944981775987023,0.062476580664505114,0.8271955099431112,0.8426202130019461,"[-0.4984576636096294, 0.6234108249386396]",-2.2382791508938897,0.6219936242221495,0.9178008325544482,"[-11.136266410530776, 6.659708108742997]",8.549596581223028
7000.0,24.0,0.8797718849728694,0.9732318639361918,0.17093689740116036,0.6118356342369452,0.6768842064796384,"[-0.4892796573641588, 0.8311534521664795]",0.368270279771747,0.8558733538297797,0.9710616029549124,"[-3.6057304402206807, 4.342270999764175]",22.59331114993179
7001.0,24.0,0.87822986748591,0.9730838056604282,0.1847819137110316,0.6092766347244559,0.6751735757141577,"[-0.5238102244851102, 0.8933740519071733]",-0.04396037001558195,0.9827483151632298,0.9971100704756963,"[-4.028554887129596, 3.940634147098432]",0.16791624451508658
7002.0,24.0,0.5433348261301173,0.798082882094767,0.35880776977072987,0.2629385237744224,0.38621992328792953,"[-0.26939003732115524, 0.9870055768626149]",2.6445576668461572,0.0037428475288243503,0.06334967716752332,"[0.8566539967157598, 4.432461336976555]",13.898533800716745
7003.0,24.0,0.24120032112953302,0.4450190426744151,0.6270598376406448,0.08151973047131968,0.15043752321739992,"[-0.0784856288278134, 1.3326053041091028]",0.3606891419428919,0.541592744033214,0.8903061772286474,"[-0.7974539048129439, 1.5188321886987277]",22.622268963365148
7004.0,24.0,0.533054778451545,0.789032673613273,0.4704135818016074,0.25515343458484874,0.37778121792248853,"[-0.3398303688135311, 1.280657532416746]",0.10021464402780822,0.912555159650169,0.9856022475955274,"[-1.688384219775703, 1.8888135078313195]",23.61720825678671
7005.0,24.0,0.35657146743760987,0.6116149020121344,0.5728296738622315,0.14167650219549863,0.2429711922406082,"[-0.19114931453466433, 1.3368086622591273]",-0.5523945632325198,0.424942338719141,0.8345293376259643,"[-1.9093387301916949, 0.8045496037266553]",2.1099918066130576
7006.0,24.0,0.6133926162479055,0.8511067243622943,0.3221801257988425,0.3176690082298491,0.44077842129852796,"[-0.3097492728189699, 0.9541095244166549]",-1.0802097983404941,0.27013711310476163,0.7202045575339596,"[-3.0001176097575946, 0.8396980130766063]",4.126097495572538
7007.0,24.0,0.6535948177840171,0.8776364626378719,0.2848822073137046,0.35203829227258854,0.4726615094959567,"[-0.31508888724767947, 0.8848533018750887]",0.9823410461100028,0.3535091181363601,0.7919111069362905,"[-1.0928305940363412, 3.057512686256347]",20.24773360102871
7008.0,24.0,0.8403591054086716,0.9587751665643991,0.23136249658762958,0.554039938007229,0.6321048921930735,"[-0.53498689502839, 0.9977118882036491]",-2.2316854797150016,0.1824977110908128,0.6124084264792377,"[-5.512767455975371, 1.0493964965453682]",8.524410612553206
7009.0,24.0,0.9805799557840453,0.9948681677324512,0.0805950462967545,0.8429544819372063,0.855270375342133,"[-0.7167336227921405, 0.8779237153856495]",-2.960438837877202,0.5715419580701173,0.900856834990216,"[-13.215896075642002, 7.2950183998875975]",11.308043394465189
7010.0,24.0,0.8168475298720211,0.9512278238988651,0.21121041428432819,0.5229577136196897,0.6089400484626103,"[-0.43683193382338725, 0.8592527623920436]",1.1858708991845024,0.43613134273052157,0.8423793596586738,"[-1.7987663658598612, 4.170508164228866]",19.470306828622938
7011.0,24.0,0.06446756818871,0.1350954907558885,0.9480939354627658,0.012615539817500266,0.026436588050084378,"[0.2031457325455115, 1.69304213838002]",-1.970474035760554,4.4448624032613325e-07,8.547812313964102e-05,"[-2.7354127842408706, -1.2055352872802374]",7.526656392612679
7012.0,24.0,0.9729542121287303,0.9937724649771265,0.07493777394460387,0.8147480576990888,0.8322247780378843,"[-0.5519170497140252, 0.701792597603233]",-3.0041803968799154,0.4975795638032542,0.8728067218963704,"[-11.684792051676327, 5.676431257916496]",11.475123842477052
7013.0,24.0,0.6312956018380501,0.8633692585312502,0.36780716566258126,0.33276811728270306,0.4550839834490469,"[-0.3764872410426247, 1.1121015723677872]",-2.300108438540203,0.02526089291313374,0.21125008155450606,"[-4.315014497792857, -0.28520237928754844]",8.785767063385302
7014.0,24.0,0.8263297796445458,0.9537227604452235,0.21572746531781056,0.535254481075959,0.6177868292614205,"[-0.4662316285101919, 0.897686559145813]",1.0299018937518767,0.515571276727017,0.8807846513356998,"[-2.0746970101839057, 4.134500797687659]",20.066064545032436
7015.0,24.0,0.28168507941446086,0.5079067425432039,0.45797089149262266,0.10133162648007897,0.18271119091251167,"[-0.08987393876452793, 1.0058157217497732]",-1.8570437718119157,0.0016742718276804081,0.03737213901072339,"[-3.0152196742909414, -0.6988678693328898]",7.093384699725219
7016.0,24.0,0.69987939414806,0.900390689249377,0.22012387305383313,0.39450260698943296,0.5075294056212954,"[-0.2865641475993091, 0.7268118937069754]",0.3177194061196644,0.7931029742421234,0.9628316126547152,"[-2.056501150601373, 2.691939962840702]",22.786401263996016
7017.0,24.0,0.1886082402153179,0.361041807456581,0.6411661565181502,0.05778920327077013,0.1106225177464972,"[-0.021178667340012725, 1.3035109803763132]",-1.1764140333871165,0.021828257756171747,0.19402895783263774,"[-2.1818148834600937, -0.17101318331413906]",4.493570604869606
7018.0,24.0,0.868832048230588,0.9708132427268606,0.1971266386242939,0.5947364424717386,0.6646585186318045,"[-0.5291366448253607, 0.9233899220739485]",-1.639554671245178,0.3648795615270475,0.7992247303574854,"[-5.186012640044316, 1.9069032975539595]",6.26263752955386
7019.0,24.0,0.971412527522737,0.9936899468403179,0.07657605000419612,0.809549676793892,0.8281838125768716,"[-0.5461705445372844, 0.6993226445456766]",-3.1137917714458947,0.47019631583531674,0.8584731734461428,"[-11.564720262584629, 5.33713671969284]",11.893808452427601
7020.0,24.0,0.6056195251778661,0.8458373256674108,0.3344912617017447,0.3113310365976253,0.4347312650308919,"[-0.31304865991293174, 0.9820311833164211]",2.59343359375588,0.00988181662155685,0.11764067406615296,"[0.623216787601975, 4.563650399909785]",14.09381337535616
7021.0,24.0,0.09514069429719738,0.1938481953895627,0.6899886557974468,0.022023697723404675,0.04487305974613829,"[0.09943093921844093, 1.2805463723764527]",-0.2525792854167799,0.5759941061866193,0.9024642458956106,"[-1.1377830127432795, 0.6326244419097199]",0.9647818031207807
7022.0,24.0,0.9831094888176838,0.9954747198059007,0.06988192503661066,0.8536063561410207,0.864686522556397,"[-0.6724052508087363, 0.8121691008819575]",-2.4492441051368874,0.6536284637915668,0.9301211184160023,"[-13.147125316995169, 8.248637106721393]",9.355423348109314
7023.0,24.0,0.4092474556818122,0.6724407750276243,0.37260421745174943,0.17268747552265906,0.28374544121370204,"[-0.16294918101334932, 0.9081576159168482]",0.5068643492421785,0.49824399497197447,0.8728067218963704,"[-0.9599914860804415, 1.9737201845647985]",22.063920800185212
7024.0,24.0,0.5942688457323257,0.8368805037773916,0.373650578461962,0.30192142551792056,0.4253186414247015,"[-0.3357616682584537, 1.0830628251823777]",1.4018116231297295,0.13345421152505307,0.5270703456755651,"[-0.4291000484120804, 3.2327232946715396]",18.64547402148553
7025.0,24.0,0.9318568209642999,0.9878137795754037,0.1425762478405724,0.7068680606819802,0.750185879700181,"[-0.600496886161939, 0.8856493818430838]",-2.546561265830738,0.3451270751480918,0.7852720708716537,"[-7.8333492951173, 2.7402267634558233]",9.727147520239587
7026.0,24.0,0.2517192394296572,0.4616160635056981,0.5320465474190639,0.08658766710954229,0.15880475477283368,"[-0.07646413410017361, 1.1405572289383015]",-0.44607402232613236,0.455553248458369,0.8520462075951002,"[-1.6177463616855223, 0.7255983170332576]",1.7038772553141228
7027.0,24.0,0.5090918744258626,0.7679768810165373,0.4038311274542528,0.23797645858323935,0.3591918710131658,"[-0.2668929417420865, 1.0745551966505922]",3.1076667807145824,0.0004169616192632626,0.014579077596617574,"[1.3817594036434793, 4.833574157785685]",12.12958728880313
7028.0,24.0,0.8025609149879032,0.9464161733347914,0.24329552371824056,0.5050656235040354,0.5955962541321173,"[-0.47211545920839815, 0.9587065066448793]",1.4369744632726942,0.3202166321110316,0.7638755536999798,"[-1.3964077354469437, 4.2703566619923325]",18.51116186575986
7029.0,24.0,0.8563877404570082,0.9647684330924018,0.17835063966955506,0.5765345023929437,0.6494323790376558,"[-0.44759333675429674, 0.8042946160934068]",-0.9903440570359461,0.5743855962218057,0.9017816319235349,"[-4.446582570625228, 2.465894456553336]",3.7828356489348662
7030.0,24.0,0.725192734222346,0.9139164892531141,0.24022716560887147,0.41947187194850555,0.5287016283696818,"[-0.3429693261477418, 0.8234236573654847]",-1.2645031233398214,0.2920991258371657,0.7412149261786141,"[-3.6169616011357144, 1.0879553544560716]",4.830046143232156
7031.0,24.0,0.5102047939156897,0.7687947529067657,0.3687214777551458,0.238770285048432,0.359973292700787,"[-0.2447253078013693, 0.9821682633116608]",-1.6618978532515225,0.042018689414237,0.29018431915909526,"[-3.2638276574492675, -0.059968049053777506]",6.347982198210938
7032.0,24.0,0.4248942842174686,0.6886455173702895,0.3665360805994856,0.18223409322702977,0.2954029716761708,"[-0.17203003844551878, 0.90510219964449]",0.30811072893822367,0.6904181674143826,0.9373185088522442,"[-1.2080948103892846, 1.824316268265732]",22.82310370727603
7033.0,24.0,0.7684303315694109,0.9330582022989097,0.21077590794543583,0.46560606047260067,0.5652633106331821,"[-0.35540644865279575, 0.7769582645436675]",2.3935470325475743,0.08160684111965273,0.4167867268623735,"[-0.30035657851539943, 5.087450643610548]",14.85732379793078
7034.0,24.0,0.8829792758506921,0.9742298309856686,0.1949668388427501,0.6168956897490099,0.6808744052035123,"[-0.5688998882810928, 0.9588335659665931]",1.7879422116800407,0.3543430395278221,0.7924292598023077,"[-1.9955921526299898, 5.571476575990071]",17.170563817163174
7035.0,24.0,0.8715782007523186,0.9711122638619929,0.14542248945322403,0.5989416127987086,0.6674931603685597,"[-0.3965252249545108, 0.6873702038609588]",-3.0072038534234498,0.12751845756692945,0.5168779120759758,"[-6.87476431246653, 0.8603566056196308]",11.486672595776101
7036.0,24.0,0.4368263131300467,0.6999300002083748,0.507541691380152,0.18981662992916115,0.3041445760762076,"[-0.25117002057068927, 1.2662534033309933]",0.4083068473538871,0.6020721362810834,0.91161020243821,"[-1.126467651612281, 1.9430813463200551]",22.44038272668866
7037.0,24.0,0.41922877837901773,0.6826590356355918,0.3798628401017236,0.1786201989408871,0.2909123761252233,"[-0.17367534137099955, 0.9334010215744468]",-1.6945264607232442,0.017991170753081782,0.17242510945059325,"[-3.0983691902789707, -0.29068373116751767]",6.472614298178851
7038.0,24.0,0.577090212137521,0.8253578548877588,0.4113977846430465,0.2885805178693115,0.4127065063320538,"[-0.348396694975662, 1.171192264261755]",2.0838942806587264,0.024068875493734945,0.20571688456183712,"[0.2734745182025984, 3.8943140431148544]",16.04011018445362
7039.0,24.0,0.35574577545495706,0.6107223612960636,0.47245149560142663,0.14118166014200692,0.24241356480427012,"[-0.1568708218645799, 1.101773813067433]",2.6419346892777544,0.00014048612393778543,0.007059604217979167,"[1.281894213045564, 4.001975165509945]",13.908552837011875
7040.0,24.0,0.7617134507457293,0.9294675252910781,0.2614076736809476,0.4579757574951987,0.5589748088302553,"[-0.42891912860145415, 0.9517344759633493]",-0.34034284023822625,0.8063352824461696,0.964880279922775,"[-3.061297821026834, 2.3806121405503813]",1.3000138888763741
7041.0,24.0,0.3840625782553537,0.6442921963686525,0.532074260929752,0.1573470431737254,0.26400510599618354,"[-0.20541446900425175, 1.2695629908637556]",1.489171903804217,0.028723973040880757,0.22934642447202608,"[0.1547484454144643, 2.82359536219397]",18.31178232950377
7042.0,24.0,0.9103669811737607,0.9833163003922769,0.14880816039706665,0.6643017551622603,0.7175434814887236,"[-0.5232447354593427, 0.820861056253476]",0.7973793646460416,0.7290668697871818,0.9504441186599087,"[-3.714697484839723, 5.3094562141318065]",20.95423518233058
7043.0,24.0,0.4407175720467204,0.7035721137399752,0.44820660324847217,0.19220495692014627,0.3068406081100675,"[-0.2254224163443258, 1.12183562284127]",-1.8352787215168762,0.013353740799877155,0.1429736702342308,"[-3.289118297015347, -0.38143914601840523]",7.010248331538837
7044.0,24.0,0.12124872100084125,0.24186858368410383,0.7858551618470119,0.031023208940461428,0.061885515540517515,"[0.07171117523164294, 1.499999148462381]",1.5919375139391043,0.0003596836317699378,0.013223662932718303,"[0.7174646305276691, 2.46641039735054]",17.919246613516044
7045.0,24.0,0.1809118427893984,0.34784049757623225,0.6109131372306886,0.05447242275917578,0.1047546591522611,"[-0.011723332226374228, 1.2335496066877516]",-1.8354647949658904,0.00026336552503813514,0.010510386133178687,"[-2.821363238732573, -0.8495663511992075]",7.010959079759368
7046.0,24.0,0.9795222078028695,0.9948681677324512,0.0726976478994029,0.8388058659086628,0.8520986041331398,"[-0.6277446016236503, 0.7731398974224561]",-0.4660244550702535,0.9261817711249845,0.9889661639392809,"[-10.324556776429517, 9.392507866289012]",1.7800822950273054
7047.0,24.0,0.5570140641152288,0.8092605900264838,0.37928397419158233,0.2731360596026853,0.39682705158024884,"[-0.29906613492064194, 1.0576340833038067]",2.0199553557907306,0.023372352567284364,0.20218298068585092,"[0.27380242674616384, 3.7661082848352976]",16.28433888722297
7048.0,24.0,0.896194843261135,0.9784880399724428,0.1206812123629741,0.6388610614773327,0.6976022371836809,"[-0.3833353074623258, 0.6246977321882741]",-1.7836607033118614,0.3859912401206136,0.8110539041812019,"[-5.816270919284926, 2.248949512661203]",6.813082025540384
7049.0,24.0,0.23988592504316122,0.44333011466117395,0.5336167791268157,0.08096773383963231,0.1496354349281691,"[-0.06570165492858238, 1.132935213182214]",-0.5220153494991502,0.3715784420680056,0.803654485224597,"[-1.6670715207875224, 0.623040821789222]",1.9939517578231944
7050.0,24.0,0.6806966989979311,0.8895670399868414,0.30180058761551126,0.3763813258252835,0.4918731388202869,"[-0.3668963788422082, 0.9704975540732308]",-1.2583061981157568,0.25082246940947495,0.6984752698676552,"[-3.4059321947528716, 0.8893197985213579]",4.806375632479019
7051.0,24.0,0.528737751467898,0.7852929622276816,0.2774941839334438,0.25222124934992096,0.3746836533043669,"[-0.19752107559883741, 0.7525094434657251]",1.1161691119888761,0.19068926068488323,0.6232250971006521,"[-0.5556533353101623, 2.7879915592879145]",19.7365480440115
7052.0,24.0,0.34898124699603944,0.6017235862102014,0.5043988720989332,0.13732253576412976,0.23676299269677545,"[-0.1609529565218628, 1.1697507007197292]",0.4192733624345566,0.5437490201289268,0.8910210101645429,"[-0.9341910132433915, 1.7727377381125047]",22.398493724682734
7053.0,24.0,0.4964925780913364,0.7575413153667019,0.37403490581246224,0.22946026498464733,0.350053798603581,"[-0.23598775076024092, 0.9840575623851654]",0.5501014585066581,0.5159152717313017,0.8807846513356998,"[-1.1095170990403556, 2.209720016053672]",21.8987672082385
7054.0,24.0,0.7697014019055779,0.9333533805283444,0.25218210820165116,0.46701984104324523,0.5661781200125103,"[-0.42737659217957574, 0.931740808582878]",-0.7081089638415516,0.6086561784015836,0.9143882220641197,"[-3.4188278819608016, 2.0026099542776983]",2.704777004233515
7055.0,24.0,0.46530814397564685,0.7288020365744324,0.39367515668578357,0.2083746798995948,0.3263503209077444,"[-0.21964771150826945, 1.0069980248798367]",2.583297611942976,0.0013957753161325862,0.03269782466145427,"[0.9988402733399888, 4.167754950545962]",14.132529973962878
7056.0,24.0,0.660877253998937,0.8809347560636325,0.353071286870716,0.3583014446171918,0.4777352594895891,"[-0.4002513011905079, 1.10639387493194]",1.3011850120092978,0.21668200279720085,0.6554204561318839,"[-0.7631484767750125, 3.365518500793608]",19.029839363079194
7057.0,24.0,0.6581224373292428,0.8798428306540679,0.2701596402226018,0.355749046313923,0.4756142104833334,"[-0.3032087920320197, 0.8435280724772234]",0.0007645827361244528,0.9994578899740159,0.999870900499806,"[-2.2048273641111726, 2.2063565295834215]",23.997079509075434
7058.0,24.0,0.965451017146365,0.9924001547942788,0.09204654429290463,0.7908442836027704,0.8129567060061373,"[-0.5881876176405999, 0.7722807062264091]",-0.6233325344495704,0.8702790894789794,0.9746657962582365,"[-8.10452934482677, 6.857864275927628]",2.3809548971435586
7059.0,24.0,0.48665552530733813,0.749161830830262,0.40248645075751843,0.22245481946060885,0.3427095101543083,"[-0.2441051855855626, 1.0490780871005994]",0.12368833989349781,0.8844133091266526,0.9776378471184263,"[-1.5438716816549023, 1.791248361441898]",23.527545343274863
7060.0,24.0,0.8076769900806242,0.9477552101391977,0.2271075914352794,0.5114359081268536,0.6001360104750688,"[-0.4508094630694208, 0.9050246459399796]",1.8945747434443945,0.1995804693568114,0.6334879202496502,"[-1.0002253442458295, 4.7893748311346185]",16.763257548570365
7061.0,24.0,0.20407944262949027,0.38746808929084925,0.761557878807107,0.06459013174225255,0.12260845053578691,"[-0.046103287025218154, 1.569219044639432]",-0.5669757062192389,0.3025854096076057,0.7514276816848787,"[-1.6449140725181568, 0.510962660079679]",2.165687670187443
7062.0,24.0,0.660278095968874,0.8809347560636325,0.2844963646612943,0.35781760512562044,0.4774721178617834,"[-0.3219022102681716, 0.8908949395907602]",0.347168342111952,0.7566125500960821,0.9555601794595632,"[-1.8482716500064718, 2.542608334230376]",22.67391461442875
7063.0,24.0,0.6112321058946497,0.8492503187768645,0.35590453590656607,0.31578977133403696,0.43873457343617617,"[-0.3394669584680688, 1.051276030281201]",0.3489097096320446,0.733976725405277,0.9521036780455013,"[-1.6633597975633205, 2.3611792168274097]",22.667263080463254
7064.0,24.0,0.4837515949065649,0.7466454621184826,0.421678998803368,0.22067624612814496,0.3406023246305679,"[-0.2531426844811274, 1.0965006820878633]",-1.109517739084394,0.16428822249568142,0.5815512300732086,"[-2.6730968567498774, 0.4540613785810894]",4.238045582962203
7065.0,24.0,0.9780886547316783,0.9948196093691711,0.06771024249639107,0.8332843037653861,0.8476951208193144,"[-0.5627656358597055, 0.6981861208524875]",0.5131406114179375,0.9156770295220489,0.986565242976216,"[-8.985638535617461, 10.011919758453335]",22.039947244599308
7066.0,24.0,0.42453767674487575,0.6885721881544612,0.45131648079855397,0.1819080854912435,0.2950990588354646,"[-0.21132644318113963, 1.1139594047782475]",1.5094745682946513,0.0363093665283705,0.26464552863243807,"[0.09624685817906387, 2.922702278410239]",18.234231863625634
7067.0,24.0,0.9773754525175016,0.9946829355968874,0.0718639468016747,0.8305102552442807,0.8452170315940165,"[-0.5861720010966971, 0.7298998947000466]",1.5398278903980342,0.7319740837193798,0.9512605204558294,"[-7.271852828546364, 10.351508609342432]",18.118290713577302
7068.0,24.0,0.7101526231717539,0.9063849689492711,0.315867066401317,0.40470444483920553,0.5165340712689286,"[-0.4271140210266823, 1.0588481538293162]",0.7157770225411673,0.5530172195490275,0.8941780007536285,"[-1.6490086073623473, 3.080562652444682]",21.26593316906338
7069.0,24.0,0.5470675095821529,0.8010753015932143,0.413516365464998,0.2658056457160898,0.3891737126150655,"[-0.3148232817587476, 1.1418560126887436]",2.4350046032596393,0.007074867926891157,0.09571741259126337,"[0.663006618473879, 4.2070025880454]",14.698967542553014
7070.0,24.0,0.4985622790428407,0.7589622150142192,0.44494232715524373,0.23095850801254525,0.35153501980600493,"[-0.28306144592370386, 1.1729461002341912]",-0.85064687428443,0.305789442123512,0.7518643526041306,"[-2.4786539587503706, 0.7773602101815107]",3.2492317168328904
7071.0,24.0,0.6431135326597971,0.8722548930690318,0.2510409500516187,0.34290688420926163,0.46508461170386767,"[-0.26774002462483554, 0.7698219247280729]",2.44718965540832,0.02117188791473376,0.19005285381269085,"[0.3662347604060199, 4.5281445504106195]",14.652424071801933
7072.0,24.0,0.8385974407106145,0.9581171777557735,0.19919276985129605,0.551460069277965,0.6300960572188814,"[-0.45632756831332677, 0.8547131080159189]",1.8762092649107043,0.24882845947721732,0.695756657100674,"[-1.3125730785700878, 5.064991608391496]",16.833408509151603
7073.0,24.0,0.653663637372687,0.8776364626378719,0.2690631761711738,0.3517960293520448,0.472454267777426,"[-0.29730753981183433, 0.835433892154182]",-3.115818311192613,0.005241602337859878,0.0785847426965499,"[-5.3032584775672245, -0.928378144818002]",11.9015492640611
7074.0,24.0,0.25616896569737113,0.468275096575517,0.5114478228417091,0.08883426568908734,0.16228400747001706,"[-0.07766332147827992, 1.1005589671616982]",-0.8239885673385761,0.15965109203044225,0.5747511183458549,"[-1.972427693460012, 0.3244505587828599]",3.147404485035443
7075.0,24.0,0.8426194498622435,0.9593754410363697,0.1669550585834409,0.5569793293389261,0.6341561304097987,"[-0.39018250612619726, 0.7240926232930791]",2.8057179575726376,0.10981870166487995,0.48460856440097866,"[-0.6333544161100044, 6.244790331255279]",13.282946835134833
7076.0,24.0,0.2580495974624474,0.4711223175535217,0.4895074011913907,0.08952203047344372,0.16348069845406085,"[-0.07554536193969652, 1.0545601643224778]",-1.6608081994733963,0.0034034963440324156,0.0593978419551905,"[-2.7722537618323413, -0.5493626371144515]",6.343820027369797
7077.0,24.0,0.5110873025711715,0.769403811234571,0.3210284834034809,0.23941699872602185,0.36051347496765823,"[-0.21380666138489268, 0.8558636281918545]",1.73344847941829,0.03442708880040397,0.2571104466049587,"[0.1270925875050286, 3.3398043713315513]",17.378714541730787
7078.0,24.0,0.9765575445380502,0.9944981775987023,0.06746304134297282,0.8275455413602735,0.8428860677941266,"[-0.5394902991989459, 0.6744163818848916]",1.1754728318648935,0.7924723779144642,0.9628316126547152,"[-7.58116579250581, 9.932111456235596]",19.510024520123373
7079.0,24.0,0.7784466936294999,0.936871697712721,0.26198879656540947,0.4767164137922798,0.5737350027587914,"[-0.4596148527801, 0.9835924459109189]",0.3354750089957763,0.8168209771378043,0.966095377463714,"[-2.503115657797036, 3.174065675788589]",22.71857985682858
7080.0,24.0,0.4777276703492449,0.7406630548050308,0.45613191922495844,0.21638968904819156,0.33553991168893094,"[-0.26706235036093096, 1.179326188810848]",-0.03815427311895636,0.9637961697430651,0.9938808419181301,"[-1.6856629433438535, 1.6093543971059407]",0.14573858800704317
7081.0,24.0,0.45066762165220997,0.7137592994175008,0.3772086771520997,0.19860546168533622,0.3144979599134382,"[-0.19789471012403492, 0.9523120644282344]",0.2638983227544598,0.742791302133549,0.953797272171125,"[-1.31226112472265, 1.8400577702315697]",22.991982659039216
7082.0,24.0,0.45045764608730027,0.7136527979836823,0.47279381213834865,0.1985727884729258,0.3144979599134382,"[-0.24798900566097198, 1.1935766299376693]",1.1457014466961208,0.13083583515801656,0.5223251886007398,"[-0.3406056069388017, 2.632008500331043]",19.623742834818643
7083.0,24.0,0.49318840541083836,0.7544713755754244,0.30623426637830964,0.22700442727890924,0.34726086473750845,"[-0.19058096804918317, 0.8030495008058025]",0.2792281107286776,0.7440392780768396,0.9543859390416106,"[-1.3969187454038678, 1.955374966861223]",22.933427182255677
7084.0,24.0,0.7640586121623754,0.9308841617518103,0.28340868282598375,0.46067737321768487,0.5611865294058275,"[-0.4695353052059983, 1.0363526708579658]",-1.0427633459294654,0.43304810587140696,0.8403805664106482,"[-3.649669117450492, 1.564142425591561]",3.9830625835132425
7085.0,24.0,0.9168546041603178,0.9850178385908013,0.14546261831561036,0.676443688538287,0.7267336576474935,"[-0.53770824414333, 0.8286334807745507]",-0.4195561938186767,0.8645016212308237,0.9732090748967959,"[-5.238373737042327, 4.3992613494049735]",1.602586611625529
7086.0,24.0,0.8571134922026097,0.9649685293156162,0.18344003061324163,0.5773927793693979,0.6501438794836144,"[-0.46181792448760284, 0.8286979857140861]",-2.9373111459576506,0.11413475271271749,0.49519485119615037,"[-6.581278067775614, 0.7066557758603125]",11.219702118673915
7087.0,24.0,0.5770633816008526,0.8253578548877588,0.2982898191658685,0.2886050435520141,0.4127065063320538,"[-0.25263800495345123, 0.8492176432851882]",2.163681437329842,0.019833597030329306,0.18296676227241057,"[0.3432168600183041, 3.98414601464138]",15.735345695346687
7088.0,24.0,0.6526472580952615,0.8776136598629726,0.3453448242039439,0.3512077290838299,0.47223420649775827,"[-0.3807093061591293, 1.071398954567017]",0.5997011952970261,0.5814136160233438,0.9045015806212567,"[-1.532255783262023, 2.7316581738560752]",21.709310169368646
7089.0,24.0,0.8398218272078546,0.9587751665643991,0.20057706226287408,0.5531513568456672,0.6316676451360822,"[-0.4623138398162385, 0.8634679643419867]",-0.34804287123917366,0.8411674223579328,0.9708072590103425,"[-3.751985113080201, 3.055899370601854]",1.329425840774653
7090.0,24.0,0.8682179511284585,0.9705291503076017,0.2177089436949173,0.5938583856054631,0.6638998162162808,"[-0.5824770944092742, 1.0178949817991088]",-1.8100386713921086,0.31791812080088,0.7614805288643832,"[-5.362106282038962, 1.7420289392547446]",6.9138384417489815
7091.0,24.0,0.8127025787458424,0.9485141600090665,0.2112067272258669,0.5178740070374794,0.6044281127888416,"[-0.4289740872910889, 0.8513875417428226]",0.8959338346140413,0.5590583013056007,0.8959434689226791,"[-2.109672734546721, 3.9015404037748036]",20.57778483690957
7092.0,24.0,0.3308773252320575,0.5771451687285147,0.5164665529356655,0.12734245337780323,0.22212184437084112,"[-0.14745322695644214, 1.180386332827773]",-0.49969152854268284,0.45556067830648816,0.8520462075951002,"[-1.8122189674276221, 0.8128359103422564]",1.9086810429291092
7093.0,24.0,0.15019457271241907,0.2939228428814463,0.5822197386800212,0.04206259371450247,0.08231427341389916,"[0.020888864691496645, 1.1435506126685457]",0.9715022391589452,0.04520006179571659,0.3013337453047773,"[0.020772797029498746, 1.9222316812883915]",20.28913479391222
7094.0,24.0,0.43537808310812215,0.6986169497883861,0.41244358077831456,0.18878691547569126,0.3029801243390969,"[-0.2026752772818219, 1.027562438838451]",2.913592008175174,0.00021648566061586888,0.009251523957943115,"[1.3697696583545786, 4.457414357995769]",12.8708983139011
7095.0,24.0,0.6861409054730175,0.8931940577966964,0.23058716190513281,0.38165565733743834,0.49668877841936276,"[-0.28600728952000587, 0.7471816133302716]",2.510476666290714,0.029947474009311095,0.23711380846643781,"[0.24381035947433594, 4.777142973107091]",14.410685497031288
7096.0,24.0,0.8881387467155212,0.9754828927651178,0.1597458059992596,0.625400077622865,0.6869508761235336,"[-0.4815665366077466, 0.8010581486062658]",1.9798689607838096,0.3210264107693729,0.7639529235289347,"[-1.9305140404828118, 5.8902519620504314]",16.43745763720903
7097.0,24.0,0.9997277393137969,0.9997277393137969,0.008516291210051404,0.981383348457335,0.981383348457335,"[-0.7067992732848525, 0.7238318557049552]",1.748136540461231,0.9662667918831626,0.9940815958765544,"[-79.26891158612285, 82.76518466704532]",17.32261028126472
7098.0,24.0,0.4451210905610961,0.7082276699460559,0.4696862641647657,0.1949686128287743,0.3102125900219162,"[-0.24061774308412226, 1.1799902714136536]",-1.4283102435021755,0.05476287127575165,0.3400730386483406,"[-2.8857786590163323, 0.029158172011981343]",5.455743252531838
7099.0,24.0,0.49674269786824476,0.7575761748791289,0.4947194088992198,0.22969830257570645,0.3503100542560721,"[-0.3125429795487396, 1.3019817973471792]",0.7204723561431434,0.38919046771842847,0.8133552094429017,"[-0.9194326475321022, 2.360377359818389]",21.2479983158101
7100.0,24.0,0.8001530944612081,0.9455321020522349,0.20008516243938734,0.5021195629287187,0.593621602891175,"[-0.3842175204665733, 0.784387845345348]",-0.009418595656325301,0.9951466711274152,0.999042938587908,"[-3.0442313886835826, 3.025394197370932]",0.03597638533651262
7101.0,24.0,0.6642412432357541,0.8827126155956865,0.34510620135972925,0.36157151961188827,0.4804298692690516,"[-0.3962512131836049, 1.0864636159030634]",0.8701247634504066,0.42426377888431255,0.8337171340768361,"[-1.2641870824735655, 3.0044366093743786]",20.67636822696484
7102.0,24.0,0.617533023355721,0.8534176663290782,0.3583669295862399,0.3211161156403598,0.443714406025093,"[-0.3495646436714092, 1.066298502843889]",-2.621609931952176,0.010744136511509517,0.12399750058524074,"[-4.63589364325369, -0.6073262206506631]",10.01381230869591
7103.0,24.0,0.28470693230533156,0.5124314836309064,0.5548342545866557,0.10302671660586767,0.18539988592022255,"[-0.11217131987363771, 1.221839829046949]",-0.6454834831085572,0.29776127655419893,0.7470401704647027,"[-1.8604932678183568, 0.5695263016012424]",2.4655652885016193
7104.0,24.0,0.6751728240372538,0.887749373441559,0.30876166326198945,0.37116380417864603,0.48824494104005,"[-0.3679293591135257, 0.9854526856375045]",-0.0240304112555636,0.9835009553778152,0.9971100704756963,"[-2.3015368032917327, 2.2534759807806055]",0.09178940966049759
7105.0,24.0,0.3687747227997476,0.6250419030504197,0.3707788642970633,0.14843803479556608,0.251632539066903,"[-0.13211226240566243, 0.873669990999789]",-3.0215179476689116,2.5978372351518306e-05,0.002045300327820809,"[-4.429479635353499, -1.6135562599843238]",11.541348408297265
7106.0,24.0,0.871993479273965,0.9711122638619929,0.15891770514153059,0.5995717585205729,0.667840353392177,"[-0.43434557482466674, 0.7521809851077279]",-3.038523779011565,0.12446326860769152,0.5107259184944607,"[-6.914962396997478, 0.8379148389743469]",11.606305899166953
7107.0,24.0,0.7770179041712917,0.9363034753209127,0.2894775218799233,0.4749835511998014,0.5724072682571721,"[-0.5047137490922031, 1.0836687928520496]",1.4331320751151368,0.28803433503454545,0.738579081276868,"[-1.210666775805933, 4.076930926036207]",18.525838707405132
7108.0,24.0,0.9576376625565318,0.9913252039045252,0.09612167385376712,0.7685131572833975,0.7955771604989066,"[-0.5439803335469535, 0.7362236812544878]",-0.6394444187691661,0.8523429877478315,0.9708072590103425,"[-7.372853876722191, 6.093965039183859]",2.4424977619112815
7109.0,24.0,0.9053427741527966,0.981154943509765,0.13674329108820854,0.6550336053081914,0.7099865654760367,"[-0.4631306287917695, 0.7366172109681866]",-0.4340988355062576,0.849947858880012,0.9708072590103425,"[-4.9313807845359054, 4.06318311352339]",1.6581354110701552
7110.0,24.0,0.9661855388059627,0.9924001547942788,0.10594267839005235,0.7929488805018342,0.8145423802795773,"[-0.685131863650867, 0.8970172204309717]",1.4199939718998182,0.6989975757855236,0.9396049854761145,"[-5.7776379637055735, 8.61762590750521]",18.5760225650748
7111.0,24.0,0.7189116734938922,0.9112893736624004,0.3047873483385039,0.41336683642056893,0.5239982945684851,"[-0.425511632752504, 1.0350863294295118]",0.9023934580164532,0.45641997830748593,0.8520462075951002,"[-1.4724267284609982, 3.2772136444939046]",20.553110893029427
7112.0,24.0,0.4846465845814486,0.747403318014467,0.3704978862558775,0.2213035887468563,0.34125457015706445,"[-0.2232236772388369, 0.9642194497505918]",2.0620097503442896,0.00998343197685285,0.11842742558544306,"[0.4933632966204331, 3.630656204068146]",16.12370293269651
7113.0,24.0,0.5587102440854051,0.810429712917617,0.33209494384255545,0.2742894822156493,0.39792468042310936,"[-0.26328717228336695, 0.9274770599684778]",0.25995497407102963,0.7834241444715572,0.9607862641660785,"[-1.5937276994153613, 2.113637647557421]",23.007045141486483
7114.0,24.0,0.40338562006027734,0.6660925034020432,0.49807568706908284,0.1690418787702037,0.279131239713018,"[-0.21174634947934262, 1.2078977236175084]",-2.7601427236911875,0.00022259630081281897,0.009449040554363181,"[-4.225458487702761, -1.2948269596796147]",10.542968594749919
7115.0,24.0,0.3857846767432913,0.6458401140643172,0.40944749417421744,0.15844141150486857,0.2653544402975462,"[-0.15956876319290003, 0.9784637515413349]",-0.2777374845695624,0.7046103339939884,0.9423077547908834,"[-1.7136360317048238, 1.158161062565699]",1.0608790452277166
7116.0,24.0,0.9375970711203344,0.9880486751993395,0.1724641078871703,0.7192378337343137,0.7582098184000777,"[-0.7678544047537467, 1.1127826205280873]",1.751774891346173,0.5138871074489213,0.8803357696922911,"[-3.5077702417657113, 7.011320024458057]",17.30871280459173
7117.0,24.0,0.18010290077938054,0.34648499572793484,0.6230059997659626,0.05409165714666255,0.10406244160573787,"[-0.010952852910551703, 1.256964852442477]",1.6574964417728726,0.0009136984759352539,0.02456178698750683,"[0.6777632526404186, 2.6372296309053267]",17.668829955230866
7118.0,24.0,0.9512108100415495,0.991078205928571,0.10776886742544856,0.7516292992341772,0.7832965317005697,"[-0.5596201255378465, 0.7751578603887436]",2.6603995659536053,0.41011926168113555,0.8261870702682022,"[-3.6700484787995706, 8.990847610706782]",13.838022203494821
7119.0,24.0,0.8871066966383467,0.9753784460014808,0.1684933831787871,0.62380926063172,0.6858715881870201,"[-0.5048372757563133, 0.8418240421138876]",2.2463105077872942,0.26656855619000597,0.7160047171367336,"[-1.7165064121487368, 6.209127427723326]",15.41972589519328
7120.0,24.0,0.14068190875415543,0.27682390545878677,0.47281097306966363,0.038372142839251465,0.07550598748376912,"[0.025318756634121364, 0.9203031895052058]",-2.1667891461364253,5.329149991077286e-06,0.0006055852262587825,"[-3.0998720993846605, -1.23370619288819]",8.276524877891502
7121.0,24.0,0.9580356465517864,0.9913252039045252,0.10200983478389367,0.7696022814310886,0.7965248203592306,"[-0.5806084644066756, 0.784628133974463]",0.9020446271338258,0.7898046755531813,0.9620032588954707,"[-5.730408549744259, 7.53449780401191]",20.554443328851985
7122.0,24.0,0.8720265601367407,0.9711122638619929,0.14683130195969793,0.5998750370268282,0.6680122906757552,"[-0.4017674637835792, 0.6954300677029751]",0.7086120847388226,0.7117228268967875,0.9453650348600355,"[-3.049687082548515, 4.4669112520261605]",21.29330121549992
7123.0,24.0,0.19389833104093174,0.37024695635083393,0.5074835654880294,0.06001379034718022,0.11459574249986675,"[-0.021390573733274354, 1.0363577047093333]",-1.808989469316316,0.0004307467373027412,0.01500859711856241,"[-2.8161083759215897, -0.8018705627110423]",6.90983078502903
7124.0,24.0,0.15840818819859306,0.3087277103850966,0.629128468604411,0.04530749417226167,0.08830148932422854,"[0.013144710917522229, 1.2451122262912997]",-0.541145933721829,0.28738310971367,0.738579081276868,"[-1.538087920023643, 0.455796052579985]",2.067025206861798
7125.0,24.0,0.9243561716973167,0.9862215899768196,0.11002790210570305,0.6912702788529916,0.7376711482100763,"[-0.43299265477802135, 0.6530484589894274]",-2.6408113667408872,0.30431216274319683,0.7514276816848787,"[-7.679502836768984, 2.3978801032872092]",10.08715638696183
7126.0,24.0,0.7278233464054609,0.9150478185522077,0.2575330189407115,0.4220328874777567,0.5309811610094405,"[-0.3711328474949179, 0.886198885376341]",-0.05364336174003981,0.9669343461913261,0.994148983552796,"[-2.589955249849509, 2.4826685263694293]",0.2049025484398558
7127.0,24.0,0.42845128136806765,0.6914068430522148,0.4669602372807935,0.18447726378591656,0.2977841223340057,"[-0.22268538495939416, 1.1566058595209812]",-1.2382572412243142,0.09030452826659575,0.43616627594875296,"[-2.671099902188272, 0.1945854197396435]",4.729794258244393
7128.0,24.0,0.7962105090104838,0.9444516968797697,0.22028952499420745,0.4976887361943083,0.5903499744045884,"[-0.41640107746104765, 0.8569801274494626]",-2.4002486368977425,0.10476412832047911,0.4723360158723134,"[-5.300291548167884, 0.49979427437239865]",9.168274445084629
7129.0,24.0,0.8672066931851738,0.9701834484814971,0.1684793359185613,0.5922971436855838,0.6627496566511464,"[-0.4481540426864625, 0.785112714523585]",1.4185478507511569,0.4306671321530521,0.8389751037742516,"[-2.1095286932335298, 4.946624394735844]",18.58154634097366
7130.0,24.0,0.5036105120131782,0.7637940071109626,0.4214507125797334,0.23439920831775163,0.35541957288514275,"[-0.27321437703143064, 1.1161158021908975]",-2.6050386241292625,0.0023556350378525115,0.04711270075705023,"[-4.283857400648264, -0.9262198476102608]",9.950514575411571
7131.0,24.0,0.7983690060335114,0.9448153917556348,0.2320166794781642,0.49997397317996284,0.591825252343706,"[-0.4421473490853032, 0.9061807080416315]",-3.05833494852189,0.04701960297416085,0.30954314005372513,"[-6.076388001636335, -0.04028189540744487]",11.681978992510945
7132.0,24.0,0.46959848184635,0.7323744258364785,0.41152297313997177,0.21110062176326483,0.329227420092428,"[-0.23345211569326352, 1.056498061973207]",-1.2028885988170472,0.12167450046218564,0.5066249294290442,"[-2.726111177651167, 0.32033398001707236]",4.5946959957748055
7133.0,24.0,0.7381436322318813,0.9202638476896662,0.17722425484274007,0.4329381957227515,0.5396886010006875,"[-0.2657301023752163, 0.6201786120606965]",-2.148938204413077,0.08699821426653202,0.4287738505004043,"[-4.609917701176561, 0.3120412923504068]",8.208339303152712
7134.0,24.0,0.3347165465489327,0.5822124403880599,0.457501726255352,0.12927495794139882,0.22486512078865686,"[-0.1336032684224412, 1.048606720933145]",0.16386166469098384,0.810578279577853,0.9654338727701918,"[-1.1761035201288013, 1.503826849510769]",23.37409454594792
7135.0,24.0,0.8401470318041636,0.9587751665643991,0.23449550601903527,0.5537218276661615,0.6320303934096125,"[-0.541608386914774, 1.0105993989528446]",-0.5812479948653948,0.7346145343284247,0.9521126807754771,"[-3.941857338245917, 2.7793613485151276]",2.2202037970819246
7136.0,24.0,0.9039874043573,0.9808891106307509,0.1409862200618151,0.6526300948966288,0.7081489744972101,"[-0.47292379124350997, 0.7548962313671401]",-2.648917459579067,0.24311674856202325,0.6880067848665263,"[-7.09686221250242, 1.7990272933442855]",10.118119380826426
7137.0,24.0,0.676578226888877,0.887781428800521,0.33462685920299373,0.3727329001064794,0.48908660294774886,"[-0.4011614238159843, 1.0704151422219716]",-1.0262393914586685,0.35174916452839644,0.7903246740292883,"[-3.1862353805999035, 1.1337565976825665]",3.9199457267103766
7138.0,24.0,0.9229367395573707,0.9861488829547715,0.13473599185409024,0.6884604544514203,0.7356132647199705,"[-0.5239018394766685, 0.793373823184849]",-2.5031405585883513,0.32095272033377353,0.7639529235289347,"[-7.44626964596068, 2.4399885287839767]",9.56129263567546
7139.0,24.0,0.8757084877178687,0.9724665269479806,0.18869251298331885,0.6055260056160431,0.6726311141059317,"[-0.5273807226028984, 0.9047657485695362]",-2.597056496549742,0.18763414296348402,0.6196636161277543,"[-6.46021488360167, 1.2661018905021857]",9.92002509395547
7140.0,24.0,0.8263126180035217,0.9537227604452235,0.2237660520639854,0.5351952761460864,0.6177868292614205,"[-0.4835020886713798, 0.9310341927993505]",-1.0979667048792008,0.4862131364730209,0.868392813847153,"[-4.188355618478839, 1.9924222087204377]",4.193923882364281
7141.0,24.0,0.6077418934990002,0.846426670429624,0.3819924820264017,0.3131218459785079,0.4359814062635866,"[-0.3602466721566361, 1.1242316362094393]",0.8929618444533114,0.36379875882136237,0.7986341840478475,"[-1.0342222769679668, 2.8201459658745893]",20.589137003107183
7142.0,24.0,0.48415817400759054,0.7470423916179456,0.36159020573632306,0.22083842914723428,0.3407474604956554,"[-0.217273460032275, 0.9404538715049211]",0.2909520970129664,0.7301352527318454,0.9506810952450392,"[-1.3622233521628728, 1.9441275461888057]",22.88864485337841
7143.0,24.0,0.36084601100256664,0.6161987892803392,0.5022117593685044,0.14416895672433608,0.24606410091199196,"[-0.17177443508201395, 1.1761979538190226]",2.3519939578068274,0.0005902444215751304,0.01850295992398528,"[1.0103916503587063, 3.6935962652549486]",15.016044851826544
7144.0,24.0,0.49635390728669343,0.7574453033521951,0.42746398373266103,0.22930422732143207,0.3499225199472487,"[-0.26946391372443934, 1.1243918811897613]",0.4531932175986242,0.5947003412967862,0.9093024904449286,"[-1.2163190839266291, 2.1227055191238775]",22.26892942184299
7145.0,24.0,0.30690576642833756,0.5449321136866788,0.3935355474754403,0.11444228216004912,0.20320007485804176,"[-0.09509124588055334, 0.8821623408314339]",-1.1357191660169015,0.06609270933758726,0.3742509022513435,"[-2.3469366340852353, 0.07549830205143215]",4.338127661659075
7146.0,24.0,0.9899768333846263,0.9967292107757114,0.048861618687578975,0.8871252213136612,0.8932555270147863,"[-0.625825946471148, 0.723549183846306]",-1.2809568111530503,0.8510565316385647,0.9708072590103425,"[-14.651687026492436, 12.089773404186335]",4.892894601173746
7147.0,24.0,0.15946155906997922,0.31047811345400944,0.796814205608612,0.04569675729219959,0.08899076395754546,"[0.015240813658144448, 1.5783875975590798]",0.4285426252156199,0.4037115328722721,0.822520795762232,"[-0.577346091523594, 1.4344313419548338]",22.36308774891256
7148.0,24.0,0.21286359722824563,0.400948572665748,0.5804288177191989,0.06854054571650822,0.12910255361934114,"[-0.044143951407649484, 1.205001586846047]",2.2614679497583436,3.338370763738519e-05,0.002464710591363653,"[1.1931799115126238, 3.3297559880040635]",15.361828731649574
7149.0,24.0,0.9950541010549494,0.9984605798120694,0.03529766027835418,0.9206948873830497,0.9239060205657357,"[-0.6595921016963819, 0.7301874222530902]",-0.37054489578272864,0.9713951421280721,0.9946639642340541,"[-20.62386046758581, 19.882770676020353]",1.4153772432310192
7150.0,24.0,0.2135429070161083,0.4020009544730955,0.4557766590385958,0.06865487576387783,0.12926920686100135,"[-0.034866275213824904, 0.9464195932910165]",-0.08683075400238494,0.8790199961513168,0.9766268042296392,"[-1.2049129580748834, 1.0312514500701135]",0.33166904908502254
7151.0,24.0,0.4321090250512974,0.695603710642784,0.5292052576128239,0.18670575535056388,0.3005780866526091,"[-0.2563394668068716, 1.3147499820325192]",1.3697037121040099,0.06096872871015243,0.3581958030844191,"[-0.06304335656385929, 2.802450780771879]",18.768117207535884
7152.0,24.0,0.6049030360999934,0.8451907728098274,0.34066439737701854,0.31067285720307236,0.4340825167012329,"[-0.31792958898377915, 0.9992583837378162]",0.43424067350604556,0.6676084169055214,0.9332201550489372,"[-1.547667628054473, 2.416148975066564]",22.341322807679017
7153.0,24.0,0.9087930525606726,0.9827977209480616,0.13839785215355602,0.6613983838381654,0.7152572551510387,"[-0.48092896008953845, 0.7577246643966505]",2.2975346151552447,0.3121014935387755,0.757560761484743,"[-2.157338562223379, 6.752407792533869]",15.224064217759377
7154.0,24.0,0.49355979494183094,0.7546967920683259,0.2679978429678312,0.22750129525015705,0.3478613077219527,"[-0.16725009823918718, 0.7032457841748496]",0.852358720352818,0.30116416496052245,0.7501149821647681,"[-0.7633948294312032, 2.468112270136839]",20.744229512840796
7155.0,24.0,0.840940512812016,0.9587751665643991,0.196205940741829,0.5547068486668001,0.6324722571589342,"[-0.45478846473279994, 0.8472003462164579]",-0.39325332419122816,0.8211423620999395,0.9661320257397701,"[-3.802560716120334, 3.0160540677378775]",1.502117050376486
7156.0,24.0,0.9599109476241008,0.9918311520199155,0.08644306470569317,0.7746438671827722,0.8005139280711173,"[-0.5053202025421095, 0.6782063319534959]",0.15175878517737562,0.9665920446169164,0.9941294298230138,"[-6.949987293535157, 7.2535048638899084]",23.42032414035359
7157.0,24.0,0.3198030184025646,0.5625382909455842,0.517832260276372,0.1212529423848065,0.21336079955095283,"[-0.13715905918322224, 1.172823579735966]",1.233988409525324,0.048783534573478504,0.31739449950213733,"[0.006584708809654671, 2.4613921102409932]",19.28651147774253
7158.0,24.0,0.47030990872246725,0.7331409333163948,0.4869432131457152,0.21163963673778186,0.3299136971750302,"[-0.2771384669791047, 1.251024893270535]",-1.1050999614666237,0.15783262961377098,0.5710297742900542,"[-2.6386303188127513, 0.42843039587950393]",4.22117091547383
7159.0,24.0,0.9367160205331103,0.9880486751993395,0.14406008064635742,0.717253499773451,0.7566763369273668,"[-0.6356353964253878, 0.9237555577181027]",-3.1329063471761383,0.27496335108088366,0.7255688343191455,"[-8.757494332155332, 2.491681637803056]",11.966820753529344
7160.0,24.0,0.3900830124806442,0.6512237270127617,0.4263870843945667,0.1610440273062893,0.2688099270677505,"[-0.16987567846551693, 1.0226498472546504]",2.77378870119459,0.00015788293548936276,0.007518235023302988,"[1.3349190140718588, 4.212658388317322]",13.404907610698386
7161.0,24.0,0.653573703314971,0.8776364626378719,0.3120496283313346,0.351782602210718,0.472454267777426,"[-0.34478809475922506, 0.9688873514218943]",-2.91754575048451,0.008689311324853594,0.10929654449294614,"[-5.096735324903225, -0.7383561760657957]",11.144203869272719
7162.0,24.0,0.3302387588281523,0.5766348154848128,0.5986925657468585,0.1269057791744096,0.2215587936223144,"[-0.17004562360468578, 1.3674307550984026]",1.2310394835242828,0.052847281438970495,0.33174690168845256,"[-0.015130585202981717, 2.4772095522515474]",19.297775545339597
7163.0,24.0,0.8760950941274358,0.9724665269479806,0.20384856717158317,0.6059649308573269,0.6726311141059317,"[-0.5706832333092864, 0.9783803676524527]",-1.360547570435001,0.4672766078476135,0.8568927430895292,"[-5.028948601297937, 2.307853460427935]",5.196908907513577
7164.0,24.0,0.6957978058200365,0.8987471043441002,0.29777039027080054,0.39059524861153205,0.504579832853032,"[-0.38201196548660366, 0.9775527460282047]",-1.2478231261769253,0.2692775351290039,0.7199934094358392,"[-3.4616610435000528, 0.9660147911462023]",4.7663332472505475
7165.0,24.0,0.6286984347780661,0.8613487255487958,0.3399964279769101,0.33041859820298947,0.4526902290765714,"[-0.34468513317104454, 1.0246779891248647]",-2.710145029089583,0.010095431690374383,0.11947256438312878,"[-4.774944708209475, -0.6453453499696913]",10.351991469012855
7166.0,24.0,0.5763949779233699,0.8250660869761373,0.36021221154808214,0.2878342880266558,0.41220451192517354,"[-0.3040207277796906, 1.024445150875855]",0.20398651502978815,0.8342218560750019,0.9707873627483405,"[-1.7063112471505315, 2.114284277210108]",23.22082890741408
7167.0,24.0,0.510325956979511,0.7687947529067657,0.3586752340417627,0.23889169354385642,0.3600477672100323,"[-0.23821176672998656, 0.955562234813512]",-2.9525542671152927,0.0007929376412050503,0.02252663753423438,"[-4.677285025137708, -1.2278235090928775]",11.277926552603212
7168.0,24.0,0.3392732233106514,0.5887093932164695,0.35241150163368457,0.13190918926313153,0.22892951972081138,"[-0.10604240154740135, 0.8108654048147705]",1.1607916380928192,0.07259419467952712,0.3938914524119757,"[-0.1064152516806125, 2.427998527866251]",19.566102549546947
7169.0,24.0,0.6151253991439432,0.8526828377376533,0.24310556228776095,0.31921128278005917,0.4423676804556811,"[-0.23524773529569462, 0.7214588598712165]",2.341590465185348,0.019541712519939185,0.18110947655179968,"[0.37612206844909846, 4.307058861921598]",15.055783266453629
7170.0,24.0,0.9915243765778702,0.9968074560951746,0.033050720606953896,0.8962027385912743,0.9009779215756251,"[-0.4634874706411208, 0.5295889118550285]",-0.34763576957825126,0.9648787107217272,0.9938808419181301,"[-15.821608922471569, 15.126337383315064]",1.3278708269744117
7171.0,24.0,0.8125887698663348,0.9485141600090665,0.26633248368739715,0.5174764555292364,0.6041756631981744,"[-0.5401718460024745, 1.0728368133772688]",-0.18403573965423092,0.9085126199734804,0.9846240597956871,"[-3.3229115539258847, 2.954840074617423]",0.7029647441170558
7172.0,24.0,0.03870003632950282,0.08514859478438465,0.5481787386704202,0.005963605171487227,0.013121243501622061,"[0.15745212650868112, 0.9389053508321593]",-0.41471259824911577,0.26651554196045435,0.7160047171367336,"[-1.1462445550466223, 0.31681935854839083]",1.584085439371922
7173.0,24.0,0.8671766668763976,0.9701834484814971,0.1538917138204276,0.5922993681491295,0.6627496566511464,"[-0.40935443813879574, 0.717137865779651]",-1.301481907830678,0.4713059576642826,0.8586371974208099,"[-4.8425898875751185, 2.2396260719137624]",4.97129469542215
7174.0,24.0,0.15687501734561335,0.3060378801123944,0.5025238890137895,0.04457243475943872,0.08695363784517894,"[0.012184472770090327, 0.9928633052574887]",1.5247978872408154,0.001460353626157651,0.03388291476003831,"[0.585725749588562, 2.463870024893069]",18.175701096709098
7175.0,24.0,0.6233319106579592,0.8575208565936983,0.3025465988985677,0.32604049606550534,0.4485355565628083,"[-0.3012290562506714, 0.9063222540478069]",0.710172560563608,0.48801731189144415,0.8692862698458214,"[-1.2970104031854555, 2.7173555243126715]",21.28734063691376
7176.0,24.0,0.8003614654764878,0.9455321020522349,0.22805520796253725,0.5023744547996349,0.593621602891175,"[-0.4383248126851183, 0.8944352286101929]",-0.04640955239293376,0.9760994042887482,0.9955285224381598,"[-3.0825498940638973, 2.98973078927803]",0.177271432080425
7177.0,24.0,0.7401764252334775,0.9217639168536457,0.19657110069986813,0.43477552689042975,0.5415064477399798,"[-0.296706312455442, 0.6898485138551783]",-3.102556455319105,0.01969878284601976,0.18222740838131138,"[-5.710105477671439, -0.4950074329667715]",11.850892706056912
7178.0,24.0,0.9572621307355275,0.9911597957501838,0.11455431507485037,0.7674055192971175,0.7945801607963529,"[-0.6445562012322078, 0.8736648313819085]",1.9044438148554397,0.5615367984732793,0.8965428366538035,"[-4.524933005956477, 8.333820635667356]",16.72556047259929
7179.0,24.0,0.9183465555614176,0.9853503815036669,0.17695759966950436,0.6793219275245193,0.7289017162898869,"[-0.6620363260834083, 1.0159515254224172]",-1.1672428737967095,0.6202223629404937,0.9175486145824342,"[-5.783976203795748, 3.449490456202329]",4.458539355684857
7180.0,24.0,0.8680387086301077,0.9705262842465426,0.19747078983766866,0.5937944775662639,0.6638998162162808,"[-0.52820455390127, 0.9231461335766072]",0.6995152297022171,0.7109066983227176,0.9453358943569286,"[-2.999571993932871, 4.398602453337306]",21.32804864219591
7181.0,24.0,0.7374028292148855,0.919569558816418,0.19330728191473778,0.43188323342940205,0.5387092845570688,"[-0.2887388588253194, 0.675353422654795]",-0.02554891884768029,0.9845828814350975,0.9971100704756963,"[-2.6169249634037737, 2.565827125708413]",0.09758968140628822
7182.0,24.0,0.35420006828156314,0.6089795892088777,0.5068616845942396,0.140227748783172,0.24114832120923818,"[-0.166676443382904, 1.1803998125713833]",-2.7799257167091276,6.78574239127511e-05,0.0040877966212500665,"[-4.147646014359761, -1.4122054190584938]",10.6185340618209
7183.0,24.0,0.7307553250220512,0.9159479863222322,0.2844260429093407,0.4253552589719263,0.533093444005422,"[-0.41488320823350655, 0.983735294052188]",0.8747033446535744,0.482639342064217,0.8657488848583411,"[-1.5672213317148644, 3.316628021022013]",20.658879335024878
7184.0,24.0,0.8979367539751606,0.9790442366703941,0.16370862894257776,0.6419155993109045,0.7000170112441706,"[-0.5262865062651916, 0.8537037641503471]",-0.33373349073283,0.8803116242290059,0.9766268042296392,"[-4.67780886739479, 4.01034188592913]",1.2747680334106353
7185.0,24.0,0.7315682215269358,0.9164076431503643,0.23140370652997305,0.42587356377323826,0.5335424251731875,"[-0.3381787298406576, 0.8009861429006038]",1.4596293483851692,0.22754211298939575,0.667548081685371,"[-0.9111227671694904, 3.830381463939829]",18.424626578939954
7186.0,24.0,0.9008865602370075,0.9801525686270295,0.16198337261430318,0.6471881295728354,0.7041542047359759,"[-0.5317046790835362, 0.8556714243121426]",0.9394751845193641,0.6635502024910753,0.93180039273632,"[-3.2933207615336304, 5.1722711305723585]",20.411469131317745
7187.0,24.0,0.510967113832051,0.769403811234571,0.2928198681830183,0.23955755215754726,0.3606708102341874,"[-0.1951655180927767, 0.7808052544588133]",-2.617922071665612,0.00252537882806618,0.04951723192286628,"[-4.3167799322333025, -0.9190642110979219]",9.999725720038974
7188.0,24.0,0.2013225669244052,0.38288810750172153,0.49847631667988884,0.06321278281014102,0.12022210500217005,"[-0.027442776974781757, 1.0243954103345594]",-1.5754450523219763,0.002354010512794809,0.04711270075705023,"[-2.5906722745429183, -0.5602178301010343]",6.017756823521093
7189.0,24.0,0.4265033677345548,0.6901348992468523,0.39940446415404846,0.18313591544281593,0.296463584110163,"[-0.1886672571842853, 0.9874761854923821]",-1.5175014231758563,0.0358321052213172,0.2627281442919216,"[-2.9346012389716387, -0.10040160738007398]",5.796428463538167
7190.0,24.0,0.045813391470790575,0.09912027579141189,0.6084749364542333,0.007651740179847989,0.016555041496858477,"[0.16132047926187415, 1.0556293936465926]",-0.3341267071378411,0.38724260133730215,0.8125107036032357,"[-1.0915342435751234, 0.4232808292994412]",1.2762700094401316
7191.0,24.0,0.29587016736473415,0.5287172397511333,0.4451367962937778,0.10878352665233158,0.1943176903397143,"[-0.09889282612591543, 0.989166418713471]",-0.7797327603208508,0.2113357735810545,0.6495912003621981,"[-2.0024282593184424, 0.44296273867674096]",2.9783597542980353
7192.0,24.0,0.648607400183489,0.8756681519960698,0.35146642161391994,0.34748866003643,0.469135493501323,"[-0.3817771574373091, 1.084710000665149]",1.2323761331919298,0.23285666493978974,0.6742147546764915,"[-0.7922233134531749, 3.2569755798370346]",19.29266991969668
7193.0,24.0,0.8632719268424441,0.9682278228380935,0.18044637761973092,0.5865350669706306,0.6578455215013803,"[-0.4698419377989703, 0.8307346930384322]",-2.7284925894553362,0.14824949422677927,0.5525512270845295,"[-6.427455533373687, 0.9704703544630147]",10.422073987234134
7194.0,24.0,0.6220424410889172,0.8569147439607557,0.27597983492862516,0.3249411416524133,0.4474540645172312,"[-0.27352791398375625, 0.8254875838410065]",0.6462957845755,0.5290220326092752,0.8840013597459259,"[-1.3659635839373254, 2.6585551530883254]",21.531331948448507
7195.0,24.0,0.7372275297112187,0.9195400638345227,0.25193901415187586,0.432040782249978,0.538771395747572,"[-0.3765308002727687, 0.8804088285765204]",0.7992882445793672,0.5295615650844501,0.8840760685883975,"[-1.6925797236205389, 3.2911562127792733]",20.9469437980788
7196.0,24.0,0.9208695077730358,0.9859416571445778,0.11850135692937733,0.6843323783830775,0.7326899126157146,"[-0.452777969745251, 0.6897806836040057]",-2.1444453220524853,0.37576139333175973,0.8058361426801625,"[-6.889707553231405, 2.6008169091264346]",8.191177756678668
7197.0,24.0,0.775722600947454,0.9356200710981234,0.21671198711774933,0.47375282278424813,0.5714061304839563,"[-0.3761911180368597, 0.8096150922723583]",-0.5632410570749196,0.691454694682655,0.9376928324961418,"[-3.3447554678803, 2.218273353730461]",2.151422361258667
7198.0,24.0,0.9661014131453585,0.9924001547942788,0.09606095621040253,0.7926945185278889,0.814523755166347,"[-0.6203261014184382, 0.8124480138392434]",-1.408877725625448,0.7009576272025999,0.9400237903147177,"[-8.59936629872307, 5.781610847472174]",5.381516501888571
7199.0,24.0,0.4492675983631393,0.7126248880256502,0.4742386594452892,0.19762168211327635,0.3136261878515848,"[-0.2472155760450293, 1.1956928949356076]",1.6409125945230443,0.028078541150064435,0.22553045100453362,"[0.1764976011370616, 3.105327587909027]",17.732175585597854
7200.0,24.0,0.32211368255165046,0.5657537794314831,0.5428822837166477,0.12254526604178219,0.2152182403262771,"[-0.14617679084089275, 1.231941358274188]",2.7164251120342344,4.3225930959644715e-05,0.0028909645674687757,"[1.4145387890332286, 4.0183114350352405]",13.624020381139102
7201.0,24.0,0.4266805836227436,0.6903099557073994,0.4674040291304792,0.18344656541000515,0.2967910781588823,"[-0.22127654334689417, 1.1560846016078525]",-1.1139135198428853,0.129273267567489,0.5197960095194571,"[-2.5531145141490708, 0.32528747446329986]",4.254836228637294
7202.0,24.0,0.7078277992164821,0.9053821939325685,0.29225249431179234,0.4021249383878227,0.5144236131352472,"[-0.39142181096011697, 0.9759267995837017]",-0.17016079188686994,0.8906452719798157,0.9795465253756226,"[-2.5958970104412953, 2.2555754266675554]",0.6499663475814392
7203.0,24.0,0.8857325793946332,0.9750468729575443,0.20147616656601489,0.6215501720981792,0.6841892549549917,"[-0.5984476548655191, 1.0013999879975488]",2.2050371029908575,0.2708689340885222,0.7202045575339596,"[-1.7200703223077154, 6.1301445282894305]",15.577378688591335
7204.0,24.0,0.42598436501505965,0.6897415236642804,0.40824908450861125,0.18306265607290761,0.29640974105069234,"[-0.1927446467588872, 1.0092428157761097]",-0.5459002066503986,0.4752077630131195,0.8615157119619586,"[-2.044356357993177, 0.9525559446923795]",2.0851851917591544
7205.0,24.0,0.5872721233624453,0.8313609111974587,0.3685596481137616,0.29644871059436095,0.4197206719444442,"[-0.32330700337905255, 1.0604262996065756]",0.3303546335354328,0.7379295108251922,0.9523631024368666,"[-1.6047619886366842, 2.26547125570755]",22.73813825038858
7206.0,24.0,0.985924311204146,0.9959837470493444,0.06186438792294571,0.8662697455891093,0.8751083398213044,"[-0.6581653828976419, 0.7818941587435333]",-1.8472222103795346,0.7478893335316232,0.9550368197313539,"[-13.111136873685403, 9.416692452926334]",7.055869098504959
7207.0,24.0,0.3233452598700133,0.5676308029147135,0.5662189526235614,0.12331077463054031,0.21637265244874596,"[-0.1539309285210021, 1.2863688337681247]",0.6494066284659148,0.3219471960587391,0.7650688291349119,"[-0.6356609030444309, 1.9344741599762605]",21.519449400072183
7208.0,24.0,0.7860397646904834,0.9397892930302288,0.24979878723251506,0.48562485879689443,0.5806131740756748,"[-0.4523489447017688, 0.9519465191667988]",-0.5730644807158543,0.694093440844629,0.9384107475438823,"[-3.4288194491619244, 2.282690487730216]",2.18894507559164
7209.0,24.0,0.8103871787224293,0.9482278699781302,0.255275929489539,0.5149753065811399,0.6025922145812542,"[-0.5131524765028994, 1.0237043354819775]",2.2250071565344465,0.1433989199453205,0.5422230035624452,"[-0.7552991456182103, 5.205313458687103]",15.501098702944807
7210.0,24.0,0.7388779751766886,0.9206055010923108,0.24378008659724812,0.4334830670357961,0.5401658156209297,"[-0.36624614469689265, 0.8538063178913889]",-2.915070900673124,0.02741357467819122,0.22161337654156202,"[-5.505518614629703, -0.3246231867165452]",11.134750639331308
7211.0,24.0,0.9811325938472047,0.9949270942337054,0.07208735485539049,0.8452938810034744,0.8573624608098611,"[-0.6519997665171572, 0.7961744762279382]",-0.6806366786417541,0.8951804127073933,0.9799823477491091,"[-10.805893593655457, 9.444620236371948]",2.599840604531641
7212.0,24.0,0.6469454747517387,0.8746052112366347,0.3333395717430225,0.3459393684295804,0.46770647821660294,"[-0.35985634846376885, 1.0265354919498137]",0.17876216401944767,0.8708982709531597,0.9747752097735655,"[-1.9771114561932657, 2.334635784232161]",23.317178831004018
7213.0,24.0,0.9123549220796886,0.9837402730272814,0.13592386330433934,0.6679256015677695,0.7203525422475342,"[-0.4850735841566943, 0.7569213107653731]",-2.665023981623278,0.26352504188735915,0.7130006544571406,"[-7.336662731286044, 2.0066147680394875]",10.179641763210938
7214.0,24.0,0.5425370923415882,0.7973228569019281,0.4824069178328005,0.2621659572673375,0.38529786876151106,"[-0.36082114090766687, 1.3256349765732678]",-1.3477052229605437,0.11769146010798062,0.500388861003319,"[-3.036034315693803, 0.3406238697727155]",5.147854753558451
7215.0,24.0,0.7458401304894801,0.9237571446140801,0.3252699112310031,0.4409741511359211,0.5460980199825648,"[-0.5020844852767674, 1.1526243077387737]",-0.5040231146183514,0.7035851433355117,0.9416289391535221,"[-3.100357142032433, 2.0923109127957304]",1.9252264829780052
7216.0,24.0,0.6271560678228529,0.8605364502925472,0.3423191804290115,0.3292299039019837,0.4517424587019535,"[-0.34534762648684786, 1.029985987344871]",-0.6231245945422392,0.5481395006504131,0.8928806760019607,"[-2.65676210236573, 1.4105129132812517]",2.3801606252047307
7217.0,24.0,0.6874159421467168,0.8933280599697424,0.3223246745457908,0.3827062518596993,0.4974086975041582,"[-0.40138904427778027, 1.0460383933693618]",-1.1806969453025715,0.28949674579364415,0.7391577605577169,"[-3.3654270302535565, 1.0040331396484135]",4.50993012332173
7218.0,24.0,0.24505445760462694,0.45129734365492985,0.5145416770434286,0.08328481839060417,0.15337903939337783,"[-0.06774467683965635, 1.0968280309265135]",-0.19459767415160378,0.7449967431756028,0.9547509829752914,"[-1.367270955968623, 0.9780756076654153]",0.7433083621299287
7219.0,24.0,0.7897510902352508,0.9416531183545305,0.2637297597246415,0.48989492367295095,0.5841122256741993,"[-0.4848854880032979, 1.012345007452581]",-1.1310862414084788,0.4234902471406906,0.8330768809375543,"[-3.9008784627168125, 1.638705979899855]",4.320431193201414
7220.0,24.0,0.32639150959052243,0.5715137621966773,0.6164034509510323,0.12478109652630485,0.2185431352759295,"[-0.17064528626877395, 1.4034521881708386]",-2.860777625086739,2.1317408179353818e-05,0.0018377076016684328,"[-4.179882482430436, -1.5416727677430422]",10.92736560286194
7221.0,24.0,0.9874558286851782,0.996323104313569,0.0549611580466568,0.8737524434651425,0.8815986716427631,"[-0.622987273563315, 0.7329095896566286]",-1.238339460180046,0.8392810125769572,0.9708072590103425,"[-13.205510822861914, 10.728831902501824]",4.730108311521686
7222.0,24.0,0.8485324809330586,0.9619459028829594,0.18204931068790856,0.565245497556744,0.6407952585384242,"[-0.4384169046442469, 0.8025155260200639]",-2.7379788237251907,0.12522926688490676,0.5121851406335655,"[-6.238094923507417, 0.7621372760570346]",10.458308733043134
7223.0,24.0,0.5050009063356184,0.7646806120738197,0.39725101974295673,0.23525000231331372,0.35626262935490777,"[-0.25871773476406223, 1.0532197742499756]",-2.7881442529606324,0.0013091797064031438,0.03149652645178079,"[-4.4884337856347685, -1.0878547202864959]",10.649926557886667
7224.0,24.0,0.3128328128102731,0.5525129155956783,0.6447669230649381,0.11754059683026212,0.207596973640016,"[-0.16262874965802032, 1.4521625957878965]",-1.9325186962769125,0.0018505056024671817,0.04025078971282028,"[-3.1491537499872595, -0.7158836425665656]",7.381677675119419
7225.0,24.0,0.7403616010760875,0.9218797174400293,0.21486190105504885,0.43500657826821576,0.5416592930746056,"[-0.32458591760528144, 0.7543097197153792]",-0.17380468725210285,0.895885772814163,0.9799823477491091,"[-2.7769682918401206, 2.429358917335915]",0.6638850026091143
7226.0,24.0,0.5350691891971651,0.7915224692265754,0.45134485561831517,0.2569560072768181,0.38011243680002677,"[-0.3290078476186735, 1.2316975588553039]",-0.7192329362846062,0.41724728546765355,0.82902937249044,"[-2.45697940732798, 1.0185135347587673]",2.747267449060639
7227.0,24.0,0.7093394870768122,0.9059252708516119,0.3249234631719158,0.4039136248092058,0.5158354216512441,"[-0.43807502921343, 1.0879219555572615]",-2.355791523364524,0.04926081914795799,0.31904675613962424,"[-4.703959409733666, -0.007623636995382377]",8.998460780098807
7228.0,24.0,0.5086214482167343,0.7678463892160844,0.41983836434268273,0.2376467070148467,0.35876616397168887,"[-0.27698231250481564, 1.1166590411901811]",1.5253584014825083,0.061255462447799176,0.35925862019320925,"[-0.07197677940143499, 3.122693582366452]",18.173560090015368
7229.0,24.0,0.7229262462782586,0.9127174942076481,0.2410141193188311,0.41733090463848554,0.5268664368621203,"[-0.34140725343531264, 0.8234354920729748]",1.0409277757948336,0.38962949831864635,0.8139325220778073,"[-1.3305774354810422, 3.4124329870707095]",20.0239487779344
7230.0,24.0,0.372686400956563,0.6299634904607218,0.3928865256178884,0.15081143973617966,0.25496439515837643,"[-0.1431048939517845, 0.9288779451875613]",-1.2181135739801272,0.0715377386347552,0.39006400564206756,"[-2.5429716039365036, 0.10674445597624915]",4.652851117110537
7231.0,24.0,0.8066468605260553,0.9473744041918614,0.2194898470942648,0.5100512354352928,0.5992143273440941,"[-0.4335454861113395, 0.872525180299869]",3.119632765603687,0.04797635790617573,0.31398139990952706,"[0.027785797607655205, 6.2114797335997185]",12.083880593345595
7232.0,24.0,0.6869918998956751,0.893295601562366,0.29628906366268465,0.3824013373008417,0.4972709197670243,"[-0.3685409173653587, 0.9611190446907281]",0.5290564867971685,0.650201166677359,0.9299133911664488,"[-1.7575391444682658, 2.815652118062603]",21.979153078833566
7233.0,24.0,0.6512270078853024,0.8770734112933365,0.2533852054727382,0.3497503589596498,0.4710442544911108,"[-0.27772364495676843, 0.7844940559022449]",-2.858064602163957,0.009677008828507343,0.11673110770213924,"[-5.023257087293847, -0.6928721170340673]",10.917002618648763
7234.0,24.0,0.4492021734810539,0.7126248880256502,0.47706186307556436,0.19772370083011537,0.3136311771134683,"[-0.24885245614938284, 1.2029761823005116]",-1.9405999682196722,0.010120747437952894,0.1195648577382512,"[-3.4195987304742195, -0.4616012059651251]",7.41254586014726
7235.0,24.0,0.7993658544687443,0.9454356646584794,0.2763661871492261,0.5013762687223157,0.5929938127999003,"[-0.5292963697285592, 1.0820287440270113]",-0.4733578038150501,0.7556663766387293,0.9553874318273853,"[-3.4548296405434264, 2.5081140329133262]",1.8080936238789327
7236.0,24.0,0.9839493948633703,0.9954747198059007,0.047380559887804506,0.8572292891769404,0.8676409809483203,"[-0.46881186160516736, 0.5635729813807764]",1.2133209610914584,0.8222021292804031,0.9666143067016261,"[-9.369331813982992, 11.795973736165909]",19.365455315646845
7237.0,24.0,0.980758181131991,0.9948855560275827,0.056250087325909,0.8437482589833687,0.8559020683539954,"[-0.503097518078008, 0.6155976927298259]",2.6083412755291246,0.6138114581847844,0.9171561511352546,"[-7.522150420331144, 12.738832971389392]",14.03687022549409
7238.0,24.0,0.9545826658151639,0.9911597957501838,0.09322353017471778,0.760254022682937,0.7898709807855592,"[-0.5055522243654569, 0.6919992847148924]",2.841827222068787,0.40087298042805997,0.8206211468997754,"[-3.7884826661443025, 9.472137110281876]",13.145019604671438
7239.0,24.0,0.5453795900221106,0.7994795762530997,0.4070852543042817,0.26447577068789074,0.3877248679306241,"[-0.30793448182063915, 1.1221049904292026]",-1.0395442515440303,0.23723668118134844,0.6791847408833963,"[-2.7634054041821803, 0.6843169010941197]",3.97076654870393
7240.0,24.0,0.8664762829364444,0.9700019641978883,0.1426467530058203,0.591290352635353,0.6619909904112774,"[-0.37802296391937473, 0.6633164699310153]",-0.35668089420637283,0.8524177970602149,0.9708072590103425,"[-4.11449001423596, 3.401128225823214]",1.3624206580651588
7241.0,24.0,0.3973235740356964,0.6592393795183282,0.42222206642381394,0.16529893559635744,0.27435507982797913,"[-0.17421671081078677, 1.0186608436584146]",2.9031585358036285,9.914547882555943e-05,0.005505792879480568,"[1.441416128892922, 4.3649009427143355]",12.91075124273816
7242.0,24.0,0.9779862315897584,0.9948196093691711,0.05970507509530808,0.8328722016606455,0.8474483126380193,"[-0.4948403626333473, 0.6142505128239635]",1.1605372352408505,0.8015013483475726,0.9644549957475566,"[-7.887076108964106, 10.208150579445807]",19.567074296861204
7243.0,24.0,0.41274212037665114,0.6763582844497978,0.4561719524258124,0.1747569416465714,0.28641465685743467,"[-0.2026565472913286, 1.1150004521429533]",-0.38968452348917193,0.6068636593163618,0.9135497973457457,"[-1.8740095628575852, 1.0946405158792414]",1.4884852358330762
7244.0,24.0,0.9622151938232862,0.992026702813642,0.07457734795998007,0.7812936260441374,0.8056234543659904,"[-0.4519039885255943, 0.6010586844455544]",2.6010799783771614,0.4782020141314517,0.863336367812695,"[-4.587360639099389, 9.789520595853713]",14.064606337533947
7245.0,24.0,0.9467250444675487,0.9901985232007054,0.09718147461349633,0.7405957630401223,0.7746748303547302,"[-0.4781510906013039, 0.6725140398282966]",0.7807616235550912,0.7961057114858813,0.9628316126547152,"[-5.141537842498776, 6.703061089608958]",21.017710277634087
7246.0,24.0,0.34865756000458437,0.6013410831400213,0.5172135414361807,0.1371113052216264,0.23648034705351226,"[-0.16467548006472643, 1.199102562937088]",-0.3681542582125257,0.5947747590000279,0.9093024904449286,"[-1.7246666498105472, 0.9883581333854958]",1.4062456803564831
7247.0,24.0,0.9145127559637183,0.9842673633976802,0.15472273421952953,0.6719779779870461,0.7232568916015994,"[-0.5614463357680547, 0.8708918042071138]",0.441477408894122,0.8552478790585568,0.9710102122541093,"[-4.3016871238884065, 5.1846419416766505]",22.313680514666366
7248.0,24.0,0.7606326766186757,0.9294675252910781,0.2635898668101129,0.45666711959327766,0.5582922833646038,"[-0.43047791568219956, 0.9576576493024254]",1.4914036412405505,0.2488643479700321,0.695756657100674,"[-1.0435600031678858, 4.026367285648987]",18.303257720431553
7249.0,24.0,0.8222131543683247,0.952756738845726,0.19035883293050546,0.5299762678919904,0.6142515854102809,"[-0.4037038456246095, 0.7844215114856204]",-2.4060083045033394,0.13224561498737517,0.5254096741651775,"[-5.538721493560201, 0.7267048845535231]",9.190274754764557
7250.0,24.0,0.8470029902647365,0.9609324572896919,0.19716111851234136,0.5630084082513006,0.6387971294887206,"[-0.4709627752272924, 0.8652850122519751]",0.2321445380039373,0.896782615324139,0.9804117364427015,"[-3.2751885448697298, 3.7394776208776044]",23.113273182357336
7251.0,24.0,0.34902397826127546,0.6017235862102014,0.46049405468994603,0.13736013002579353,0.23678698504704973,"[-0.1470010828042913, 1.0679891921841833]",0.4429666125312357,0.5206840489062488,0.8830050096912935,"[-0.9087542959728898, 1.7946875210353612]",22.307992175783557
7252.0,24.0,0.7734890193777884,0.9345665441914526,0.27978516161214895,0.4709942985041178,0.5693596768905842,"[-0.48092726897196025, 1.040497592196258]",1.3969253678536848,0.29644574851147176,0.7463117737752201,"[-1.2253914122052474, 4.0192421479126175]",18.664138141814924
7253.0,24.0,0.9421022118131805,0.9886639316868188,0.11903935526352176,0.7296300217652724,0.7656942195039064,"[-0.5560210676959235, 0.794099778222967]",-0.60690904961137,0.836042637584421,0.9708072590103425,"[-6.354547305032148, 5.140729205809408]",2.318221806068493
7254.0,24.0,0.456765387934783,0.7198824080926447,0.40461493692676415,0.20257249726313364,0.31927182961528433,"[-0.21773280150378987, 1.0269626753573182]",-0.2636331770083702,0.7452188878056167,0.9547509829752914,"[-1.8537592796888438, 1.3264929256721034]",1.0070045588136656
7255.0,24.0,0.04234567793532852,0.09235698568228684,0.9061564091752071,0.006795065683386015,0.014826676158381007,"[0.2500002173782033, 1.562312600972211]",0.012915149261630177,0.973165387910308,0.9946639642340541,"[-0.7395915355568651, 0.7654218340801254]",23.950667763701805
7256.0,24.0,0.5908308527995741,0.8336825917871795,0.39722329085337016,0.29929330880004323,0.4222794339840889,"[-0.35285455852094116, 1.1473011402276816]",0.35904089858785326,0.7173337818409291,0.9465980671013572,"[-1.5847705990850278, 2.302852396260734]",22.628564789222093
7257.0,24.0,0.9108584906050735,0.9835344154029952,0.13105007874002933,0.6650264376627493,0.7181710989878501,"[-0.46216692337768955, 0.7242670808577483]",-2.9107472344945338,0.22336433887898444,0.662664232788248,"[-7.596042785667525, 1.774548316678458]",11.118235451060864
7258.0,24.0,0.44096225528271615,0.703768576638316,0.3986590086498067,0.19258386446067877,0.3072983316749302,"[-0.2010135071148375, 0.9983315244144508]",2.489267418109489,0.0013236475092926892,0.03151541688792117,"[0.9697488284326499, 4.008786007786329]",14.4916988575266
7259.0,24.0,0.27533775813290534,0.49834888349847123,0.38196406632549723,0.09813603399333692,0.17765393554188436,"[-0.07066882104467676, 0.8345969536956712]",-2.847358323895181,5.0890572076723735e-06,0.0005849491043301579,"[-4.070909910029504, -1.6238067377608585]",10.876107648042531
7260.0,24.0,0.9983516655879238,0.999051001288826,0.019539297925459262,0.9542004927827962,0.9548689010135056,"[-0.6472637862802338, 0.6863423821311524]",-2.8922272754925245,0.8724166773039199,0.9752862410683755,"[-38.19129192243396, 32.406837371448916]",11.047494418556166
7261.0,24.0,0.43580400448823114,0.6988518352922244,0.42667448642710687,0.1890797882541615,0.3033028089388107,"[-0.21008990473595973, 1.0634388775901735]",1.3013405196386731,0.07732242787240369,0.40478983322809736,"[-0.14257137342883386, 2.74525241270618]",19.029245367689505
7262.0,24.0,0.9621511238177133,0.992026702813642,0.10653939257471758,0.7810663956891398,0.8054722034537897,"[-0.6447780885173836, 0.8578568736668187]",2.744939876820135,0.45773178724777464,0.8526437785195464,"[-4.499980390163157, 9.989860143803426]",13.515102002736413
7263.0,24.0,0.7357789214276804,0.9190307033624343,0.2706371492798219,0.43020247883075025,0.5374843563602577,"[-0.4017876244455751, 0.9430619230052188]",0.05924642572119243,0.9641199547224142,0.9938808419181301,"[-2.5221272310046037, 2.6406200824469885]",23.77369532366269
7264.0,24.0,0.31064110649630305,0.549904596382197,0.43405177579163035,0.11638590278385912,0.20599274829001615,"[-0.10776848914809445, 0.9758720407313551]",0.37804353890407594,0.5638094040147406,0.897274934025387,"[-0.9056732190237797, 1.6617602968319316]",22.555980049907113
7265.0,24.0,0.5244242074023123,0.7815561958305698,0.36045854997135224,0.2489689730184078,0.3710416885520235,"[-0.252354322908475, 0.9732714228511794]",2.8910476513496293,0.0012713567927503913,0.03108451816015627,"[1.1326050806798156, 4.649490222019443]",12.957011413763809
7266.0,24.0,0.9637630814618579,0.9923284751869268,0.08710355760095566,0.7858165849162486,0.8092025382723187,"[-0.5411273199420471, 0.7153344351439584]",2.1854615871927807,0.5474460655124416,0.8926336841163378,"[-4.934695125408984, 9.305618299794546]",15.652151651059434
7267.0,24.0,0.38176678603451275,0.6415014253229098,0.33140341577614735,0.15627265930761422,0.26246667670072926,"[-0.12675402316282708, 0.7895608547151218]",0.9179403020777075,0.1886571114478235,0.620366733572685,"[-0.45067508639813214, 2.286555690553547]",20.493726323065566
7268.0,24.0,0.9483878934984775,0.9904220944041642,0.11174352250613784,0.74449686733288,0.7775640197156223,"[-0.5602739162267152, 0.7837609612389909]",2.934212436014579,0.3559118900898318,0.7930907199119362,"[-3.295268846337447, 9.163693718366606]",12.792134081437634
7269.0,24.0,0.7225012531704791,0.9127174942076481,0.2557173692957569,0.41696838708928263,0.5268078169163394,"[-0.3617543259741271, 0.8731890645656408]",2.4680103840726355,0.04700565185567578,0.30954314005372513,"[0.03266074032910948, 4.903360027816161]",14.57289474654511
7270.0,24.0,0.4613832093425616,0.7244201748195346,0.3944901040390238,0.20584111147048456,0.3231414622770558,"[-0.21668371120024893, 1.0056639192782966]",2.4387633589946196,0.00217091601725864,0.04511698790740066,"[0.8796613076684323, 3.9978654103208067]",14.684610153230683
7271.0,24.0,0.9768815606359971,0.9944981775987023,0.057795113392954886,0.8287636989632463,0.8437092634692297,"[-0.465935440923859, 0.5815256677097688]",0.5013116158169941,0.9154187899223489,0.986565242976216,"[-8.75006123801306, 9.75268446964705]",22.085130679520166
7272.0,24.0,0.9224428782353749,0.9861488829547715,0.17078061575556608,0.6874787875923817,0.7350355902837397,"[-0.6612885361738767, 1.0028497676850088]",2.4802874408960864,0.32296433954195203,0.7656907328213951,"[-2.4381159662822904, 7.398690848074463]",14.525999843823374
7273.0,24.0,0.9358225479044372,0.9878137795754037,0.11612552943264602,0.7154171255666935,0.7553849385175663,"[-0.5081416158359201, 0.7403926747012121]",-1.0875138461578278,0.6852879723490171,0.9370333060910837,"[-6.347098269306915, 4.17207057699126]",4.1539969031255355
7274.0,24.0,0.48117459224190556,0.7439310331507507,0.349806577717834,0.2188065837864449,0.3383069671901148,"[-0.20773103550009459, 0.9073441909357627]",1.2953478367622528,0.09976689339996649,0.45848756158072834,"[-0.24709359067280134, 2.837789264197307]",19.052135730141455
7275.0,24.0,0.37668895757973947,0.6352258981108592,0.4137657379191123,0.15301559908008922,0.2580799444764534,"[-0.15375587554603953, 0.9812873513842642]",-0.042770665085822834,0.9530965050488738,0.9922920406547359,"[-1.467979782323117, 1.3824384521514714]",0.16337190642567956
7276.0,24.0,0.7687722023877023,0.9331752715560522,0.22419104852939226,0.46579396407864326,0.5653622777377727,"[-0.3782805437665922, 0.8266626408253768]",0.34643635829115205,0.8062241805039587,0.964880279922775,"[-2.4216145507476137, 3.1144872673299178]",22.676710586668996
7277.0,24.0,0.8206596445928005,0.952702964066887,0.19261678540278063,0.5276831161059199,0.6128012032353036,"[-0.4051568308014345, 0.7903904016069957]",-1.4906645579229973,0.32813662630491747,0.7695511873942718,"[-4.478420371778769, 1.4970912559327743]",5.6939191892481595
7278.0,24.0,0.9701601779416213,0.9936012850337024,0.09305639735084381,0.8054483129459278,0.8250008326804547,"[-0.647445283047368, 0.8335580777490557]",1.4302588889761925,0.7147061657609852,0.9463672813293932,"[-6.2384871523004675, 9.099004930252853]",18.536813470039597
7279.0,24.0,0.327445880949726,0.5731592524938316,0.5679946335025163,0.1254942177279623,0.21962586231704986,"[-0.15861498326883494, 1.2946042502738675]",-0.5451040162569436,0.4119644389743651,0.8271241167372688,"[-1.8473104243716492, 0.757102391857762]",2.082143968476899
7280.0,24.0,0.4897166166964218,0.751906366799358,0.4193047947193583,0.2245311316147458,0.3448481561222328,"[-0.2573330774326695, 1.095942666871386]",-1.5050792217623972,0.05755090351251969,0.34694306371066574,"[-3.058391864287664, 0.04823342076286985]",5.748979149321323
7281.0,24.0,0.6576458024124483,0.8795583822555146,0.3171309359467244,0.3556478361949298,0.4755921853368946,"[-0.3557845844501936, 0.9900464563436424]",0.9404670559633228,0.3794244520513367,0.8071632041216925,"[-1.1566560349744934, 3.037590146901139]",20.40768046148052
7282.0,24.0,0.8469447177734032,0.9609324572896919,0.15120446830214385,0.5631280184797132,0.6388292892566231,"[-0.36134221440513825, 0.6637511510094259]",-0.949197002470112,0.5784419890666312,0.9032205836784882,"[-4.297261448561794, 2.39886744362157]",3.6256654778670794
7283.0,24.0,0.8957178650382716,0.9784880399724428,0.10727996386076996,0.638247602526079,0.6973097372731116,"[-0.3399490229762375, 0.5545089506977775]",2.308757681072003,0.27596635006474757,0.7262272370124936,"[-1.8448833493941432, 6.46239871153815]",15.181195263744218
7284.0,24.0,0.38688919851934483,0.6471883548332968,0.4148442397665074,0.1590141436348731,0.26605118254243465,"[-0.16246523538803403, 0.9921537149210489]",-1.6346093005224844,0.016768642727862486,0.16586194587401074,"[-2.9741249636076788, -0.2950936374372901]",6.2437476048513325
7285.0,24.0,0.92242489940241,0.9861488829547715,0.13490825529708841,0.6873085240766754,0.735010719791119,"[-0.5220074422792692, 0.791823952873446]",1.8748165678742135,0.4360719714440645,0.8423793596586738,"[-2.84317035156728, 6.592803487315707]",16.83872821997369
7286.0,24.0,0.8562585777608092,0.9647684330924018,0.24184251589527211,0.576122576131629,0.6492584038223727,"[-0.606017931837953, 1.0897029636284974]",1.6759882342588694,0.33060058646554247,0.7724312767886506,"[-1.7003712571776726, 5.0523477256954115]",17.598196510892244
7287.0,24.0,0.05811983695932118,0.12290090285329072,0.736956141946519,0.010876144289402532,0.02299882488771946,"[0.16977743645344678, 1.3041348474395913]",-2.207284922624278,1.3081866370942668e-08,4.655485657224001e-06,"[-2.9682708365862256, -1.4462990086623302]",8.431207349948773
7288.0,24.0,0.9899857412570268,0.9967292107757114,0.04745322715500604,0.887154042362339,0.8932555270147863,"[-0.6079555629269819, 0.7028620172369939]",1.4656476589057306,0.829018467101017,0.9685926709907898,"[-11.835930293348463, 14.767225611159924]",18.40163832609813
7289.0,24.0,0.5503835678152877,0.8037854361009026,0.3708623360604524,0.2679405125343395,0.3914397553460036,"[-0.2852715733530087, 1.0269962454739134]",1.5063436893262434,0.08297731601921499,0.41992568835635113,"[-0.19662501010709899, 3.209312388759586]",18.246190940362705
7290.0,24.0,0.3595496519192385,0.6147429280003642,0.4191806403841574,0.1431370818067154,0.24479897530041922,"[-0.14192739163442364, 0.9802886724027384]",1.626837150568604,0.013328164507371747,0.14285278142949354,"[0.3384738258604234, 2.9152004752767846]",17.785939821155345
7291.0,24.0,0.40730490460385516,0.6702400931444054,0.3948262346443453,0.17128738864705517,0.2818963009603152,"[-0.1708174681508502, 0.9604699374395408]",1.4637065654983399,0.03759960653675598,0.27000778760887495,"[0.0839346884955372, 2.8434784425011426]",18.409052756757077
7292.0,24.0,0.9397273530579194,0.9881465331839322,0.12052320673676643,0.7241953775038016,0.7615093349146179,"[-0.5489290138320096, 0.7899754273055425]",2.4724756042348996,0.3871860605002515,0.8125107036032357,"[-3.1315320652284147, 8.076483273698214]",14.55583886188548
7293.0,24.0,0.8261403114045255,0.9537227604452235,0.2522525076325121,0.5347720153479861,0.6175909635615962,"[-0.5442281672982481, 1.0487331825632722]",0.021248542246215862,0.9898732728690028,0.9983593271497759,"[-3.259980334948206, 3.302477419440638]",23.918836547232427
7294.0,24.0,0.9540990170734769,0.9911597957501838,0.10898615085459386,0.7589610340552283,0.7886948291127801,"[-0.5871589307897593, 0.805131232498947]",0.2067969774108107,0.9511537987542952,0.9914048350576351,"[-6.409728594651199, 6.82332254947282]",23.210093731886555
7295.0,24.0,0.6379301320161694,0.8681683886991963,0.29025720176915437,0.33830565976494253,0.4604677552265449,"[-0.303876192461354, 0.8843905959996627]",-2.6911125168437104,0.011870337056003395,0.13130903823012605,"[-4.787509407755753, -0.5947156259316682]",10.279292627331552
7296.0,24.0,0.6079036347025559,0.846426670429624,0.3015305191354183,0.3129930778067844,0.4358628015691191,"[-0.28420930576271286, 0.8872703440335494]",0.24744254804006882,0.809285375280306,0.9651584678357853,"[-1.7620142875584688, 2.2568993836386064]",23.05483908835606
7297.0,24.0,0.14021110569268852,0.2760061135682845,0.6223693900696825,0.038200332051916794,0.07518270429426648,"[0.03385085146475386, 1.210887928674611]",2.4976925751564276,3.0285748976624225e-07,6.443776378005154e-05,"[1.5418721139013605, 3.4535130364114948]",14.459517128158302
7298.0,24.0,0.8097069097900621,0.9481259049426021,0.20192926804552053,0.5138522295200629,0.6018466755675292,"[-0.4042947983210869, 0.8081533344121279]",1.676493123835101,0.25576265454965985,0.7048644437930052,"[-1.2148151246640575, 4.56780137233426]",17.596267974769695
7299.0,24.0,0.8282504753506663,0.9544275137307652,0.24100543892589674,0.5376673494118862,0.6196465937673,"[-0.5253876791491088, 1.0073985570009023]",-2.7806353229669156,0.09590290792519496,0.449524991159006,"[-6.053778575030331, 0.4925079290965]",10.621244558066724
7300.0,24.0,0.7676430747108267,0.9327260411022222,0.2733838123044062,0.46441762163123745,0.5643670210611709,"[-0.45902224590807095, 1.0057898705168835]",3.0257032089434777,0.03298928757239946,0.25163453525857715,"[0.24442969887862542, 5.80697671900833]",12.442665071223256
7301.0,24.0,0.428361265229149,0.6914068430522148,0.41731302849656166,0.18457365965439498,0.2978435689114006,"[-0.19914483066145722, 1.0337708876545806]",0.5876432922470496,0.44235776446180297,0.846978439121565,"[-0.9116185035582023, 2.0869050880523012]",21.755367966338085
7302.0,24.0,0.680271810956335,0.8892327943461911,0.19360670281459505,0.37587806950941627,0.4914081180669581,"[-0.23491396394288463, 0.6221273695720747]",1.662149756506956,0.126358003183559,0.5144869836464129,"[-0.4690194599869737, 3.793318973000886]",17.651055602230265
7303.0,24.0,0.43830361224064845,0.7011735918103479,0.5476590184453348,0.19058249912198577,0.3049807955224608,"[-0.2724391562603221, 1.3677571931509918]",-1.592691828948933,0.030287705041336963,0.238110888689756,"[-3.0336778270973426, -0.15170583080052302]",6.083634657583059
7304.0,24.0,0.777825775270266,0.9366880723389522,0.22799980562717273,0.47589112504155096,0.5732246748272114,"[-0.39881276350094785, 0.8548123747552933]",-0.08941815131014064,0.9510567393078256,0.9914048350576351,"[-2.9446955586223096, 2.7658592560020283]",0.34155217879555005
7305.0,24.0,0.9686205602662512,0.9932343005449126,0.09406971062360908,0.8006179405928712,0.8209781999516726,"[-0.635984158449576, 0.8241235796967943]",-1.0082722836114781,0.7957165743055262,0.9628316126547152,"[-8.641407377762665, 6.624862810539708]",3.851316430063684
7306.0,24.0,0.5397225084396576,0.7954350620728781,0.38493043180995395,0.2603642128288296,0.38368658667862116,"[-0.2853753880339908, 1.0552362516538987]",0.8797988756711819,0.31856325052572176,0.7621130395352196,"[-0.8490447837161084, 2.608642535058472]",20.63941584024575
7307.0,24.0,0.6120920577205484,0.8500098010283967,0.3130491660954785,0.3166734429054038,0.4397631480424994,"[-0.2997087530687631, 0.9258070852597201]",-2.5133170210093425,0.012886711841108157,0.13931580368765575,"[-4.4941127659696125, -0.532521276049073]",9.600163858815213
7308.0,24.0,0.5278198732055114,0.7847455741979057,0.4430569210717358,0.2513460343357793,0.3737667668658453,"[-0.3139704734573011, 1.2000843156007726]",-1.495980634625366,0.074656087234588,0.3985909622775654,"[-3.14083370915215, 0.1488724399014183]",5.714225106489062
7309.0,24.0,0.3875961075845665,0.6480456572221476,0.40539731582061,0.15970662977395056,0.26697865224665757,"[-0.15970285717309074, 0.9704974888143107]",-2.5152103824307255,0.0004753895461396837,0.016114899869141823,"[-3.9260186965398933, -1.1044020683215579]",9.607395966717755
7310.0,24.0,0.6199899791384589,0.8554437163294548,0.41917122696601655,0.3229585014767319,0.44564440661892074,"[-0.41203417398032655, 1.2503766279123596]",-0.21719320902727013,0.835768251496454,0.9708072590103425,"[-2.270601857037882, 1.8362154389833418]",0.8296169477443514
7311.0,24.0,0.6878213219974154,0.8936972557626415,0.325989078025194,0.38315744143651775,0.4977363489692358,"[-0.4066467525778286, 1.0586249086282167]",2.649011205706739,0.02372308153062,0.20380654235927834,"[0.35329049686853065, 4.944731914544947]",13.881522535342821
7312.0,24.0,0.23478614090668082,0.43527278625636046,0.5923092132339672,0.07850332496948402,0.14553823687334821,"[-0.06750683919018541, 1.2521252656581199]",0.3718503584681052,0.5247877202858358,0.8839273529919359,"[-0.774113752572485, 1.5178144695086955]",22.579636256623388
7313.0,24.0,0.7096235771450352,0.9060566613189929,0.2998400359173455,0.40395071869508925,0.5158354216512441,"[-0.40431209532877393, 1.0039921671634648]",1.8638903419997987,0.1082204132118307,0.4815238172576189,"[-0.41045839853398514, 4.138239082533582]",16.880463328547727
7314.0,24.0,0.19733470270343093,0.3761622239867155,0.5179903748199449,0.0616277921366195,0.11747737790757262,"[-0.025220921969034693, 1.0612016716089245]",-0.5768401576960072,0.2884973025660482,0.738600364992443,"[-1.6419998357439027, 0.4883195203518884]",2.203367099309471
7315.0,24.0,0.7851905335881706,0.9397892930302288,0.3345172881181421,0.4843711639101208,0.5800157632740041,"[-0.6030656319648048, 1.2721002082010888]",1.6223344832332183,0.23849908576303225,0.6812313218024343,"[-1.0752063660001667, 4.319875332466603]",17.803138743479945
7316.0,24.0,0.8181742655739946,0.9514516116315948,0.21585796776970734,0.52452069076195,0.6101356743366276,"[-0.44894230341875807, 0.8806582389581727]",-0.1434676535848327,0.9298817780699837,0.9892015094756179,"[-3.339057958754888, 3.0521226515852224]",0.5480060698037234
7317.0,24.0,0.7788462948117615,0.9370143104087602,0.26741315161733925,0.4771889940235087,0.5740964798165407,"[-0.4699212880424516, 1.00474759127713]",-1.2111797555640704,0.3754954381939566,0.8058196345601851,"[-3.8898047570833487, 1.4674452459552079]",4.626365881700528
7318.0,24.0,0.8264007719257862,0.9537227604452235,0.15808530261118317,0.5354111199909585,0.617829586880866,"[-0.3418468340959573, 0.6580174393183237]",2.4036328128706,0.13773610020460583,0.5321029358753596,"[-0.7703310321671415, 5.577596657908342]",14.818798954890415
7319.0,24.0,0.21624580331240909,0.40632432039159916,0.488583125761448,0.06986886359701358,0.1312830958230244,"[-0.03967510517227846, 1.0168413566951746]",3.1198323625777964,5.2622821187833076e-08,1.3848110838903441e-05,"[1.9962527581420435, 4.243411967013549]",12.083118189064258
7320.0,24.0,0.9850717062624186,0.9956379447802175,0.06950654611845151,0.8623413457910938,0.8717563139821005,"[-0.7161603861198993, 0.8551734783568024]",1.0032707450838023,0.8596583888193726,0.9718046448331139,"[-10.118188531974141, 12.124730022141748]",20.167788039850176
7321.0,24.0,0.41884132743749874,0.6823742708333312,0.3887706059085044,0.17841985870005828,0.2906909563769776,"[-0.17748672575467123, 0.9550279375716799]",-1.3494477909974627,0.060093099962541016,0.3547078338536353,"[-2.7562107963710334, 0.0573152143761082]",5.154510873160441
7322.0,24.0,0.3638442832249199,0.6193094182551828,0.4774258827294236,0.14560209226564091,0.24783334853726113,"[-0.1655854553713904, 1.1204372208302376]",-0.11621584493428472,0.8705919655678135,0.9746887209670998,"[-1.5144333215178771, 1.2820016316493077]",0.4439118284854228
7323.0,24.0,0.45660599435760846,0.7198581024083375,0.4648248890819078,0.20257797589089788,0.31927182961528433,"[-0.25014186752760625, 1.179791645691422]",-0.4334767207021777,0.5900438840840683,0.9077706636973603,"[-2.0103925044209587, 1.1434390630166036]",1.6557591075603961
7324.0,24.0,0.7922597447745892,0.9429258609541356,0.23601759254635746,0.4926807031631175,0.5865059284441269,"[-0.43825548439981676, 0.9102906694925317]",-3.036926421768923,0.04480044319438916,0.30013260115252566,"[-6.00338404994662, -0.07046879359122649]",11.60020444394175
7325.0,24.0,0.6730661010902094,0.8872476945560366,0.2897903214342689,0.36937069141086876,0.4869110089782082,"[-0.34294719813407587, 0.9225278410026136]",0.3370520010664295,0.7690659945192135,0.9585289470195746,"[-1.9130055749896622, 2.587109577122521]",22.712556190830313
7326.0,24.0,0.9858971118044363,0.9959837470493444,0.059156018155813055,0.8661644774398827,0.875090399514935,"[-0.6288047728354274, 0.7471168091470535]",1.971871193262544,0.7328540209140223,0.9515113229213481,"[-9.350834983923157, 13.294577370448245]",16.46800685884205
7327.0,24.0,0.8323889795178692,0.9550331349012728,0.18346592119193428,0.5431443136206049,0.6232772145264076,"[-0.4078961086602182, 0.7748279510440867]",1.9365466590244598,0.22560939204337738,0.6647300885190849,"[-1.1957597832338425, 5.0688531012827625]",16.60293664051589
7328.0,24.0,0.3733081945785173,0.63075996022585,0.3914224060373539,0.15104644406377143,0.2552753829031121,"[-0.14287886198662925, 0.925723674061337]",1.601748318122251,0.016852468093031397,0.166075011232168,"[0.2881557367771883, 2.9153408994673136]",17.88177210196114
7329.0,24.0,0.570276589086353,0.8206599353667479,0.29958981700061676,0.2832216645417158,0.4075718298197091,"[-0.24759092795374288, 0.8467705619549764]",0.39827827879259825,0.6773706923856462,0.9341755514903409,"[-1.4779483721821849, 2.2745049297673816]",22.478689036896625
7330.0,24.0,0.3454495097396494,0.5972501897296842,0.42913700191794196,0.13541320971506268,0.23411689093198942,"[-0.13418614939781098, 0.992460153233695]",-2.1149074729845685,0.0013061559637432517,0.03149652645178079,"[-3.4043717420533834, -0.8254432039157533]",8.078351484179596
7331.0,24.0,0.990745070777804,0.9968074560951746,0.054229978280685036,0.8915852897569365,0.8972378884541979,"[-0.7255936051957234, 0.8340535617570933]",2.447312901452536,0.7404570819172233,0.9527445599931393,"[-12.033207835727426, 16.9278336386325]",14.651953306590249
7332.0,24.0,0.884607715849745,0.9749979007123574,0.15413669055689652,0.6195640437372935,0.6829932094973369,"[-0.4543661262326416, 0.7626395073464346]",-1.2758788300674064,0.5131028764039791,0.879952764327022,"[-5.099462258255489, 2.547704598120676]",4.87349814219677
7333.0,24.0,0.77150188079244,0.9343610037452343,0.2905293615508262,0.46871840746668614,0.5676618717048397,"[-0.4953579040022935, 1.076416627103946]",3.110975348656801,0.030069656686051695,0.23714240288684302,"[0.300040715337639, 5.921909981975963]",12.116949490181701
7334.0,24.0,0.3491464685107703,0.6017691632381424,0.38315312116566735,0.1375446286938301,0.23706416527719767,"[-0.1225491374393306, 0.8888553797706653]",-0.7613495002643669,0.25910335751665237,0.7076689218930793,"[-2.083636161563331, 0.560937161034597]",2.9081408733028384
7335.0,24.0,0.8710545633890218,0.9711122638619929,0.18533738949887188,0.5981950674237264,0.667181650037616,"[-0.5039530780455072, 0.874627857043251]",1.8484758363109446,0.3141671113308442,0.7588577568377879,"[-1.7510136525062538, 5.447965325128143]",16.93934240316451
7336.0,24.0,0.5611132410064387,0.8126088015168977,0.31663838610358536,0.2762664040709847,0.4000677276334607,"[-0.25337562144012954, 0.8866523936473003]",1.0867196336664406,0.22656999198108907,0.666578381821386,"[-0.6746580128475212, 2.8480972801804025]",19.849036765127334
7337.0,24.0,0.7475430063543654,0.9241476157180931,0.3086733791097211,0.44254693659570177,0.547232517120937,"[-0.47917550196916875, 1.0965222601886109]",-1.6504783961063048,0.18801316048861072,0.6198917259762965,"[-4.107697256631708, 0.8067404644190979]",6.304363084960839
7338.0,24.0,0.6555178710193762,0.8781904941339596,0.2645121047903623,0.35365740117017463,0.47375405381135244,"[-0.2944354631523229, 0.8234596727330474]",0.4544978161992468,0.6805547601981272,0.9356698073636939,"[-1.7091793208441115, 2.618174953242605]",22.263946222258035
7339.0,24.0,0.5538181447220919,0.8062573077916609,0.2658417171005184,0.27074672716644343,0.39410003954358575,"[-0.20725291013834185, 0.7389363443393786]",-1.0930642324682989,0.21837135744158498,0.657423017751728,"[-2.833594031625898, 0.6474655666893006]",4.1751978171426805
7340.0,24.0,0.8437223887683893,0.9598903733852996,0.2044639622570711,0.5584037647985903,0.6354885225885858,"[-0.4803144833177184, 0.8892424078318606]",-3.025830445170177,0.08807040519585824,0.4321413405096086,"[-6.502783710747247, 0.451122820406892]",11.557820935362814
7341.0,24.0,0.5894776780696236,0.8328275838331056,0.36423891905150424,0.29806259055786954,0.4211113175443198,"[-0.3218048745465339, 1.0502827126495424]",1.5720236392660762,0.08912755473243983,0.43419283078811916,"[-0.24037473514587449, 3.384422013678027]",17.995312011683843
7342.0,24.0,0.6924318433560972,0.8968537150065471,0.3232671319674911,0.38761615480828826,0.5020707279142043,"[-0.410100539308119, 1.0566348032431012]",0.8120568124112646,0.48204652824618677,0.8655838249888451,"[-1.451909910655147, 3.076023535477676]",20.898171461599183
7343.0,24.0,0.4983745729784148,0.7587919807832137,0.38594728179326826,0.23060099559020986,0.35109773993637305,"[-0.2450462978136731, 1.0169408614002096]",2.8387079495033127,0.0009767896092482326,0.025704989717058754,"[1.1512498712546801, 4.5261660277519455]",13.156934348214945
7344.0,24.0,0.5375155356639497,0.7934979859225711,0.34966793526524664,0.2587461086343207,0.38196945473032284,"[-0.25716842932578843, 0.9565042998562817]",-0.7089449735136224,0.42604526472139825,0.8353828720027416,"[-2.4546062137064126, 1.0367162666791678]",2.7079703259562997
7345.0,24.0,0.9118879902810737,0.9837402730272814,0.164939366713031,0.6671298161162849,0.7198563315456308,"[-0.5867052857262756, 0.9165840191523376]",-0.7910667788492409,0.7335713677156128,0.9520718594621841,"[-5.346176897212111, 3.764043339513629]",3.0216525160713577
7346.0,24.0,0.8061533718226498,0.9473661140618687,0.2506854846449771,0.5096465862328836,0.5990204351585374,"[-0.49445160011919365, 0.9958225694091478]",-1.1019300539943444,0.4572846708072803,0.8524580917288523,"[-4.0074450444208045, 1.8035849364321157]",4.209062760833257
7347.0,24.0,0.8765250381066575,0.9725797022127185,0.15032109926633938,0.6066408622527338,0.6732615234334083,"[-0.42190389200913825, 0.7225460905418171]",-2.9240595063486294,0.1459747964292691,0.546926925549903,"[-6.86591395044355, 1.0177949377462907]",11.16908458392556
7348.0,24.0,0.9576474545519847,0.9913252039045252,0.09802679929189918,0.7685275370419438,0.7955771604989066,"[-0.5548037336726898, 0.7508573322564881]",-2.55946527655251,0.45815764238796486,0.8528623276023173,"[-9.321250142918778, 4.202319589813758]",9.776437210449526
7349.0,24.0,0.9288175548075601,0.9877885300516432,0.13380392200228533,0.7004341122283504,0.7449049369651711,"[-0.5478371841971083, 0.8154450282016789]",2.624289082745337,0.3221704839487114,0.7650688291349119,"[-2.5711386430614542, 7.819716808552128]",13.975954089095609
7350.0,24.0,0.16151164034209853,0.314286126371081,0.5196681868850093,0.04646458214895056,0.09041561033070744,"[0.008138777698559752, 1.0311975960714588]",-1.3285257902804766,0.006201966480899855,0.08797115575744477,"[-2.2799143106058932, -0.3771372699550599]",5.074594717156909
7351.0,24.0,0.8315334659912877,0.9548988819733071,0.18079034800145397,0.5420919031372612,0.6226588836408568,"[-0.40043004052154174, 0.7620107365244497]",-2.628882421239771,0.11617299916898469,0.49852374971028296,"[-5.908563269604786, 0.650798427125244]",10.041591171544795
7352.0,24.0,0.41675012745756207,0.6799643130324067,0.4321919999825396,0.1771902094440303,0.28917365941752804,"[-0.19552768862811337, 1.0599116885931925]",-1.2373610247591582,0.08524817020539385,0.4251236536262876,"[-2.646519907187399, 0.17179785766908262]",4.726370963512155
7353.0,24.0,0.8362411800138942,0.9565787920543288,0.21939040548286537,0.5484475326734388,0.6273707763365807,"[-0.497166553126423, 0.9359473640921537]",-0.6477979215728418,0.7004641852336579,0.9400237903147177,"[-3.9482413709783053, 2.6526455278326218]",2.4744057922313694
7354.0,24.0,0.5435465002185875,0.7982765460693018,0.30059109847090587,0.2631999471074865,0.38649037754403304,"[-0.22596970659546017, 0.8271519035372719]",2.3706743259621312,0.008061099295892733,0.10428330266355412,"[0.616971193193715, 4.124377458730548]",14.944691101489912
7355.0,24.0,0.9455466540545809,0.9901985232007054,0.11525411201847843,0.7375933291534902,0.7725917347370799,"[-0.5589713338008462, 0.7894795578378031]",2.9819563407727046,0.33542754274105924,0.776272952420873,"[-3.08562020945567, 9.049532891001078]",12.60976579876329
7356.0,24.0,0.8914455353889394,0.9767241063199419,0.1558784431309063,0.63094280239824,0.6913904137948741,"[-0.48008317805695455, 0.7918400643187671]",-0.499942134098494,0.8140292408752179,0.966095377463714,"[-4.665496308217788, 3.6656120400208003]",1.9096382856404763
7357.0,24.0,0.632898544553145,0.8648518623920428,0.3781563978666785,0.33404018539543745,0.45640140100483323,"[-0.3890970118115929, 1.14540980754495]",1.0588419960987698,0.2967090028230043,0.7463117737752201,"[-0.9299062177642634, 3.047590209961803]",19.955521496822193
7358.0,24.0,0.9851817965373391,0.9956379447802175,0.057292592786829626,0.8628374604281148,0.8720159352160257,"[-0.5926799283472232, 0.7072651139208824]",-1.0711450266810632,0.8501357331728961,0.9708072590103425,"[-12.182330670738875, 10.040040617376746]",4.091472618350192
7359.0,24.0,0.7196366440990699,0.9117731807377712,0.30509111019229734,0.4139500649337299,0.5244521283843024,"[-0.4268492814006751, 1.0370315017852698]",0.4107434260738918,0.7437562595898672,0.9543661614745291,"[-2.052039685268717, 2.8735265374165007]",22.43107568154815
7360.0,24.0,0.7516081550876417,0.9254053558204037,0.21709068100809856,0.44713167325628644,0.5505047565256885,"[-0.3426130265779985, 0.7767943885941957]",2.616480258719852,0.05101308726118392,0.3260241270234306,"[-0.011523631859334138, 5.244484149299038]",14.005781599736984
7361.0,24.0,0.8443613849195373,0.9601935496068575,0.18473605114490949,0.5594414309302386,0.6361840900236178,"[-0.43560618894999653, 0.8050782912398156]",2.709114902984429,0.1230097677820034,0.5087252596443482,"[-0.733727630209104, 6.1519574361779625]",13.651943322866583
7362.0,24.0,0.6566584007912356,0.8788394076100351,0.32744206649161234,0.3547383875790888,0.47475694269150004,"[-0.3660403862260033, 1.020924519209228]",-1.006411895550924,0.3437289167575056,0.783884728346148,"[-3.0897271632256804, 1.0769033721238324]",3.844210271121932
7363.0,24.0,0.7365786887313792,0.919388145887176,0.258387715917297,0.43123295745274526,0.5381666759674844,"[-0.38503904129122973, 0.9018144731258237]",1.1253243864178986,0.3641919393377516,0.7986341840478475,"[-1.3053343883583501, 3.5559831611941473]",19.701577471673694
7364.0,24.0,0.8337219631332943,0.9557184058748653,0.18006742167462747,0.5450775234495697,0.6248022964804788,"[-0.4031335557414569, 0.7632683990907119]",2.4493410809145697,0.14110088852054742,0.5371946990039631,"[-0.8126063266721242, 5.711288488501264]",14.644206231705606
7365.0,24.0,0.4598471353035241,0.7231437888088129,0.39271274024782354,0.2045943305393143,0.3217397869780064,"[-0.2140354805182375, 0.9994609610138846]",0.2701992784967464,0.7401592524063976,0.9526734682327078,"[-1.326643451601547, 1.8670420085950399]",22.9679147809771
7366.0,24.0,0.7436951467502133,0.9235007410284531,0.2571727786364637,0.43879073284888714,0.5448785953668038,"[-0.39385458550519603, 0.9082001427781234]",2.2508511312095036,0.07895768151285992,0.4088952952504398,"[-0.2603466271789334, 4.76204888959794]",15.402381991296556
7367.0,24.0,0.015957209861565513,0.038731091897003675,0.9737335506689297,0.0015287518363454227,0.003710562709576269,"[0.37153077911539245, 1.575936322222467]",1.8269223756299464,2.1336005063794e-09,1.0668002531897e-06,"[1.228872293860678, 2.424972457399215]",17.021670558559336
7368.0,24.0,0.8012615596503161,0.9456304911189516,0.19022101053541765,0.5037505561936639,0.5945388590759338,"[-0.36740122703178857, 0.7478432481026238]",0.9379028795423174,0.5258412092408269,0.8839273529919359,"[-1.959875979383717, 3.835681738468352]",20.417474893937225
7369.0,24.0,0.692626656619694,0.8968537150065471,0.3278357889737997,0.3876990160953485,0.5020707279142043,"[-0.4160262498889258, 1.0716978278365252]",-0.4994036966546309,0.6726643447783283,0.9338966192307091,"[-2.8161533599899733, 1.8173459666807115]",1.9075816061027988
7370.0,24.0,0.9011370355024212,0.9801631233453757,0.15534713364912817,0.6474087791027593,0.7042410302434018,"[-0.5103680931636265, 0.8210623604618827]",1.5364854931697094,0.4652453485676389,0.8563025696728113,"[-2.5874583174214996, 5.660429303760918]",18.131057730553252
7371.0,24.0,0.9406062194453751,0.9882270368621947,0.12977911897193087,0.726014586374339,0.7628607611372691,"[-0.5960748802317447, 0.8556331181756064]",0.021766728937784308,0.9941435162769843,0.999042938587908,"[-5.79043234879795, 5.833965806673518]",23.916857219870646
7372.0,24.0,0.6579323595165538,0.8798239629801469,0.20174589734300663,0.3556241544495822,0.4755921853368946,"[-0.22631471458757912, 0.6298065092735924]",2.9614124956969956,0.008319639192320386,0.1066816221306742,"[0.7618410792864334, 5.160983912107557]",12.688237506617206
7373.0,24.0,0.3613101275471915,0.6163598218137009,0.3958705512488669,0.14438526028665086,0.24626515484675227,"[-0.13568840620256178, 0.9274295087002955]",-0.994073276869047,0.1405346396799456,0.5362156158566631,"[-2.3160598770768717, 0.32791332333877765]",3.7970802194224103
7374.0,24.0,0.8760509913930488,0.9724665269479806,0.14997451480436433,0.6058991989467055,0.6726311141059317,"[-0.4197564606671478, 0.7197054902758764]",1.789060134994986,0.33917659599497585,0.7794904371607723,"[-1.879612646625429, 5.4577329166154005]",17.166293664645465
7375.0,24.0,0.24650003419665237,0.4537088794342948,0.5294669583440417,0.08394801084094994,0.1545150208741946,"[-0.07099684887194047, 1.1299307655600237]",-1.4875696166917098,0.00757862313599412,0.1005122431829459,"[-2.5794304816041924, -0.39570875177922726]",5.68209738455524
7376.0,24.0,0.5396599153454518,0.7954350620728781,0.2907343282873382,0.26033015638230517,0.38368658667862116,"[-0.21550517045751055, 0.7969738270321869]",-2.3395569085162657,0.008369138821289035,0.10702223556635594,"[-4.078574597968701, -0.6005392190638308]",8.936449119243765
7377.0,24.0,0.6932127681650417,0.8971305398796967,0.2879743197129386,0.38824375657955834,0.5025158640688046,"[-0.3661922476470026, 0.9421408870728798]",2.052455654811493,0.07026693192577822,0.3873223776594489,"[-0.16982367665717346, 4.27473498628016]",16.16019688943611
7378.0,24.0,0.8296154935986575,0.9545027190323622,0.17270988285003416,0.5393341229306441,0.620789854272116,"[-0.37876289335285573, 0.7241826590529241]",-1.5543413537581907,0.32144404919100233,0.7644329350558914,"[-4.626927505818289, 1.5182447983019078]",5.937146632866346
7379.0,24.0,0.39806568058086605,0.6601420905155324,0.44384566360557404,0.16573264832412105,0.27484684630865847,"[-0.18378219643952448, 1.0714735236506725]",-0.21300802960589937,0.7755877766066517,0.9595896677274527,"[-1.6775003818780732, 1.2514843226662744]",0.8136307399210482
7380.0,24.0,0.2813136457645061,0.5074199959677239,0.4753517289265289,0.10122431509009391,0.1825835409272978,"[-0.09310613760045028, 1.043809595453508]",-1.1209580990393304,0.05988073774068137,0.3539050693893698,"[-2.288557445760259, 0.04664124768159783]",4.281744539064092
7381.0,24.0,0.6077326147628119,0.846426670429624,0.4076220527808898,0.3129805805633262,0.4358628015691191,"[-0.3841860347355526, 1.1994301402973322]",0.4334124882622161,0.6697045166973078,0.9333950467214768,"[-1.5580673947544168, 2.4248923712788493]",22.344486242287445
7382.0,24.0,0.905409781870811,0.981154943509765,0.13898986079536058,0.6552210937332184,0.7100358623030109,"[-0.47109397743275594, 0.7490736990234771]",-0.5955387016571407,0.7932011278279807,0.9628316126547152,"[-5.047979762081784, 3.8569023587675026]",2.2747902761103234
7383.0,24.0,0.9231614988781891,0.9861782917190354,0.14457742134200088,0.6888344775530861,0.7358556538330158,"[-0.563065347255583, 0.8522201899395848]",-1.9970792531801616,0.4120975195467961,0.8271241167372688,"[-6.769287304287003, 2.77512879792668]",7.628280837357443
7384.0,24.0,0.7688431062350314,0.9331752715560522,0.23325333467580447,0.4658019806281509,0.5653622777377727,"[-0.3935827261604318, 0.8600893955120407]",-1.7979312101162916,0.1746514026349678,0.5992939230271134,"[-4.393966257875759, 0.7981038376431759]",6.867591346300822
7385.0,24.0,0.11104817736392392,0.22298830795968658,0.7633798931004819,0.02745567582935176,0.055131879175405143,"[0.08482552234015339, 1.4419342638608104]",-1.9592161669127988,8.988012642659256e-06,0.0009446259904349823,"[-2.824042772090427, -1.0943895617351704]",7.483654501193468
7386.0,24.0,0.9796498909586124,0.9948681677324512,0.07879654271281387,0.8393451765557141,0.8524732648341601,"[-0.6829925942475136, 0.8405856796731414]",0.6875165412761497,0.8899700307773543,0.9795465253756226,"[-9.052883299077969, 10.427916381630268]",21.373880255962984
7387.0,24.0,0.38960529107085323,0.6505347989161016,0.41629173787173707,0.16062327433255008,0.2682867451687825,"[-0.16526874943415198, 0.9978522251776261]",3.093162504752433,2.9593150169355842e-05,0.002225048884913973,"[1.641617292227047, 4.544707717277819]",12.18498954197141
7388.0,24.0,0.7351145046797967,0.9189882477838814,0.2424286345027413,0.42969812273919383,0.5371898021492609,"[-0.35925096240514265, 0.8441082314106253]",1.152905245676294,0.3501736924510973,0.789034908632486,"[-1.2657694815637046, 3.5715799729162927]",19.596226349617005
7389.0,24.0,0.39479080612734246,0.6562347176318857,0.4987347241683236,0.16377981177941348,0.27226564614115717,"[-0.20325625739910208, 1.2007257057357492]",-1.3318080360464633,0.054989810349436674,0.3400730386483406,"[-2.692076220503104, 0.02846014841017719]",5.0871319724712905
7390.0,24.0,0.3196761863346369,0.5625382909455842,0.48716070291602276,0.12133906114233241,0.21343722276575622,"[-0.1291776081167738, 1.1034990139488192]",2.2425527595285883,0.00045771888318487557,0.01580791630930995,"[0.9883060703433699, 3.4967994487138068]",15.434079436239712
7391.0,24.0,0.14137803406944255,0.2781389613799775,0.5857771538827078,0.03852737457191366,0.07579652679896451,"[0.03092386215450238, 1.1406304456109133]",-1.4211603403327118,0.0022823218452438943,0.0463780285122781,"[-2.3341741883183396, -0.508146492347084]",5.4284326341626725
7392.0,24.0,0.54548491487749,0.7994795762530997,0.37767680694234423,0.26463425265857343,0.38779931515031274,"[-0.28590893363450004, 1.0412625475191886]",-0.834802204600857,0.34990910590000346,0.788972827902179,"[-2.585168539016818, 0.915564129815104]",3.188709536789716
7393.0,24.0,0.6866001076400388,0.893295601562366,0.28074689513865164,0.3820449990740761,0.49700142978284906,"[-0.34873722796860923, 0.9102310182459126]",0.5480946197777072,0.637812059421262,0.9251781493276053,"[-1.733844123329459, 2.8300333628848735]",21.90643276752732
7394.0,24.0,0.21541593500331677,0.4049171710588661,0.5775183340767028,0.0696613813815377,0.13094244620589793,"[-0.04643364405911432, 1.2014703122125199]",0.5621694547833824,0.3158428393169509,0.7597855167595643,"[-0.5363259119794344, 1.6606648215461992]",21.852670857982773
7395.0,24.0,0.7438657342624679,0.9235978821237496,0.3117366238041357,0.4389498018340968,0.5450084452869343,"[-0.47769223009446893, 1.1011654777027404]",-2.191404570895239,0.08592029123965997,0.42540732248787405,"[-4.692434178688073, 0.30962503689759524]",8.370548874531627
7396.0,24.0,0.7152916395957665,0.9092305066680647,0.32409556850453963,0.4095085282851537,0.520605807634317,"[-0.44608793706646904, 1.0942790740755484]",-1.331701982774522,0.25574700397247085,0.7048644437930052,"[-3.628302017125388, 0.9648980515763439]",5.086726878812238
7397.0,24.0,0.6624225549700918,0.8813880945797742,0.31976138180269925,0.35959563061387134,0.4785675147908855,"[-0.36433014349675413, 1.0038529071021527]",1.520129137284096,0.14789887580301808,0.5518919826529834,"[-0.5388983078188656, 3.5791565823870575]",18.193534407917227
7398.0,24.0,0.39173492576775654,0.6531092460282704,0.6244927653502572,0.16219105832894842,0.27040856673715974,"[-0.25119444306843197, 1.5001799737689465]",-0.8644076261821052,0.22415552653562554,0.6631320510407964,"[-2.2581838217233976, 0.529368569359187]",3.301793917277119
7399.0,24.0,0.6020514556059682,0.8428551807447405,0.39491410823813083,0.30836588945133336,0.43176405691869696,"[-0.36492705395904107, 1.1547552704353028]",1.1241940036523594,0.2407470402151397,0.6848298276004801,"[-0.7540253838481941, 3.002413391152913]",19.70589521578701
7400.0,24.0,0.9125135194839274,0.9837402730272814,0.19240361970039363,0.6682160604546095,0.7204485827003876,"[-0.6874522788733658, 1.072259518274153]",2.680338142374513,0.26168815251159283,0.7103370046460175,"[-2.000096104227782, 7.360772388976808]",13.76186245160035
7401.0,24.0,0.40679828850622,0.6697370571389858,0.5430693069224979,0.17125823262458761,0.2818963009603152,"[-0.2349003159404709, 1.3210389297854666]",-0.6488646724020306,0.37961957659239176,0.8071860016848644,"[-2.09634369997357, 0.7986143551695086]",2.478480480251676
7402.0,24.0,0.45453478544976206,0.7179510116091645,0.35782263300389977,0.20114539794774589,0.31782096411712163,"[-0.19081396762627972, 0.9064592336340793]",-1.2609298184838904,0.09628825310625909,0.449524991159006,"[-2.7469174879971447, 0.22505785102936415]",4.81639712408826
7403.0,24.0,0.8777439138343288,0.9727850092367603,0.19237348449605557,0.6086142556622284,0.674514303072402,"[-0.543967201821907, 0.9287141708140183]",1.2289511313004953,0.5167654712695144,0.8811227277424873,"[-2.4862326808182518, 4.944134943419242]",19.305752463243582
7404.0,24.0,0.07019397497429915,0.14635941404149114,0.7355368961019447,0.014266144491831759,0.02974592262683853,"[0.14723614298335075, 1.3238376492205388]",-1.9685771426368799,7.209570323872241e-07,0.00012827891330798567,"[-2.7471540441273268, -1.1900002411464332]",7.519410794601085
7405.0,24.0,0.42340219377110433,0.6872296603978321,0.5467533597886216,0.18120904754858957,0.29412278452944257,"[-0.25473020468471363, 1.3482369242619567]",-0.1055587472685886,0.8918807348415292,0.9795465253756226,"[-1.627660324734031, 1.416542830196854]",0.40320471394521556
7406.0,24.0,0.9995324246448783,0.9997277393137969,0.013452996715802046,0.9756178706510129,0.9759106438441661,"[-0.8492631944322869, 0.876169187863891]",0.9251326038359089,0.9772022540146921,0.9957551385113054,"[-62.526254838962345, 64.37652004663417]",20.466253754016936
7407.0,24.0,0.8038089645153348,0.9465322931489172,0.2159728549944304,0.5066739206935603,0.5967426305278892,"[-0.42150107929492, 0.8534467892837808]",-1.2595295531593678,0.3881845453122771,0.8128805960587455,"[-4.12033779449566, 1.601278688176924]",4.811048504535349
7408.0,24.0,0.37013609028533234,0.6266058748693624,0.4371765591700949,0.14938105336627147,0.25293100807021923,"[-0.15714801478563722, 1.031501133125827]",-2.0021124424845285,0.003080134859307697,0.05581430494145091,"[-3.3279790549427477, -0.6762458300263092]",7.647506204332817
7409.0,24.0,0.32781541286838867,0.5736052718606975,0.48508966809794635,0.12575405512272528,0.2200232403822969,"[-0.13588991385373012, 1.1060692500496228]",-0.8144661540959222,0.21137697659785926,0.6495912003621981,"[-2.0917421753312513, 0.46280986713940697]",3.1110315457298725
7410.0,24.0,0.7046498787546515,0.9035131154694851,0.18133390299000987,0.39926112618093124,0.5119388718822044,"[-0.2402942787267162, 0.602962084706736]",-0.5389056800913883,0.6555457771765958,0.9301211184160023,"[-2.906768922588838, 1.8289575624060612]",2.0584680683242573
7411.0,24.0,0.7612804463647667,0.9294675252910781,0.2078496396396313,0.45742893394797635,0.558794202233052,"[-0.3403738379557728, 0.7560731172350355]",-0.21954132378597802,0.8748078793473072,0.9754479263760243,"[-2.9506163290782794, 2.5115336815063234]",0.8385860854434408
7412.0,24.0,0.17570205604655453,0.33873540783989686,0.5382524471802909,0.05234395351592919,0.10091373340260108,"[-0.00545656630160829, 1.08196146066219]",1.1431952205436042,0.022916118506978805,0.20014077298671445,"[0.15823314705075053, 2.128157294036458]",19.63331591355494
7413.0,24.0,0.20350762361567898,0.3864557987384713,0.6288523198137143,0.06428571224355487,0.12207693171962565,"[-0.03730941660103049, 1.2950140562284589]",-0.42279432464866673,0.4457358715675481,0.8480769362464472,"[-1.5095021359150473, 0.6639134866177139]",1.6149553602968372
7414.0,24.0,0.5490452079187456,0.802580336089381,0.3277012596312756,0.26694705131302265,0.39033053269925816,"[-0.25086890017515506, 0.9062714194377063]",0.09418331906809652,0.9198072541074727,0.9875534186251586,"[-1.7393715211558871, 1.9277381592920801]",23.640246221124272
7415.0,24.0,0.32008418513917564,0.5628348604522168,0.5416743949321147,0.12144618168976491,0.2135880789478806,"[-0.14382985814613092, 1.2271786480103604]",-0.4137101984841367,0.5324570634934076,0.8859518527344553,"[-1.7126201304448734, 0.8851997334766]",1.580256554310708
7416.0,24.0,0.7961692093041807,0.9444516968797697,0.2603755943296868,0.4975643282011286,0.5903499744045884,"[-0.49195583611140914, 1.0127070247707828]",-2.614193033518905,0.08186959761398457,0.4172942693051722,"[-5.558964074520622, 0.3305780074828122]",9.985481843542335
7417.0,24.0,0.873561513808053,0.9717035748699143,0.1784932857320631,0.6019790314094118,0.6696370482899243,"[-0.4922687320185839, 0.8492553034827102]",-3.13488189740269,0.11564871287181529,0.49805647231617267,"[-7.040204809300052, 0.7704410144946725]",11.974366799542514
7418.0,24.0,0.12129312609452778,0.24190890724875905,0.655621553395005,0.031161599736238575,0.06211583273311422,"[0.05933717037930031, 1.2519059364107097]",0.7205981019971768,0.12230001343537861,0.5078904212432667,"[-0.1934287794397177, 1.6346249834340711]",21.247518002028276
7419.0,24.0,0.4292547055116166,0.6923462992122849,0.3903374215027999,0.18497374945533185,0.2983447571860191,"[-0.1867974159847257, 0.9674722589903255]",-2.8222881579885155,0.0002862817127969095,0.011315482719245434,"[-4.347229519499722, -1.2973467964773087]",10.780346668166215
7420.0,24.0,0.41670378160838706,0.6799643130324067,0.3834317178795822,0.1770497720489571,0.28914040934521135,"[-0.17328753955962772, 0.9401509753187921]",-0.09267049705338337,0.9041246676575843,0.982851517978372,"[-1.600574154976396, 1.4152331608696294]",0.35397522443589324
7421.0,24.0,0.3895129646147746,0.6505347989161016,0.49366555925655276,0.1608305410728721,0.2685432310450361,"[-0.19632798870789336, 1.1836591072209988]",-2.161295705316224,0.002102387612776245,0.044075212007887735,"[-3.538709244621069, -0.7838821660113791]",8.255541479624675
7422.0,24.0,0.36125616085491413,0.6163598218137009,0.4121073007624216,0.14410643551031596,0.24605235472900622,"[-0.14086927326923276, 0.965083874794076]",-1.5578671386483052,0.01804141439566907,0.17242510945059325,"[-2.849057096792727, -0.2666771805038832]",5.950614139111316
7423.0,24.0,0.5866118610997982,0.8310341722585731,0.31015110719198674,0.2958462913717297,0.4191946431296127,"[-0.27134426676351514, 0.8916464811474887]",-1.3701636448712238,0.13781168112912384,0.5321029358753596,"[-3.179793177907208, 0.43946588816476084]",5.233639606225524
7424.0,24.0,0.4919452024761052,0.7533525401166856,0.5174289389480119,0.22639693713296705,0.3465822581375222,"[-0.320918117595948, 1.355775995491972]",2.3547585722144193,0.004387780158043013,0.06978156382045168,"[0.7347207295826919, 3.9747964148461468]",15.005484802657472
7425.0,24.0,0.8870464895280298,0.9753784460014808,0.16544307752788048,0.6234851996800896,0.6856006154388494,"[-0.49508103800649805, 0.825967193062259]",0.13951633028725663,0.9473748946697146,0.9904370601691201,"[-4.003388695979312, 4.282421356553825]",23.4670868734258
7426.0,24.0,0.9798278093951607,0.9948681677324512,0.07064106208934572,0.8399350222082437,0.8529857034713554,"[-0.6148538987478216, 0.756136022926513]",-0.01890810573711299,0.9970678361638329,0.9997520371781384,"[-10.10323613372118, 10.065419922246955]",0.07222364382157818
7427.0,24.0,0.9953307114086095,0.9986261777953341,0.03794344614149404,0.9229412578852211,0.9259970481440966,"[-0.7308792216822657, 0.8067661139652538]",-2.7878877798031754,0.793398866849183,0.9628316126547152,"[-23.651455922390237, 18.07568036278389]",10.648946902587957
7428.0,24.0,0.9210105823344025,0.985987134497808,0.1295534913039605,0.6845716890468878,0.732867668394056,"[-0.4955075333063523, 0.7546145159142732]",-2.671218148198799,0.28877252376097895,0.7386632747042021,"[-7.606551369043741, 2.2641150726461423]",10.20330173670283
7429.0,24.0,0.5090349074864419,0.7679768810165373,0.4413000755909628,0.23827821742061395,0.3594181329791884,"[-0.29212763139930914, 1.1747277825812348]",0.838915756126962,0.32051121661166726,0.7639529235289347,"[-0.8162398748359951, 2.494071387089919]",20.795577853793255
7430.0,24.0,0.7115391416504782,0.9071886775422551,0.3094223278010347,0.40602297861407055,0.5176883572791924,"[-0.42044575249351274, 1.039290408095582]",2.552931075882323,0.03659897172472443,0.2655948601213674,"[0.15907887003446453, 4.946783281730182]",14.248521597610026
7431.0,24.0,0.8358421722176652,0.9562317494767936,0.2396348922102917,0.547699289019954,0.6268016582970405,"[-0.5415809520683162, 1.0208507364888997]",-2.9006501614629623,0.09190225191546623,0.4396672112521484,"[-6.273742236589016, 0.47244191366309174]",11.079667473051234
7432.0,24.0,0.8298817488728599,0.9545027190323622,0.15992735032764266,0.5396942686643715,0.6210520928243631,"[-0.35118373656003227, 0.6710384372153175]",-1.484485545368475,0.3443667483748518,0.7842558605667316,"[-4.561498297422369, 1.5925272066854186]",5.670317099852661
7433.0,24.0,0.565839636690955,0.8162718359650245,0.4441262907793302,0.2796955795384579,0.4036011248751197,"[-0.36111770313624625, 1.2493702846949066]",0.22028489765328096,0.8181044099199187,0.966095377463714,"[-1.6570238128471146, 2.0975936081536766]",23.158573671599715
7434.0,24.0,0.6833524409790099,0.8914012597049104,0.3114573403260722,0.37883775206603154,0.49411471509851507,"[-0.382198984629209, 1.0051136652813533]",1.8639157696260913,0.09031381217258559,0.43616627594875296,"[-0.2929664592211827, 4.020797998473365]",16.880366202169753
7435.0,24.0,0.1178562114807869,0.2354299070730861,0.5734655178916759,0.02981012361030696,0.059548788674204864,"[0.056127021735285276, 1.0908040140480666]",-3.0323905921559766,2.2201171478931814e-10,1.585797962780844e-07,"[-3.969050620553437, -2.0957305637585164]",11.582878851047598
7436.0,24.0,0.43220158554978316,0.6956407300012606,0.4532859731716052,0.18671910742860076,0.3005780866526091,"[-0.2195856395192442, 1.1261575858624546]",-0.06166035427925731,0.9375395503330978,0.9892015094756179,"[-1.6038747905821717, 1.4805540820236571]",0.23552520423219128
7437.0,24.0,0.26257286078942343,0.4786235158392699,0.4945107760050555,0.09178592093350717,0.16733987408114342,"[-0.08033728287743352, 1.0693588348875445]",-1.3110067223936603,0.022283806825573682,0.1966796718938542,"[-2.4352820852418606, -0.18673135954546005]",5.007676807095726
7438.0,24.0,0.15100647299038994,0.29539607392486295,0.6029655154688814,0.04237685213864482,0.08289681560767766,"[0.020745309069179707, 1.1851857218685833]",2.147470686600381,9.535569237503115e-06,0.000983048375000321,"[1.1968174750446456, 3.0981238981561168]",15.79726620198247
7439.0,24.0,0.5773860525382578,0.8254268084892892,0.26653548141619143,0.2888417528335917,0.41293568861776153,"[-0.22598523980808094, 0.7590562026404638]",2.5767765931035145,0.007175737032449066,0.09657788738154865,"[0.6983144653909674, 4.4552387208160615]",14.157438431137972
7440.0,24.0,0.2985838343987736,0.5325197688581659,0.36846667735993316,0.1099697576021025,0.19612940538987425,"[-0.08336856960393313, 0.8203019243237994]",1.3715859364034149,0.023123604136515204,0.20090012281941969,"[0.18805363333497893, 2.5551182394718506]",18.76092764030569
7441.0,24.0,0.5874496555798006,0.831492789214155,0.43173649484567117,0.29681180675784535,0.42011579158930695,"[-0.3793363005401141, 1.2428092902314565]",0.7718673321508067,0.42113857935711374,0.8317965225303452,"[-1.1087180091323534, 2.6524526734339666]",21.051683968249087
7442.0,24.0,0.4749623415506352,0.737597141328999,0.3757167919707397,0.21473308941227875,0.33343647424266887,"[-0.2178335208829737, 0.9692671048244531]",2.0124411853690534,0.010514019411813243,0.12268400713901101,"[0.47076026652183667, 3.55412210421627]",16.313040904003245
7443.0,24.0,0.6469039799869992,0.8746052112366347,0.36021510028899345,0.3459624819368212,0.46770647821660294,"[-0.388905693018943, 1.10933589359693]",-0.2835692640557115,0.7958541273119458,0.9628316126547152,"[-2.431812353422536, 1.864673825311113]",1.0831548020015378
7444.0,24.0,0.5995241202859654,0.8410265577501642,0.41986467404995853,0.3064552800439946,0.4297639588023962,"[-0.3847985836234482, 1.2245279317233653]",0.7116586296614562,0.4692480286291909,0.8578574563604952,"[-1.2156859961564637, 2.639003255479376]",21.281664271088992
7445.0,24.0,0.43005841729140354,0.692862361059421,0.35360326814400306,0.1855732896267993,0.29897420593974433,"[-0.1699317675172594, 0.8771383038052656]",-2.6757902146315806,0.0005365367803365664,0.017547717402124716,"[-4.190731242000275, -1.1608491872628859]",10.220765744052951
7446.0,24.0,0.8961893535777479,0.9784880399724428,0.16651264458260465,0.6388641288128148,0.6976022371836809,"[-0.5289219596882835, 0.8619472488534927]",-1.3261924502030862,0.5196622074604023,0.8824286083552424,"[-5.363194978567006, 2.7108100781608337]",5.065682014583362
7447.0,24.0,0.4958322722258503,0.7569517524242741,0.4289873915793222,0.22907303955535674,0.34962307624443945,"[-0.27007705778255575, 1.1280518409412001]",2.391317582105782,0.0041254893335044346,0.06702894612438587,"[0.7573437635577462, 4.025291400653818]",14.86583967132733
7448.0,24.0,0.17447631492193966,0.3366319022225346,0.7957264790552909,0.05186504285296636,0.10004830797254313,"[-0.006430371318851491, 1.5978833294294335]",2.6173881672849313,5.971866237116312e-07,0.00011059011550215391,"[1.589772311723789, 3.6450040228460736]",14.002313644472796
7449.0,24.0,0.46133847170454934,0.7244201748195346,0.41708655911069437,0.2056214465154036,0.3228980001812242,"[-0.22878238781787208, 1.0629555060392608]",-0.345388799552663,0.6712850630465462,0.9336370835139726,"[-1.9405196787169663, 1.2497420796116403]",1.319288033697171
7450.0,24.0,0.21101570566671915,0.39814284088060214,0.5572898702464478,0.06767176714393075,0.1276584930087356,"[-0.040497060972697896, 1.1550768014655937]",0.5392331024638839,0.33328073697962457,0.7746503714826705,"[-0.5531164124938337, 1.6315826174216015]",21.940281270338264
7451.0,24.0,0.4437294907305677,0.7069133196281149,0.40828971354313875,0.1940593258332053,0.3092086135009644,"[-0.20790758242531043, 1.0244870095115879]",3.0526241126879503,0.0001350834317275518,0.006857026991246285,"[1.4851545805080728, 4.620093644867827]",12.339834793540843
7452.0,24.0,0.7484925480553584,0.9248127763092792,0.27357920652065243,0.4435746483323817,0.5480772498281614,"[-0.4262717327814389, 0.9734301458227437]",-0.14066466103091635,0.917278925617617,0.9868519909818365,"[-2.7951280553676727, 2.51379873330584]",0.5372994269139898
7453.0,24.0,0.8066259963735566,0.9473744041918614,0.27798160308136965,0.5102437279824164,0.5992996570148184,"[-0.5494572600385027, 1.1054204662012421]",-0.4948274424388517,0.7497153567909438,0.9551730187504387,"[-3.534950451896375, 2.5452955670186714]",1.8901016025999253
7454.0,24.0,0.4089516435647909,0.6722861146881324,0.48829984452016756,0.17230469276236815,0.28330268458133534,"[-0.21292016522482465, 1.1895198542651597]",-2.9939001204920928,8.199440641735909e-05,0.004823200377491711,"[-4.483793306205159, -1.5040069347790264]",11.435856079193703
7455.0,24.0,0.5519517270781544,0.804977276853642,0.39439570412763475,0.26910895962348436,0.3925159854484894,"[-0.30507908424193037, 1.0938704924971998]",-1.5675406661601912,0.07181742902943283,0.3909495320056224,"[-3.2741274049877687, 0.13904607266738633]",5.987564292406967
7456.0,24.0,0.23418804876866112,0.43454047858695266,0.44646087371424,0.07812894902613933,0.1449785656450906,"[-0.05026021028189703, 0.943181957710377]",0.08777677668404138,0.8816463208712139,0.9767995571081434,"[-1.06776049542868, 1.2433140487967627]",23.664717410449473
7457.0,24.0,0.8605944624719672,0.9664889791664438,0.17635156368960206,0.582677496623968,0.6543262174328669,"[-0.4526868119041171, 0.8053899392833211]",-2.183773487425415,0.22412228167820503,0.6631320510407964,"[-5.704650688057385, 1.337103713206555]",8.341400282802763
7458.0,24.0,0.8284430819183042,0.9544275137307652,0.24641960716395678,0.5380880399765098,0.6199170967471311,"[-0.5380017196486955, 1.030840933976609]",2.316161693772905,0.15258213058869738,0.5628260073356598,"[-0.857335873283533, 5.4896592608293435]",15.152914018462688
7459.0,24.0,0.5049047692438832,0.7646596535572969,0.38711504786205997,0.23530021692080194,0.35626262935490777,"[-0.2521850364857272, 1.0264151322098471]",-0.5299259946711503,0.537099414604676,0.8887959864383188,"[-2.2127308969652644, 1.1528789076229637]",2.024168196595271
7460.0,24.0,0.20284219760314876,0.38533852128257745,0.3478298327699103,0.064054269305881,0.12168364229840616,"[-0.02031642039414472, 0.7159760859339653]",2.535255680037705,3.6229020675325017e-06,0.0004585951984218356,"[1.462480274237194, 3.608031085838216]",14.316036636484672
7461.0,24.0,0.9910001726398441,0.9968074560951746,0.03691562657179775,0.8930670972594276,0.8984578443253799,"[-0.5013302030655707, 0.5751614562091661]",-0.49459454483456256,0.9480981763677379,0.9908017309726596,"[-15.386430074248084, 14.397240984578959]",1.8892119992809604
7462.0,24.0,0.7230547989112989,0.9127174942076481,0.24579544308141948,0.4172179708125956,0.5268664368621203,"[-0.3480362086181437, 0.8396270947809827]",1.691890936775124,0.15421434052191926,0.5664833081710298,"[-0.635481195365001, 4.019263068915249]",17.537452661756678
7463.0,24.0,0.21696106576904572,0.40751514982916176,0.46589207584550985,0.0702417603970981,0.13193418556930522,"[-0.03850345333359484, 0.9702876050246145]",-0.2548928908645154,0.6554489900405018,0.9301211184160023,"[-1.3745141517153259, 0.8647283699862951]",0.9736191249616952
7464.0,24.0,0.6572216652839663,0.8794616155278554,0.32417287472785716,0.3550049071000263,0.4750500563361787,"[-0.36276621803051146, 1.011111967486226]",-2.935571885853715,0.008764081758748508,0.10952513198205102,"[-5.13066792890085, -0.7404758428065805]",11.213058634445183
7465.0,24.0,0.09113030501365618,0.18651310891047113,0.7270265502966414,0.020752123036570733,0.04248131634917243,"[0.11082417475705653, 1.3432289258362262]",-0.46698192045337183,0.29121643479656223,0.7406318280685713,"[-1.3341587705405293, 0.40019492963378567]",1.7837395433928094
7466.0,24.0,0.553480109359687,0.8059998680059516,0.3808684221570329,0.27035732532475965,0.39370514828128683,"[-0.2963782369012646, 1.0581150812153304]",0.28173298307374317,0.7637203114130486,0.9565635162989086,"[-1.5552210380343818, 2.118687004181868]",22.923859274682926
7467.0,24.0,0.3819190562027183,0.6415014253229098,0.434135814314838,0.15607930862141023,0.26227855479552514,"[-0.1657664998326141, 1.0340381284622902]",-3.096280259979847,2.3725858053301006e-05,0.0019735595998265592,"[-4.532094161458316, -1.660466358501378]",11.826919405767635
7468.0,24.0,0.29042491637247997,0.5210350132265518,0.5265868252518525,0.10586013512184447,0.18991771640086916,"[-0.11165532416831381, 1.1648289746720188]",-1.1453832298441178,0.05746417060753823,0.34694306371066574,"[-2.327061869572788, 0.03629540988455249]",4.375041666342044
7469.0,24.0,0.5528521629303591,0.805554659668307,0.37380300815091655,0.2700954648631162,0.3934384047532647,"[-0.2905169426416572, 1.0381229589434904]",2.1771087293116853,0.014949382552789083,0.15395862567239013,"[0.4237189010585678, 3.930498557564803]",15.684057217956724
7470.0,24.0,0.7911641067265919,0.9425066807697996,0.16369505653114183,0.49138626999516855,0.5854017988982232,"[-0.30256536148760793, 0.6299554745498915]",1.4590846222349594,0.2972292840313431,0.7466196534321604,"[-1.2843643159312381, 4.202533560401157]",18.42670727956645
7471.0,24.0,0.7763818148712835,0.9360764587307494,0.266860568624638,0.47432027621342543,0.5718836221526711,"[-0.464181965772309, 0.997903103021585]",1.3032971518341272,0.33512255933974266,0.7759432255686499,"[-1.346931627148091, 3.9535259308163453]",19.021771583232244
7472.0,24.0,0.9135200968442028,0.9841845473434634,0.12594341063235237,0.6700899337686228,0.721924082922455,"[-0.4534704525473905, 0.7053572738120952]",1.9899636889854095,0.3843739980949664,0.8109156077952878,"[-2.4937845149876505, 6.47371189295847]",16.398898615790138
7473.0,24.0,0.8588731315113348,0.9656770086702663,0.14037493235984821,0.5801566591813265,0.6523011684071582,"[-0.35700710761771304, 0.6377569723374095]",0.959599064893518,0.5906984994715619,0.9077706636973603,"[-2.537417234436728, 4.456615364223763]",20.334601570460066
7474.0,24.0,0.9661356302683414,0.9924001547942788,0.07138674210182068,0.7929122581178999,0.8145423802795773,"[-0.4615619787146143, 0.6043354629182557]",-2.163663103635523,0.564416135915556,0.8973879233223034,"[-9.522230147940437, 5.194903940669392]",8.264584275099487
7475.0,24.0,0.8408690173168006,0.9587751665643991,0.18282099088134782,0.5546277771910825,0.6324722571589342,"[-0.4236421634782239, 0.7892841452409196]",-0.4254644185417691,0.8063899939768788,0.964880279922775,"[-3.8279256011911054, 2.976996764107567]",1.6251543676953983
7476.0,24.0,0.8293811882119144,0.9545027190323622,0.15355222602013224,0.539073405458623,0.6206255722818284,"[-0.3364340796977919, 0.6435385317380564]",-1.3634831614466867,0.385673402062785,0.8110539041812019,"[-4.444068344991964, 1.7171020220985898]",5.208122039203319
7477.0,24.0,0.7491805461675094,0.924826405972736,0.23998288690597633,0.4442989466825352,0.5485481252614456,"[-0.37490091723131336, 0.8548666910432661]",-1.4575111133831022,0.2470566640377443,0.6937024917526613,"[-3.9254160220754835, 1.010393795309279]",5.567282359351024
7478.0,24.0,0.8515629270017022,0.9630259211513128,0.25350928838073494,0.5694512195747162,0.644029879636639,"[-0.6199378886597771, 1.126956465421247]",-1.307863130486175,0.44179512090226003,0.846978439121565,"[-4.640520312237812, 2.024794051265462]",4.995669170508367
7479.0,24.0,0.5448186763541049,0.7991198819880112,0.44845377859973434,0.2639116387743171,0.38719430571349345,"[-0.33829742214429026, 1.235204979343759]",-0.31385005476284533,0.7339463087990523,0.9521036780455013,"[-2.1237046689223167, 1.4960045593966262]",1.1988189025240532
7480.0,24.0,0.6546470163313808,0.8781904941339596,0.31330740997649514,0.35293855400404384,0.4735352139224136,"[-0.34776292136809, 0.9743777413210803]",-0.5347213365951182,0.6258284160657345,0.9195245607783346,"[-2.6840651864369063, 1.6146225132466698]",2.042485053499638
7481.0,24.0,0.23083951944382142,0.42914950630939097,0.42664254836178195,0.0767187944909427,0.14262650026202398,"[-0.045775733630086024, 0.8990608303536499]",1.0630667841686883,0.054828451523409684,0.3400730386483406,"[-0.021995501549948893, 2.148129069887325]",19.939383995105956
7482.0,24.0,0.33314641464303224,0.5801922930042358,0.5258552211863856,0.12856760700090117,0.2239073615480689,"[-0.1523093034663252, 1.2040197458390964]",-2.673728111832734,7.133641721084653e-05,0.004246215310169436,"[-3.9931379611875366, -1.354318262477931]",10.212889091566549
7483.0,24.0,0.07155032228147282,0.14903212306076402,0.8621813241488868,0.014641873019375225,0.0304975484677676,"[0.16993932648137378, 1.5544233218163999]",1.7978435190272766,5.541863617522618e-06,0.0006157626241691798,"[1.022235151407382, 2.573451886647171]",17.13274360898594
7484.0,24.0,0.24973959677822996,0.4587428302318699,0.46651163498934656,0.08557387681272151,0.15718934021440395,"[-0.06532530665365877, 0.9983485766323519]",-1.885101597131965,0.0008277341656999291,0.02305666199721251,"[-2.990200132826815, -0.7800030614371147]",7.200557697935493
7485.0,24.0,0.66074982242305,0.8809347560636325,0.28431063506213655,0.3583741668524605,0.47775009115431655,"[-0.3223941267772666, 0.8910153969015397]",-1.0243547559824533,0.338249705430793,0.7784803347083844,"[-3.120884564043128, 1.0721750520782214]",3.912746949463193
7486.0,24.0,0.07193266839473836,0.149766121996124,0.704602753383918,0.01479907497432232,0.0308057347508791,"[0.1379842629234177, 1.2712212438444181]",2.592261813508133,5.35099158640073e-10,3.5673277242671534e-07,"[1.7739029298411029, 3.410620697175163]",14.098289246203672
7487.0,24.0,0.9317879945020917,0.9878137795754037,0.1063257051464121,0.7066710589069535,0.7501019625378977,"[-0.4474280887483069, 0.6600794990411312]",2.6888285743979594,0.32308220460869674,0.7656907328213951,"[-2.6444102907484606, 8.02206743954438]",13.729431390187937
7488.0,24.0,0.8528560798915453,0.9634614549158894,0.18073955969024566,0.5712953846401834,0.6453856582017435,"[-0.4449714929594043, 0.8064506123398957]",-0.26726691228171706,0.8836181940216143,0.9771168674288871,"[-3.8457538713567776, 3.3112200467933435]",1.0208844051490382
7489.0,24.0,0.6645786996631997,0.8828091121987244,0.3478023543187272,0.3615301120416956,0.4804298692690516,"[-0.3992825046999101, 1.0948872133373646]",-1.5783785389319807,0.1344739948081474,0.5280589132477138,"[-3.6453166019324272, 0.4885595240684659]",6.02896191698852
7490.0,24.0,0.9291869029322931,0.9878137795754037,0.13216355376895475,0.7012323670251798,0.7455952865764803,"[-0.5430111829584635, 0.807338290496373]",-0.5992113768945053,0.8206592557006483,0.966095377463714,"[-5.779835834642756, 4.581413080853745]",2.28881886215187
7491.0,24.0,0.0436822246127711,0.09504400481455853,0.6781660428888476,0.007118072226534098,0.015490908001162346,"[0.18427973898848066, 1.1720523467892145]",0.1295029974435593,0.7370203219138555,0.9523631024368666,"[-0.6263631118326841, 0.8853691067198027]",23.505334987479372
7492.0,24.0,0.5499583379117964,0.8035627380359386,0.3631805075448837,0.26761720800081157,0.39108170100951567,"[-0.27892862368129717, 1.0052896387710646]",-1.5896445157078993,0.06705433686168664,0.37713350315909244,"[-3.290965744889699, 0.11167671347390029]",6.071994778412022
7493.0,24.0,0.9473630372135944,0.9903030923991356,0.10670957621786223,0.742059591883344,0.7758824155656534,"[-0.5287497989741953, 0.7421689514099198]",1.155829974851006,0.6962247840352048,0.9389579466300795,"[-4.646576590169789, 6.958236539871801]",19.585054707088354
7494.0,24.0,0.8054358958678024,0.9470145748004731,0.23142467414737244,0.5086593318660757,0.5980709369383606,"[-0.45486025990290935, 0.9177096081976542]",2.8440636558379215,0.0686416455283236,0.3815544498517154,"[-0.21742060311547728, 5.90554791479132]",13.136477056929307
7495.0,24.0,0.14442724741505655,0.28357990853142856,0.7794550372322567,0.03971691150947707,0.07799864789763762,"[0.03665451178598311, 1.5222555626785303]",1.8039029684696182,0.00012314180788745125,0.006515439570764617,"[0.8831263346315263, 2.72467960230771]",17.109598217038005
7496.0,24.0,0.9305069002987604,0.9878137795754037,0.13868179472279105,0.7039020833334984,0.7477183804264907,"[-0.576501294947848, 0.8538648843934301]",2.8130281746341566,0.2997175482720488,0.7489194109746347,"[-2.503485848682613, 8.129542197950926]",13.255023862804862
7497.0,24.0,0.6379112169660224,0.8681683886991963,0.3791608677797584,0.33842623522828974,0.46056918240104755,"[-0.3971450073494936, 1.1554667429090104]",-2.3307231717941623,0.02538275040481199,0.21146950979611553,"[-4.374148650525002, -0.28729769306332287]",8.902706730476682
7498.0,24.0,0.36551473358417524,0.6212863363334713,0.4694267939440168,0.14680064927221315,0.24949124621382246,"[-0.16469239907543326, 1.103545986963467]",-2.1621728823557067,0.0014568540297142272,0.03388032627242389,"[-3.4934923800121997, -0.8308533846992137]",8.258892049107883
7499.0,24.0,0.18570450151098614,0.3561651352339589,0.6075028378420274,0.05663879808883735,0.10862830473501603,"[-0.01717121960842849, 1.2321768952924832]",-2.335686131261828,8.232368403751632e-06,0.0008852009036292079,"[-3.362330956529709, -1.3090413059939474]",8.92166383923613
7500.0,24.0,0.8262504015941701,0.9537227604452235,0.23715147669886294,0.5349852289868045,0.6177656687700468,"[-0.5120390970740717, 0.9863420504717976]",1.82172120172567,0.24240519861258947,0.6870842255519033,"[-1.232615689934736, 4.876058093386076]",17.041537579441243
7501.0,24.0,0.9616479303972513,0.9920032292111113,0.08027924569523026,0.7795564425139834,0.8041638565236057,"[-0.4818717132514897, 0.6424302046419502]",-1.4176897683789473,0.680606217876351,0.9356698073636939,"[-8.167878467681183, 5.332498930923288]",5.415176025799528
7502.0,24.0,0.4599761011880011,0.7232328635031463,0.33589311855069937,0.20466365687992105,0.3217886027893246,"[-0.18314724526370407, 0.8549334823651028]",-2.898090119721458,0.00038089511526835185,0.013652154669116554,"[-4.496791527490468, -1.2993887119524474]",11.069888833906868
7503.0,24.0,0.7136143307402807,0.908252934631896,0.3174589333375088,0.40792945728741703,0.5191923855000854,"[-0.43441523457303227, 1.0693331012480498]",-1.2041611304436444,0.3051791927919094,0.751652013858742,"[-3.505834044139632, 1.0975117832523433]",4.599556708541534
7504.0,24.0,0.5764228527048233,0.8250660869761373,0.42555695165848645,0.28815159492259024,0.41235202478905303,"[-0.3596886532433757, 1.2108025565603486]",-0.7259334328489375,0.44274564913493386,0.8470530868214143,"[-2.579591873971616, 1.1277250082737411]",2.7728614606458453
7505.0,24.0,0.20085168978554152,0.3820652269080113,0.6327055192614405,0.0631562845353853,0.12013750149398003,"[-0.034689636484193986, 1.300100675007075]",2.1063999687593533,6.700648615760819e-05,0.004082342785898195,"[1.0708325038863038, 3.141967433632403]",15.95414478824004
7506.0,24.0,0.9825486233731928,0.9954747198059007,0.06374992586258262,0.851095850223654,0.8624805940653162,"[-0.6018547146811778, 0.7293545664063431]",-3.1153247072248456,0.5735959081660419,0.9014551440610434,"[-13.965217697775339, 7.734568283325649]",11.8996638357875
7507.0,24.0,0.07407334692254675,0.15390265306990805,0.7108178926212979,0.01541853378883566,0.03202852885092576,"[0.13569416942426893, 1.2859416158183268]",-2.7226246353919032,1.2954705772845961e-10,9.965158286804587e-08,"[-3.552819611590194, -1.8924296591936127]",10.399660053753378
7508.0,24.0,0.23172641461558666,0.43071824277990084,0.5923017238989006,0.0769742861341812,0.1430748812902996,"[-0.06411783905165014, 1.2487212868494513]",1.594426290546414,0.0033867068871926325,0.05930666495607872,"[0.5279644531043002, 2.6608881279885277]",17.90974018713273
7509.0,24.0,0.4920145439502074,0.7533525401166856,0.3612017294204859,0.22612831250258392,0.3463444823136528,"[-0.2236848852768999, 0.9460883441178717]",1.4276974909702842,0.07296393667633991,0.3948785159677203,"[-0.13289812671133094, 2.9882931086518996]",18.546597289732382
7510.0,24.0,0.37832007754250846,0.6373316670190506,0.41399244596169804,0.15417238795517535,0.25972437323985065,"[-0.1554392730238514, 0.9834241649472475]",-0.48253389830221227,0.5011447391848327,0.8731021700276606,"[-1.888455678560178, 0.9233878819557535]",1.8431437229807761
7511.0,24.0,0.5363189972152167,0.7927849182782213,0.4974664294329923,0.25759445541403236,0.3807752482099518,"[-0.363783024463804, 1.3587158833297885]",-1.3401547830257865,0.11632938956670233,0.49852374971028296,"[-3.0127908474633083, 0.3324812814117355]",5.119014197443209
7512.0,24.0,0.8207240315316473,0.952702964066887,0.22692632929414894,0.5280106465045824,0.6129680131234994,"[-0.47788385405622513, 0.931736512644523]",-0.9999019201326105,0.5214181894296426,0.8831608899553566,"[-4.056501185103406, 2.0566973448381853]",3.81934399670838
7513.0,24.0,0.6554227765406806,0.8781904941339596,0.3785747948652257,0.3533513940348447,0.473728118521872,"[-0.42089328711029317, 1.1780428768407445]",1.577157091914831,0.12821157317198928,0.5178173391437371,"[-0.4549140568706669, 3.609228240700329]",17.97570366694358
7514.0,24.0,0.5949815203816431,0.8375007419795397,0.3144717768598197,0.3024680937674239,0.425830971993623,"[-0.2832592129291082, 0.9122027666487476]",1.466275808269911,0.1164254321084618,0.49852374971028296,"[-0.364252204779683, 3.296803821319505]",18.39923897226671
7515.0,24.0,0.986878495594257,0.9961904215642817,0.04980539820895888,0.8709314159712107,0.8792846198598795,"[-0.5510038535614191, 0.6506146499793369]",0.9649114111265673,0.8737416539032846,0.9753998944222592,"[-10.936289839708866, 12.866112661962]",20.31430990256234
7516.0,24.0,0.7735993481412814,0.9345665441914526,0.25736827278650437,0.4710915117422756,0.5693636835173744,"[-0.4425479025138945, 0.9572844480869032]",-1.6616800710131194,0.21358348751184641,0.6529252892537399,"[-4.28019301979653, 0.9568328777702915]",6.347150331336711
7517.0,24.0,0.5141639833307676,0.7724819461099274,0.3899096585715974,0.241904611911682,0.36343841933846455,"[-0.2631266691558209, 1.0429459862990156]",-0.74717454101381,0.38331285399991744,0.809701846218668,"[-2.4269415794212676, 0.9325924973936479]",2.853996517314383
7518.0,24.0,0.7659746926343176,0.9322963639658198,0.17830675769906618,0.46265887706413866,0.5631879209545205,"[-0.2975086202218503, 0.6541221356199827]",-1.2593442068121554,0.33992308592987,0.7807144830727376,"[-3.845768506956986, 1.327080093332675]",4.8103405336391205
7519.0,24.0,0.8291761222837505,0.9545027190323622,0.19435919157605258,0.5387542224257302,0.6203986900342356,"[-0.42535496810517553, 0.8140733512572806]",-0.0009824864240792763,0.9995363219842485,0.999870900499806,"[-3.314567984125765, 3.3126030112776066]",0.0037528217019095274
7520.0,24.0,0.7674150829652217,0.9326872666081936,0.20212548944194805,0.4641693265759458,0.5641338436751894,"[-0.33907581176749724, 0.7433267906513934]",1.7040960366291094,0.1954688071667784,0.6279387127314469,"[-0.8758867794781131, 4.284078852736332]",17.49083261441207
7521.0,24.0,0.7017799579501918,0.9015215829973948,0.2891511743382394,0.3965073990605158,0.5093222852415104,"[-0.3792559141503424, 0.9575582628268211]",2.155577347672615,0.06354995480280354,0.36691659816861166,"[-0.12157407020907307, 4.4327287655543035]",15.76630103762367
7522.0,24.0,0.4168561060857167,0.6800262742018217,0.43377804258182123,0.17745246259572212,0.2894819944465287,"[-0.19662667623492308, 1.0641827613985655]",2.3257376701673644,0.001666915502288143,0.03737213901072339,"[0.8758477226762431, 3.7756276176584858]",15.11633648298806
7523.0,24.0,0.43872232983424353,0.7012105937703086,0.4716874382899955,0.19090450021163408,0.30525183916155113,"[-0.2351591890125817, 1.1785340655925727]",1.3579923565800947,0.06584513863680634,0.3735328486937639,"[-0.08894984825919283, 2.8049345614193824]",18.81285129046239
7524.0,24.0,0.39960933301775337,0.6617144113557764,0.4973749692742915,0.16684480665514778,0.27627886513520084,"[-0.20779544697440278, 1.2025453855229857]",2.0955893198410376,0.0031470944093367616,0.056441165491502486,"[0.704702155763347, 3.486476483918728]",15.995438425361185
7525.0,24.0,0.6493457993979462,0.8760736635158476,0.4020160964052125,0.3481331437940599,0.469688537228899,"[-0.4378082327549273, 1.2418404255653523]",-2.8066269310709555,0.01061886687470578,0.12363313917761266,"[-4.959618652514154, -0.6536352096277578]",10.720525187874692
7526.0,24.0,0.9865775002435367,0.9961904215642817,0.05961721784196714,0.8693931812901896,0.8780862350168565,"[-0.6510078561042286, 0.770242291788163]",-1.7763575475721796,0.7622165680717898,0.9565635162989086,"[-13.283055306846101, 9.730340211701744]",6.785186025473016
7527.0,24.0,0.18122124490700328,0.34835304020356084,0.6266224316075523,0.05458672896329286,0.10493411949883288,"[-0.012326973692539767, 1.2655718369076443]",-0.20903433360787638,0.6980807294681359,0.93921592772905,"[-1.265199532511366, 0.8471308652956133]",0.7984523392707319
7528.0,24.0,0.9771737591425504,0.9946449600377419,0.07924688808721843,0.8297709574717864,0.844636560944408,"[-0.6431922672756232, 0.8016860434500601]",1.7346955595030442,0.6989128155311078,0.9396049854761145,"[-7.055485910297153, 10.52487702930324]",17.373951046692707
7529.0,24.0,0.7488846080423389,0.924826405972736,0.2821735720847097,0.4441000179385204,0.5485028973939658,"[-0.4404955117137749, 1.0048426558831944]",-0.3403874720842781,0.8004059272014794,0.9643261963868218,"[-2.9791915928475925, 2.2984166486790363]",1.3001843699704174
7530.0,24.0,0.7779870440834081,0.9367635451786913,0.22743011870447755,0.4762219140931544,0.573391902267946,"[-0.3982853385711545, 0.8531455759801096]",1.187779817842264,0.3843259016498882,0.8109156077952878,"[-1.4882322698174502, 3.8637919055019783]",19.463015296454703
7531.0,24.0,0.3117102410422644,0.5511142875570446,0.4710453600913913,0.1168257011093767,0.20655180535604087,"[-0.11766132736214108, 1.0597520475449236]",-1.5861279436743736,0.009738986597255236,0.11691460500906646,"[-2.78875847440373, -0.38349741294501727]",6.058562462687038
7532.0,24.0,0.4606670535942842,0.7237502805880349,0.4971179906535009,0.20504947203113633,0.32220763844822903,"[-0.27171057154736616, 1.2659465528543679]",-0.06456547026196624,0.9372235102296069,0.9892015094756179,"[-1.67129446362872, 1.5421635231047874]",0.24662192988587275
7533.0,24.0,0.11028443588248883,0.22172182525631048,0.7779819062400236,0.0272299839705661,0.05474464006949356,"[0.08745883588831438, 1.4685049765917328]",-0.5881139276494114,0.2006805434280523,0.6343372390294133,"[-1.4889177197093555, 0.3126898644105327]",2.246429728478235
7534.0,24.0,0.652756545567163,0.8776136598629726,0.25980308169943145,0.35134224963433214,0.47223420649775827,"[-0.2865603677115298, 0.8061665311103927]",-0.7066314201250625,0.512718382532398,0.8794483405358456,"[-2.8223499185699015, 1.4090870783197764]",2.6991332029667885
7535.0,24.0,0.5274029005762796,0.7843588646286133,0.30651632974382126,0.25135815071728096,0.3737667668658453,"[-0.21722492893805256, 0.8302575884256951]",2.503088873780534,0.004520090334646262,0.07084781088787245,"[0.7752612165736268, 4.230916530987441]",14.438904785748065
7536.0,24.0,0.17078946225641115,0.3301555427342183,0.6284047521509826,0.05037718322228635,0.09738485061335077,"[-0.0010330235405571209, 1.2578425278425223]",-0.7192477899930099,0.16143439299363582,0.5777019684301932,"[-1.725986629623316, 0.2874910496372962]",2.7473241860474156
7537.0,24.0,0.8905426456746331,0.9766429825594324,0.14095598426724607,0.6292727349492323,0.6902190796854583,"[-0.4313241445257432, 0.7132361130602354]",-3.0018243067219044,0.16255943477935808,0.5790263475755033,"[-7.214788063579981, 1.2111394501361716]",11.46612424099663
7538.0,24.0,0.9353113588053001,0.9878137795754037,0.10839163853031708,0.7142495708542257,0.7547813281773493,"[-0.47181025963254997, 0.6885935366931841]",2.7731958463518054,0.32369432386777774,0.7657132670039258,"[-2.7343468200941357, 8.280738512797747]",13.40717214938875
7539.0,24.0,0.1357293591591104,0.268186838883838,0.8259397825898365,0.03645508604609137,0.07204562459701852,"[0.052060456159766066, 1.599819109019907]",2.685748983962948,4.0816639336740617e-08,1.1031524145065031e-05,"[1.7264449511869342, 3.645053016738961]",13.741194559158272
7540.0,24.0,0.4172430253777941,0.6804744751952677,0.3078400940372528,0.1776336028834874,0.2895885276874591,"[-0.13972742331624727, 0.7554076113907529]",-2.1340721736205506,0.0034462458279704298,0.06003912592282979,"[-3.564130998851132, -0.7040133483899691]",8.151555248317827
7541.0,24.0,0.7878682566971256,0.9406259034110859,0.2895304053856168,0.48768291273956843,0.5822384345028276,"[-0.5281498318808717, 1.1072106426521053]",-0.4370411220482069,0.7672985471744509,0.9580033762946464,"[-3.331785630893245, 2.4577033867968314]",1.6693741178016108
7542.0,24.0,0.3433585201603062,0.5942515059887612,0.33527160714438065,0.1343087210930014,0.23244846156628834,"[-0.10359122417663502, 0.7741344384653963]",2.3270772488444016,0.0004790602892370732,0.016184469230982202,"[1.0210271242011322, 3.633127373487671]",15.111219669353398
7543.0,24.0,0.6755248072706131,0.887749373441559,0.21976980333004278,0.37167696053975574,0.4885210680972627,"[-0.2624010992754875, 0.7019407059355731]",-1.982786602148984,0.06903428217802898,0.3835237898779388,"[-4.1201753887876915, 0.15460218448972318]",7.573686931881458
7544.0,24.0,0.6074700383730078,0.8464122033900068,0.32380093578167835,0.31260708501698753,0.43562860230906847,"[-0.3046988769161555, 0.9523007484795122]",0.1900635158281192,0.8530852371213243,0.9710102122541093,"[-1.8215518328541584, 2.201678864510397]",23.274010846908723
7545.0,24.0,0.4281157605653368,0.6912855533805542,0.4338973989884792,0.18420683957654083,0.2974916659827856,"[-0.20652351384030782, 1.0743183118172661]",2.911771805825931,0.00018732781179468425,0.008428070991455316,"[1.3840144598529103, 4.439529151798952]",12.877850974732528
7546.0,24.0,0.8425741387814967,0.9593754410363697,0.17101732244577528,0.5568087114093726,0.6341062651285418,"[-0.39942941922536834, 0.7414640641169189]",-3.0764910349919115,0.08185253683384021,0.4172942693051722,"[-6.541826504734846, 0.3888444347510238]",11.751330134324734
7547.0,24.0,0.2791241567672467,0.5046540530957272,0.4254498985049219,0.10019160634077236,0.18114555476545355,"[-0.0817911615208301, 0.9326909585306739]",-2.2030728337535512,0.000248376166088448,0.010055715226252955,"[-3.3815738425998547, -1.0245718249072477]",8.41511835560033
7548.0,24.0,0.9768955598552053,0.9944981775987023,0.0680951657991437,0.8287756095058243,0.8437092634692297,"[-0.5490165011571928, 0.6852068327554801]",-2.803601857689828,0.5562547573144574,0.8951179890946906,"[-12.142201963387095, 6.534998248007438]",10.708970258710961
7549.0,24.0,0.7272725036102448,0.9150478185522077,0.270818505854829,0.4217426294940718,0.5307609230985046,"[-0.38986538343541594, 0.9315023951450738]",2.5893997165045084,0.040889032067712924,0.28551942673459396,"[0.10725288214982731, 5.071546550859189]",14.10922165146132
7550.0,24.0,0.45015955065060537,0.7132935361283559,0.39713045199492364,0.19838880535210346,0.3144038119684682,"[-0.2080540656984688, 1.002314969688316]",1.1318947866077185,0.135695674384892,0.5291021022618735,"[-0.35500422753823213, 2.618793800753669]",19.676480391634453
7551.0,24.0,0.38554648724744717,0.6457471538824753,0.4199700060517888,0.15845908129425268,0.2653544402975462,"[-0.163694343750883, 1.0036343558544605]",2.5926270750593314,0.00032712347199178514,0.01257453676465526,"[1.1782892506481089, 4.006964899470554]",14.096894049850201
7552.0,24.0,0.29607765530717106,0.5288604342486004,0.461123933545668,0.10881790659024002,0.1943176903397143,"[-0.10249935530908977, 1.0247472224004257]",2.6349031136042536,3.47251609669631e-05,0.002505660698445655,"[1.3874947716048518, 3.8823114556036553]",13.935411477639772
7553.0,24.0,0.8774665526897342,0.9727850092367603,0.17071621076647508,0.6080752879973341,0.6742158642835504,"[-0.4817462629830653, 0.8231786845160154]",-0.05781448968365677,0.9772340929349952,0.9957551385113054,"[-4.028641336426304, 3.9130123570589905]",0.22083508357174472
7554.0,24.0,0.8046456946014572,0.9466419936487732,0.2875385070795407,0.507604884860114,0.597252482480426,"[-0.5630337372164635, 1.138110751375545]",1.675986692073744,0.24889163093646116,0.695756657100674,"[-1.1728800788226823, 4.524853462970171]",17.598202401605505
7555.0,24.0,0.76765172084765,0.9327260411022222,0.26159659582935063,0.464615173462538,0.5644698985087327,"[-0.43954110361807835, 0.9627342952767797]",2.6877417754520945,0.05492539051438071,0.3400730386483406,"[-0.05670756354826567, 5.432191114452454]",13.733582656373091
7556.0,24.0,0.32044353602728926,0.5633676793728715,0.4335528708866421,0.12149116505710258,0.213629620286799,"[-0.11518680296021105, 0.9822925447334954]",-0.03389181672970398,0.9597189634724618,0.9938808419181301,"[-1.3491098553953174, 1.2813262219359094]",0.1294572039095276
7557.0,24.0,0.6376619299569711,0.8681683886991963,0.3415246487735289,0.338175563573219,0.46035334001254963,"[-0.3573608833697632, 1.040410180916821]",0.9500658582768056,0.35687255552166897,0.7937556839894773,"[-1.0710049325049726, 2.9711366490585838]",20.371015737417654
7558.0,24.0,0.8845438097640194,0.9749979007123574,0.22770084653446307,0.6193829253968326,0.6829671688133561,"[-0.6707547894186949, 1.1261564824876211]",1.623490727116815,0.4020946863257463,0.8207689045228542,"[-2.174141699736047, 5.421123153969678]",17.798722217172084
7559.0,24.0,0.36213519532358723,0.6170304912652704,0.4183254715599591,0.14490549637231492,0.2468998063934485,"[-0.14411305608280717, 0.9807639992027253]",0.7983361127789417,0.244041403825642,0.6897159217773741,"[-0.5448264545729469, 2.1414986801308302]",20.950580673659104
7560.0,24.0,0.8241831494931986,0.9530427085657405,0.18470286602352137,0.5322241298757164,0.6156438749285326,"[-0.3948722015142958, 0.7642779335613386]",-1.5521741032926428,0.3136859933746321,0.7588401465065968,"[-4.571679313727144, 1.4673311071418587]",5.928868345878102
7561.0,24.0,0.8932029796088189,0.9774404695256799,0.1683957270287256,0.6337294998240312,0.6935100676559763,"[-0.5242811714827079, 0.8610726255401592]",1.487270657320006,0.46168979109061925,0.8550833639977362,"[-2.472961299548088, 5.4475026141881]",18.31904455612773
7562.0,24.0,0.6112903794555871,0.8492503187768645,0.2945170403967408,0.3158011459593596,0.43873457343617617,"[-0.2809281915649498, 0.8699622723584315]",1.2750781148394923,0.18664379961326727,0.6181710822584453,"[-0.6173634927799492, 3.167519722458934]",19.129560364679985
7563.0,24.0,0.4118922590472743,0.6757007794617482,0.4466687736711923,0.17437673150675492,0.2859572507490241,"[-0.19786587640409148, 1.091203423746476]",0.6595608299679183,0.37490418989650487,0.8058196345601851,"[-0.7973079866820989, 2.1164296466179353]",21.480663207379504
7564.0,24.0,0.9892845886562397,0.9966598717068705,0.06465176493234803,0.8833375651935347,0.8899229953591927,"[-0.7988856564106239, 0.92818918627532]",-1.036368321977701,0.8768867909858319,0.976152042827762,"[-14.148197523760329, 12.075460879804927]",3.9586353913584973
7565.0,24.0,0.6239312580011283,0.8581695767525895,0.3534873709103621,0.3262555143177013,0.4487696207946373,"[-0.35226159163973636, 1.0592363334604604]",-0.2147051726932112,0.8387235502198452,0.9708072590103425,"[-2.2823201799061654, 1.852909834519743]",0.8201133489965662
7566.0,24.0,0.1509470764574425,0.29533765693101643,0.7868022051302984,0.04233856607449971,0.08283812575718981,"[0.0272112439600527, 1.5463931663005441]",-2.6249201361369225,1.7402867912819878e-07,4.047178584376716e-05,"[-3.6095357573961286, -1.6403045148777164]",10.02645635730341
7567.0,24.0,0.7962189657953892,0.9444516968797697,0.2410797909494572,0.4976659661856233,0.5903499744045884,"[-0.45566286311815196, 0.9378224450170664]",-0.6154311103152867,0.6803053398826759,0.935645905148272,"[-3.542825972698775, 2.3119637520682015]",2.3507736801410744
7568.0,24.0,0.4325698538609338,0.6960094189234654,0.3857248341543431,0.18700718810947936,0.30092419726276226,"[-0.18723133317829865, 0.9586810014869849]",1.7933744457382481,0.014287635810259935,0.14976557453102657,"[0.3586715225713919, 3.2280773689051045]",17.149814211505674
7569.0,24.0,0.2523093380245194,0.4625285756636469,0.4769623317859573,0.08683701754228926,0.15918793316643312,"[-0.06897939121958502, 1.0229040547914996]",0.3696115689649364,0.5384526389814503,0.8894163181061286,"[-0.808019850948561, 1.5472429888784338]",22.588187802606704
7570.0,24.0,0.14301728423661414,0.2811426857413291,0.6829303368143326,0.039268762235717646,0.07717917106076581,"[0.033592407617240694, 1.3322682660114245]",0.5927038172273456,0.22849817608385836,0.6687703725178837,"[-0.3719556331550856, 1.5573632676097766]",21.736038184771985
7571.0,24.0,0.9843254029440747,0.9954747198059007,0.06381484580291714,0.8588866904457992,0.86861518046703,"[-0.6396764362786649, 0.7673061278844993]",-0.2447749269681827,0.9664461275111862,0.9940815958765544,"[-11.649488003559938, 11.159938149623574]",0.934971349726655
7572.0,24.0,0.3684736884958778,0.6246375461872823,0.5340633926687733,0.14847293384323182,0.25164904041225733,"[-0.1903544782685067, 1.2584812636060534]",-2.617502442910351,0.00020707530358502244,0.008887352085194096,"[-4.000224735586476, -1.2347801502342262]",9.998122856263056
7573.0,24.0,0.43761775255141266,0.7007092902099827,0.48031499783980935,0.19016764975401457,0.3045724082363815,"[-0.23826532527214273, 1.1988953209517614]",-1.7022241980975963,0.020641534411343792,0.18799211667890522,"[-3.1437149311039345, -0.26073346509125783]",6.502017489068883
7574.0,24.0,0.5439616759248402,0.7985344626025253,0.3615470673114893,0.26341643597883935,0.3866379509450159,"[-0.27208068074199593, 0.9951748153649744]",-1.0521232052311245,0.23018323262632223,0.670892546273163,"[-2.770721376166212, 0.6664749657039628]",4.018814612501331
7575.0,24.0,0.996240377644137,0.9987202807390857,0.03429007720536719,0.9308414606228705,0.9335487520036813,"[-0.7401109202151361, 0.8086910746258704]",-1.3053040281408341,0.9067777306713424,0.984130378414741,"[-23.152135764053543, 20.541527707771873]",4.985894119593029
7576.0,24.0,0.5993903356948282,0.841013519987131,0.3379046242793871,0.3059975613623529,0.4294334487839158,"[-0.30907110580052616, 0.9848803543593003]",-3.1225434683483755,0.0020991418959012027,0.044075212007887735,"[-5.112270924781375, -1.132816011915376]",11.927237472166924
7577.0,24.0,0.6159573743430926,0.8527722197744602,0.287294837787278,0.3197228982717124,0.4427743864555051,"[-0.27860665246735233, 0.8531963280419084]",0.39465687320191467,0.7023154562740654,0.9408110599786542,"[-1.6292047193023782, 2.4185184657062075]",22.492521787313375
7578.0,24.0,0.2663761327470979,0.48493743445675935,0.5257925313245427,0.09382883692184597,0.1707841953437313,"[-0.08925456748087479, 1.1408396301299604]",-0.6652328143101727,0.26939163078317097,0.7201059363356616,"[-1.845743535117606, 0.5152779064972606]",2.541002176905526
7579.0,24.0,0.23869287804705167,0.4413461069949442,0.49157389838473553,0.08044322844257504,0.14872107310514887,"[-0.05957079786451125, 1.0427185946339823]",0.6434261186128172,0.2658237919501587,0.7158134577621315,"[-0.48990397642494043, 1.7767562136505748]",21.54229326500011
7580.0,24.0,0.9842222145812738,0.9954747198059007,0.07123720937986353,0.8584595758646921,0.868534576957398,"[-0.7116828469379589, 0.854157265697686]",1.9963683745232839,0.7149874780489751,0.9463672813293932,"[-8.718785416923183, 12.71152216596975]",16.37443451909489
7581.0,24.0,0.813667420523631,0.9491046547575306,0.21813129058387365,0.5190551061037335,0.605453290684397,"[-0.444908006220015, 0.8811705873877622]",-0.5898415089390099,0.7078128341850072,0.9436463178572346,"[-3.6743749308890674, 2.4946919130110476]",2.2530286029222193
7582.0,24.0,0.7770382541688254,0.9363034753209127,0.21053702720987988,0.47518762539556836,0.5725570413700927,"[-0.36734536054004197, 0.7884194149598017]",-0.45701559764485644,0.7499063370209694,0.9551730187504387,"[-3.267048382793035, 2.353017187503322]",1.745670994446616
7583.0,24.0,0.7707307634320499,0.9336532567317383,0.22992636639211989,0.4678565416621562,0.5667969889763116,"[-0.39082486192494387, 0.8506775947091836]",-0.06347621812621007,0.964620577581293,0.9938808419181301,"[-2.86830313698588, 2.74135070073346]",0.2424612932055768
7584.0,24.0,0.6992453573019631,0.9002615501360574,0.22998396322965783,0.3937771873713557,0.507101513246479,"[-0.29858888035675024, 0.758556806816066]",-0.07356523060221498,0.9518431153398871,0.9915249937717022,"[-2.461038056808287, 2.313907595603857]",0.2809984821609044
7585.0,24.0,0.6594421274828728,0.8805654487825544,0.23548893973935228,0.3572696058291551,0.47705916120864617,"[-0.26587944126433594, 0.7368573207430404]",-0.87625152848398,0.41662751945345733,0.8288815882747501,"[-2.9905577634167164, 1.2380547064487564]",3.3470342916013
7586.0,24.0,0.8039933026627284,0.9465322931489172,0.2794963734307495,0.5070954227708192,0.5969339879585864,"[-0.5462949008899617, 1.1052876477514606]",2.2604015854604222,0.13091629111192934,0.5224113771425752,"[-0.672607563339819, 5.193410734260663]",15.365901943229195
7587.0,24.0,0.5014030796184713,0.762104177746551,0.42217325237215386,0.23271207282471995,0.35371831907286366,"[-0.2711761372792717, 1.1155226420235795]",-1.884722419664719,0.02032107487077592,0.18586932383746718,"[-3.4767073564865756, -0.29273748284286216]",7.199109346698183
7588.0,24.0,0.5436992610482606,0.7983836432426734,0.43727119049679036,0.2632492685603869,0.3865060469246614,"[-0.32879826403590035, 1.203340645029481]",0.5653390570645245,0.5338173053694109,0.8871818271055524,"[-1.2155400610899532, 2.3462181752190023]",21.840563869086477
7589.0,24.0,0.6410724672299797,0.8701947430839957,0.3414084962532486,0.34101312909611814,0.4629782658048487,"[-0.3613563694401292, 1.0441733619466265]",0.44926862930358613,0.6762018245089466,0.9341755514903409,"[-1.6590681242475371, 2.5576053828547094]",22.283920244885135
7590.0,24.0,0.6728767024875739,0.8871149670238285,0.31641281514472014,0.3691129368758802,0.4867637305497563,"[-0.3740812496702704, 1.0069068799597107]",2.9420255539267437,0.010762983050798897,0.12399750058524074,"[0.6810127344761256, 5.203038373377362]",12.762290169357295
7591.0,24.0,0.5838230768840508,0.8293502717358707,0.3191714581170156,0.2938958203718698,0.41740636326071556,"[-0.2768236652170894, 0.9151665814511205]",-0.9834782396215864,0.2947731847756445,0.7447528670430634,"[-2.8232866841323307, 0.8563302048891577]",3.756610158218184
7592.0,24.0,0.5417885565445284,0.7967478772713652,0.3670271252217717,0.26175471110749315,0.3849856125357397,"[-0.27396887712542706, 1.0080231275689706]",-1.1339705563476157,0.19208868252179512,0.6244437368203832,"[-2.837818062540244, 0.5698769498450127]",4.331448464721352
7593.0,24.0,0.839561925695166,0.9587751665643991,0.21761426973355916,0.5529509616842838,0.6315109201510779,"[-0.5012202263087702, 0.9364487657758884]",-2.484648913135374,0.1443137921842129,0.5441696537866249,"[-5.82034085694863, 0.8510430306778822]",9.490659752961601
7594.0,24.0,0.5505126451855081,0.8037854361009026,0.2857903157580461,0.26811005643025143,0.39153280852869915,"[-0.2200123635586147, 0.7915929950747069]",-1.3252100970362362,0.12895974828370385,0.5193573340339577,"[-3.0360092566004977, 0.3855890625280254]",5.061929701886575
7595.0,24.0,0.1632522322233116,0.31736437057408945,0.5387107703098167,0.04729162431797724,0.09193550606138655,"[0.006440351666252009, 1.0709811889533816]",0.867865656666508,0.08318936430307113,0.42036060789828766,"[-0.11395936572853294, 1.8496906790615488]",20.684997379243956
7596.0,24.0,0.732659733314583,0.9172244370513833,0.2843189917481775,0.42726686794364177,0.5349528833650204,"[-0.41762195858145507, 0.98625994207781]",-0.989073343442282,0.42530001748859736,0.8349582348092637,"[-3.420586289700652, 1.442439602816088]",3.7779818805424092
7597.0,24.0,0.8097432802570708,0.9481259049426021,0.21124150741805311,0.5139540847831512,0.6018466755675292,"[-0.4230928845913323, 0.8455758994274386]",-0.24754181016797627,0.875883031773973,0.9758055166822338,"[-3.3538363087374563, 2.8587526884015038]",0.9455400650435766
7598.0,24.0,0.9464849970591879,0.9901985232007054,0.13132354040663813,0.7400158921969497,0.7742773450410412,"[-0.6443375651358698, 0.9069846459491462]",0.7790155095335622,0.7961170258628881,0.9628316126547152,"[-5.1303744998751695, 6.688405518942294]",21.024379941899568
7599.0,24.0,0.989227140901023,0.9966598717068705,0.05494152259579786,0.8829859758146229,0.8897457902000367,"[-0.6766777538472268, 0.7865607990388226]",-1.2772442209956933,0.8460893957737536,0.9708072590103425,"[-14.173781290203177, 11.619292848211792]",4.878713551368523
7600.0,24.0,0.9457409183564915,0.9901985232007054,0.10059902067210272,0.738053755982422,0.7729930414562443,"[-0.4889695095990152, 0.6901675509432206]",3.0052572704660925,0.33279950695007243,0.7741326139098854,"[-3.076574788034333, 9.087089328966517]",12.520762803419144
7601.0,24.0,0.4058412166041536,0.6687362018595766,0.4647846921394405,0.1703827373358039,0.2808147175540977,"[-0.19967762942192246, 1.1292470137008035]",1.5466116772660312,0.027563066913347478,0.22246220269045586,"[0.17090377970138482, 2.9223195748306776]",18.092378556467136
7602.0,24.0,0.8173098623488932,0.9512451842980602,0.20592956352787156,0.5234385343308587,0.6092870845429621,"[-0.4266415558043149, 0.8385006828600581]",1.7615431356824116,0.24409046471701268,0.6897159217773741,"[-1.2024778098558153, 4.7255640812206385]",17.271400859677126
7603.0,24.0,0.8933805891464714,0.9774404695256799,0.18968543377612582,0.634239022161158,0.6939157791697571,"[-0.5917372517893152, 0.9711081193415668]",-0.5941637692219137,0.780509127717313,0.9596987437192043,"[-4.773299323431362, 3.584971784987535]",2.2695384210667133
7604.0,24.0,0.56558225931601,0.8161992835536037,0.42373348021114887,0.27974301740323015,0.4036113366083251,"[-0.3446121674865954, 1.1920791279088931]",-2.1708278258356275,0.017342326963169404,0.1683721064385379,"[-3.9590099674340404, -0.3826456842372148]",8.291951497996132
7605.0,24.0,0.507964403125674,0.767133710946148,0.4221730017426465,0.23718216135662262,0.3582270976538629,"[-0.2778289859763319, 1.1221749894616249]",1.5847471747429438,0.05156770153322426,0.327830270395577,"[-0.010777225444448035, 3.1802715749303356]",17.946711686129877
7606.0,24.0,0.8105658152710234,0.9482278699781302,0.20250312202471685,0.5151965898421758,0.6026395950896898,"[-0.407390323244777, 0.8123965672942107]",0.6503752308960378,0.6752728602950634,0.9340458733357723,"[-2.3924606003504567, 3.6932110621425323]",21.515749611320707
7607.0,24.0,0.9527615912191398,0.991078205928571,0.11358697433737461,0.7555041677918467,0.7860827882549649,"[-0.6013569568080077, 0.828530905482757]",-2.9016675260519103,0.3825369662001712,0.809701846218668,"[-9.414447395025737, 3.611112342921917]",11.083553519529422
7608.0,24.0,0.9084812866779112,0.9826858822943617,0.1631430480170557,0.6607183428530766,0.7147467818646352,"[-0.5653572041154308, 0.8916433001495422]",-1.1657810920290679,0.5992771056171536,0.91161020243821,"[-5.514303104826587, 3.1827409207684516]",4.452955760627853
7609.0,24.0,0.9533778882085022,0.9911403349708933,0.10352045184769157,0.7571062619973091,0.7870945649207913,"[-0.5525012425610312, 0.7595421462564143]",-0.2777403453056708,0.9337420850228738,0.9892015094756179,"[-6.8254481575689745, 6.269967466957633]",1.0608899724347376
7610.0,24.0,0.641929344989328,0.8710031818037015,0.34495761374510364,0.3416132803236511,0.46358159902788865,"[-0.36599608751735474, 1.055911315007562]",0.24284039164442728,0.8233712288764263,0.9666963285808975,"[-1.889483960717694, 2.3751647440065486]",23.07241803089802
7611.0,24.0,0.8036256666397454,0.9465322931489172,0.20768785257917835,0.5064696480646602,0.5967426305278892,"[-0.40503720461526094, 0.8204129097736176]",-0.343775831236095,0.8245510919715827,0.9666963285808975,"[-3.3830295233378074, 2.6954778608656174]",1.3131269485619932
7612.0,24.0,0.6192821768406236,0.854815979446913,0.39429280580258946,0.32236146155677803,0.44506621780585115,"[-0.3866152271912619, 1.1752008387964408]",-2.937423047739635,0.0050151413818758615,0.07645032594322959,"[-4.989141180240683, -0.8857049152385872]",11.22012955199576
7613.0,24.0,0.1646369667202784,0.3198697624252543,0.602146470472994,0.047760591756817516,0.09277504226266028,"[0.005940402129802402, 1.1983525388161855]",-1.2256305211322562,0.012448361942084934,0.13560307126454177,"[-2.1868252601684457, -0.26443578209606655]",4.681563740219863
7614.0,24.0,0.479929302149196,0.7425797650459477,0.370194662306923,0.2178917914669004,0.3371894018367385,"[-0.21866725415098676, 0.9590565787648327]",-3.0189300977836027,0.00033902721021992203,0.012745383842854213,"[-4.67010979925303, -1.3677503963141748]",11.531463549867823
7615.0,24.0,0.19772843457399317,0.37662558966474885,0.44322345380070494,0.06164106593629921,0.11747868484143167,"[-0.021604249962684396, 0.9080511575640943]",3.086642640346465,2.82321335581202e-08,8.150228974725258e-06,"[1.9970096895311373, 4.176275591161793]",12.209893589535378
7616.0,24.0,0.9089414419552455,0.9828519052284229,0.12427141937324958,0.6615704468893329,0.7153659676571507,"[-0.43214149378628997, 0.6806843325327891]",1.9931902949122762,0.37074339402500156,0.8033183663564902,"[-2.3713062816714734, 6.357686871496026]",16.386573889006044
7617.0,24.0,0.3808251851812743,0.6405806310870887,0.4266691493025909,0.15543777509448584,0.26150365931104613,"[-0.162001602916945, 1.0153399015221267]",-1.5166416787026389,0.025186245782156728,0.21125008155450606,"[-2.8445477659648137, -0.1887355914404638]",5.7931444815531625
7618.0,24.0,0.1031114466451495,0.20851657562214257,0.7051311337958777,0.024770506093922038,0.050081896671900605,"[0.08951670767016473, 1.3207455599215905]",0.854441449501266,0.05380891048295911,0.33588583322696075,"[-0.013998217143376013, 1.722881116145908]",20.736274073502468
7619.0,24.0,0.4147372096664058,0.6785621885903237,0.36292862479553234,0.17613195859366815,0.2881740160236717,"[-0.16290481689440972, 0.8887620664854744]",0.8911466243048372,0.224258792479209,0.6631320510407964,"[-0.5460639859474932, 2.3283572345571675]",20.596070633333497
7620.0,24.0,0.773463128456056,0.9345665441914526,0.2941467815844548,0.4709509710339911,0.5693596768905842,"[-0.5055355756166624, 1.0938291387855719]",-1.4337623248376108,0.28342665511082976,0.7335058362081515,"[-4.053548468670261, 1.186023818995039]",5.4765686692040045
7621.0,24.0,0.9842999285496692,0.9954747198059007,0.06416741632943299,0.858842176328998,0.86861518046703,"[-0.6429851461029299, 0.7713199787617959]",2.1928318465446353,0.6929643929802185,0.9381119128929635,"[-8.692392267211742, 13.078055960301013]",15.623999334074227
7622.0,24.0,0.6781191845740984,0.8885209441484517,0.36024687116339493,0.37418139595274114,0.4902690547950658,"[-0.4342800942921403, 1.1547738366189302]",-0.5974998988844531,0.6006012343040306,0.91161020243821,"[-2.8343624133992558, 1.6393626156303496]",2.2822814977048407
7623.0,24.0,0.8640694210047488,0.9684758966441713,0.20796800371850555,0.5878454028256588,0.6588741879376601,"[-0.5441337709689666, 0.9600697784059777]",-0.8292627733358042,0.6520291014094861,0.9299133911664488,"[-4.43352654950245, 2.775001002830842]",3.1675504679636934
7624.0,24.0,0.10195501504778717,0.206386670137221,0.8120753073934672,0.02427493842828425,0.04913955147425962,"[0.10554391158631193, 1.5186067032006225]",1.5300821962844573,0.00034142025245355485,0.012787275372792315,"[0.6927867859901291, 2.3673776065787857]",18.155516522986197
7625.0,24.0,0.1360440560219997,0.26870246103495893,0.605203951514097,0.036552695343811746,0.07220998685067512,"[0.037851585313152136, 1.172556317715042]",2.763033336919435,1.9379305847737294e-08,6.056033077417904e-06,"[1.7989939412835474, 3.727072732555323]",13.445990076037862
7626.0,24.0,0.9627287716733693,0.9922992905311991,0.11393506484821997,0.7827433629210212,0.8067855729963114,"[-0.6959002025125711, 0.9237703322090112]",-0.42111343978397553,0.9098848636787343,0.9847157609726442,"[-7.713388515262489, 6.871161635694538]",1.608534853057222
7627.0,24.0,0.8325285636794564,0.9550331349012728,0.1962018858140071,0.5432062188481627,0.6232772145264076,"[-0.43630881532055665, 0.8287125869485709]",-3.053216764715997,0.07389412126691558,0.39642768920019084,"[-6.401451952580192, 0.2950184231481985]",11.662428970454286
7628.0,24.0,0.8231818223627072,0.952756738845726,0.23713652231743568,0.5310365114262585,0.6146255919285399,"[-0.5048188233620734, 0.9790918679969447]",1.2475994767698415,0.4202996009401988,0.8309019423020981,"[-1.7865800141072712, 4.281778967646954]",19.234521030557218
7629.0,24.0,0.7940618017922809,0.9435144983273299,0.25782147527155813,0.494862596263292,0.5880720098197172,"[-0.48247192546817114, 0.9981148760112875]",-2.927005094357147,0.0536980121618801,0.33561257601175065,"[-5.900585975972848, 0.04657578725855416]",11.180335901330386
7630.0,24.0,0.8627445356592548,0.9678801492072232,0.2510652444051469,0.5858771234385518,0.6573278197735718,"[-0.6521295285427526, 1.1542600173530464]",-0.8398261178184816,0.6458965393658849,0.929178471352323,"[-4.422275874557674, 2.742623638920711]",3.207899471723708
7631.0,24.0,0.4328577538481423,0.6961996097921522,0.4509591335271532,0.18737771197097608,0.3012987811078567,"[-0.21945921610155994, 1.1213774831558663]",-2.610224623415887,0.0007315846021614319,0.021328997147563613,"[-4.124956255969687, -1.095492990862087]",9.970323633523668
7632.0,24.0,0.48921450641647923,0.7515970293693028,0.45212336983812945,0.22438862061838194,0.34473593580946676,"[-0.27724996658434115, 1.1814967062606]",1.1260552130766879,0.16102218545130798,0.5771404496462651,"[-0.4485463608422038, 2.7006567869955793]",19.698785919466744
7633.0,24.0,0.7485434611447306,0.9248127763092792,0.2210274428136834,0.44361372601091387,0.5480772498281614,"[-0.3444377746440376, 0.7864926602714043]",1.6610250938168605,0.18629651571724015,0.6176940176301067,"[-0.8022870818691503, 4.124337269502871]",17.655351497264817
7634.0,24.0,0.6522401853997175,0.8776105831535489,0.336371044690625,0.3507425920504599,0.4719356728343109,"[-0.37013404341785155, 1.0428761327991016]",1.1430378155190297,0.2740083211181441,0.7248418266564558,"[-0.9050079160421918, 3.191083547080251]",19.633917156460427
7635.0,24.0,0.4906702994543485,0.7527047796205684,0.3526631433726346,0.22518529894418604,0.34553521396990344,"[-0.21723772135229413, 0.9225640080975633]",1.5004365292097592,0.05869325989650263,0.35103624340013534,"[-0.05514477959832176, 3.05601783801784]",18.268754629934875
7636.0,24.0,0.34997277149015843,0.6028816046342091,0.5353153449691035,0.1378880683891634,0.23753327887883444,"[-0.17183406292611236, 1.2424647528643193]",2.0054309096298493,0.00228643680565531,0.0463780285122781,"[0.7168283191388776, 3.294033500120821]",16.339818184875202
7637.0,24.0,0.7115987986641449,0.9071886775422551,0.34159934506075385,0.40610186337629417,0.517722926282884,"[-0.4643035818697224, 1.1475022719912302]",0.6339743252926651,0.6025886570350409,0.91161020243821,"[-1.7524496611060485, 3.0203983116913786]",21.578396456071754
7638.0,24.0,0.9236906175677778,0.9862215899768196,0.13732155912472463,0.6898609519595496,0.736637428680779,"[-0.5371540979226758, 0.8117972161721251]",1.2282644547620016,0.6135916602350185,0.9171561511352546,"[-3.5392145462102746, 5.995743455734278]",19.308375374413338
7639.0,24.0,0.1500832423635147,0.2937624630329119,0.6900087687935872,0.04189590985548636,0.08200412968386446,"[0.025296374989274617, 1.3547211625978997]",1.6921502032023934,0.0003518466335843805,0.013051495106174916,"[0.7641297167255767, 2.62017068967921]",17.536462336953214
7640.0,24.0,0.1732909149225401,0.3346030409780654,0.571650402060268,0.051331688140683875,0.09909592305151327,"[-0.0033053382853839297, 1.1466061424059197]",-0.39952256577400025,0.44848803987278474,0.849596270386384,"[-1.43265421509563, 0.6336090835476296]",1.5260637892725366
7641.0,24.0,0.7599697013250915,0.9293421569600563,0.23052496172477502,0.4561042714615844,0.5577210460523164,"[-0.3757202485995881, 0.8367701720491381]",1.1718135185215246,0.36966548469159377,0.8020186876808832,"[-1.38833801157929, 3.7319650486223392]",19.524002067489434
7642.0,24.0,0.17140149951343187,0.3312746415025742,0.6698338372305288,0.050556577975229305,0.0977127521747764,"[-0.0016236840750873949, 1.341291358536145]",1.1516327778881053,0.0208672599929803,0.18837780724356415,"[0.17466745362037295, 2.128598102155838]",19.601086818538974
7643.0,24.0,0.8417743356191163,0.9590396422312353,0.23325136048449233,0.5559507903382839,0.6333456258125812,"[-0.5430947517138902, 1.009597472682875]",0.9878618928508489,0.5547879005294161,0.8948702936230022,"[-2.290449944405789, 4.266173730107487]",20.226645519856106
7644.0,24.0,0.9884993572254812,0.9965715870808359,0.05224525549135772,0.879082961388366,0.8862831504039675,"[-0.620847420676197, 0.7253379316589125]",1.4299836670089316,0.8214054482839525,0.9661320257397701,"[-10.98582772302036, 13.845795057038224]",18.53786474051649
7645.0,24.0,0.9880958904877426,0.9964998169166586,0.049485110879075526,0.8770092563585714,0.8845277421669908,"[-0.5772144586420579, 0.6761846804002088]",-1.8950921466946085,0.762332466370889,0.9565635162989086,"[-14.177088427035944, 10.386904133646727]",7.238718786265877
7646.0,24.0,0.5060494367071365,0.7657338873499439,0.36434368122941285,0.23603726823185123,0.3571452084004406,"[-0.23829826310280267, 0.9669856255616284]",0.4300361815053897,0.6192300958943902,0.9174210890671123,"[-1.2660486179261112, 2.1261209809368906]",22.357382784121288
7647.0,24.0,0.877416780782219,0.9727850092367603,0.15176922998979112,0.6080571660363998,0.6742158642835504,"[-0.42825023628773595, 0.7317886962673182]",1.8266394814184466,0.33266985662647786,0.7741326139098854,"[-1.8689961174909855, 5.522275080327878]",17.02275113485051
7648.0,24.0,0.8907725692008182,0.9766429825594324,0.19973642863826918,0.6297632691805748,0.6905299004172969,"[-0.612353651134119, 1.0118265084106572]",-2.7507266531889774,0.19694601834992598,0.6295158459912049,"[-6.929072130593346, 1.4276188242153904]",10.507001854791636
7649.0,24.0,0.37809590551148703,0.6370613403731878,0.47578918609573984,0.15384492795512983,0.25921639082582953,"[-0.17812148988817378, 1.1296998620796534]",0.08967451594714237,0.9020028464854309,0.982851517978372,"[-1.3377311692608533, 1.517080201155138]",23.657468580423345
7650.0,24.0,0.2852274489623162,0.5130912915314197,0.4029348878142117,0.10325076497614626,0.1857637705421427,"[-0.08177677122898558, 0.8876465468574091]",-1.0401494403819251,0.08420270715564851,0.4229166607516249,"[-2.2207434002740323, 0.140444519510182]",3.97307819978525
7651.0,24.0,0.25812791778757455,0.4711223175535217,0.48962615155394845,0.08966409858539433,0.16365048108303398,"[-0.0758141678330379, 1.0550664709409348]",-2.764080594587413,5.078627773298447e-06,0.0005849491043301579,"[-3.951734373811527, -1.5764268153632988]",10.558010153591328
7652.0,24.0,0.9388078678141537,0.9880486751993395,0.113066997321425,0.7219635518857099,0.7600482780475323,"[-0.5097125402729107, 0.7358465349157607]",-1.3546142042907086,0.6176681608247073,0.9174210890671123,"[-6.673562637559334, 3.9643342289779167]",5.17424511828866
7653.0,24.0,0.760016015961934,0.9293421569600563,0.26612707535807784,0.45600619967978273,0.5576951992885087,"[-0.43359386827933427, 0.9658480189954899]",-0.13061789047688688,0.9252564035912878,0.9884161986874135,"[-2.859470943135176, 2.5982351621814024]",0.4989235902151764
7654.0,24.0,0.6992035753352015,0.9002615501360574,0.2908184966374036,0.39405573176782127,0.5072808081460108,"[-0.377964294723603, 0.9596012879984102]",-0.917530471846618,0.42958985072139466,0.8380605749539499,"[-3.1941996979657796, 1.3591387542725437]",3.5047082407638808
7655.0,24.0,0.05684135134708725,0.12045211135216626,0.8065870224439547,0.010477230959701206,0.022211640788003403,"[0.1889749979173193, 1.4241990469705903]",1.576395305143631,2.7488325938225433e-05,0.002082448934714048,"[0.8395884059869104, 2.3132022043003517]",17.978613478068826
7656.0,24.0,0.6711658832921114,0.8867299290422926,0.3070387369419461,0.36757678850578224,0.4856987163131372,"[-0.3608529179633199, 0.9749303918472121]",-1.8165783616572755,0.09040804209416833,0.43633224948922944,"[-3.919297885708974, 0.286141162394423]",6.938818218516772
7657.0,24.0,0.5998033386202883,0.8410684538833668,0.34647755113475825,0.30651886215459934,0.42977967211805856,"[-0.3176278685219755, 1.010582970791492]",-0.4058890303013447,0.6860664154685308,0.9372486972514004,"[-2.3740481594627547, 1.5622700988600653]",1.5503818924616424
7658.0,24.0,0.8710404630519119,0.9711122638619929,0.20067176343743065,0.5983689815782671,0.6672847026800113,"[-0.5460037656104774, 0.9473472924853387]",0.7827790451304519,0.680160735693546,0.935645905148272,"[-2.9388505649234093, 4.504408655184314]",21.010004294849633
7659.0,24.0,0.36181082934944625,0.6167375166084186,0.42993138023789734,0.14442298977897355,0.24628749962307903,"[-0.14741734730807932, 1.007280107783874]",-1.5755969608207652,0.016856613640065053,0.166075011232168,"[-2.867791678326708, -0.2834022433148222]",6.018337071244611
7660.0,24.0,0.7162152980241082,0.9097107811813898,0.27858497236512003,0.4105157811096152,0.521422305486619,"[-0.38487261959653274, 0.9420425643267728]",-2.7629846941500182,0.02702180967783973,0.22039164932973623,"[-5.212036836110545, -0.3139325521894918]",10.553824122269376
7661.0,24.0,0.5661587279985429,0.816614348764666,0.46350052927937296,0.27996110365171756,0.4038094672605186,"[-0.3773349870307762, 1.304336045589522]",-0.2567214656226131,0.7885285491961158,0.9618547806734763,"[-2.1326491997573074, 1.6192062685120812]",0.9806037660392389
7662.0,24.0,0.9847862502128459,0.9956379447802175,0.06879920727720268,0.8610460151404886,0.8706228666739015,"[-0.7015494169018516, 0.8391478314562569]",2.2339337824418486,0.6930701276903437,0.9381119128929635,"[-8.859345426557176, 13.327212991440874]",15.467001503625722
7663.0,24.0,0.8004189201802079,0.9455321020522349,0.22662343430704227,0.5024413246870906,0.593621602891175,"[-0.4356765511593955, 0.88892341977348]",1.5699371174174512,0.2738721741794382,0.7247212865293416,"[-1.242210250963089, 4.382084485797991]",18.003281938069712
7664.0,24.0,0.7900978116821615,0.9418497531220722,0.23980508305086148,0.49023465061300353,0.5844476044504096,"[-0.44143137818413203, 0.9210415442858549]",-2.8093761944755835,0.06004532125130436,0.35466817041526494,"[-5.737528980738557, 0.1187765917873902]",10.731026600531688
7665.0,24.0,0.9536041584023964,0.9911597957501838,0.11940982605949829,0.757660191918321,0.7875885570876519,"[-0.6390905829282538, 0.8779102350472505]",2.989629287627818,0.37389012699005597,0.8058196345601851,"[-3.600000241857044, 9.57925881711268]",12.580457300681545
7666.0,24.0,0.5476928357858196,0.8017754879019464,0.3892742938890937,0.2661027167375196,0.3895516274886834,"[-0.2967932004892912, 1.0753417882674785]",-2.7495315499896114,0.00292468959833292,0.05416091848764667,"[-4.560622897928933, -0.9384402020502898]",10.502436896831217
7667.0,24.0,0.6771940040306033,0.8880044981876918,0.28361926330256926,0.37302990245704615,0.4892540662263838,"[-0.34039948105862816, 0.9076380076637667]",-1.4961154821145728,0.16622104620179345,0.5846677671536878,"[-3.614165828873108, 0.6219348646439626]",5.714740185956361
7668.0,24.0,0.6173602285301225,0.8534176663290782,0.46257806661669015,0.3209296825803686,0.44357938159000493,"[-0.45086414239321165, 1.376020275626592]",1.1154872141301517,0.25695980882124947,0.706034507547217,"[-0.8131498539543136, 3.044124282214617]",19.73915270196909
7669.0,24.0,0.5668634694380961,0.8175129354457688,0.44284370352295965,0.2804347314143899,0.4044342823974472,"[-0.3613098366139299, 1.246997243659849]",1.4529658924327888,0.10351683066954477,0.4686139912609541,"[-0.29623212237747354, 3.202163907243051]",18.45007910580947
7670.0,24.0,0.2212024765618901,0.41410987408637795,0.4852552296272055,0.07232961380952532,0.13537266294127892,"[-0.04399504876810195, 1.014505508022513]",-0.7276233416126372,0.19299116342389078,0.6244437368203832,"[-1.8231342088906954, 0.36788752566542104]",2.7793164366406558
7671.0,24.0,0.3056790925295385,0.5431363597601253,0.4282055547070725,0.11382194969935651,0.20224227025472016,"[-0.10255803923538215, 0.9589691486495271]",-0.48478365094409526,0.4532173080282119,0.8510636664122461,"[-1.7515567672889456, 0.7819894654007551]",1.8517371450693296
7672.0,24.0,0.7815123329815719,0.9388462552556966,0.20513407130032704,0.48042690208801475,0.5772878155014293,"[-0.36465931237894766, 0.7749274549796017]",2.43144875504378,0.08804465512664379,0.4321413405096086,"[-0.3622796832370865, 5.2251771933246465]",14.712549882243538
7673.0,24.0,0.4664245522035625,0.729472243045922,0.3737306302206618,0.2088602384026529,0.32670018512440285,"[-0.20914139731227688, 0.9566026577536004]",0.11877759798036092,0.885666999190134,0.9784213424548542,"[-1.5002588331168532, 1.737814029077575]",23.54630299566825
7674.0,24.0,0.39397614725678237,0.6555343548365763,0.4312248631084943,0.16352630815949465,0.2720903629941675,"[-0.17537789073084487, 1.0378276169478333]",-0.6882213420020822,0.3411941197448962,0.7821965147750946,"[-2.10540669984596, 0.728964015841796]",2.6288118845032615
7675.0,24.0,0.8407752866595299,0.9587751665643991,0.20060145430767876,0.5544178562254588,0.6323917602662926,"[-0.464491290561294, 0.8656941991766515]",1.2881484340966507,0.43149278824642123,0.8396434875392512,"[-1.9213570175530927, 4.497653885746394]",19.079635422658402
7676.0,24.0,0.6609801325318385,0.8809544615911483,0.3286617156917469,0.3586496180632044,0.4779445869712212,"[-0.3730881157709262, 1.03041154715442]",0.7214823846367819,0.5098706759530838,0.87774087227094,"[-1.4241862710352318, 2.8671510403087956]",21.244140291151872
7677.0,24.0,0.9125174772601062,0.9837402730272814,0.11404442789973099,0.6683050662909388,0.7204668674977779,"[-0.40762610499135554, 0.6357149607908176]",2.4089081702263084,0.3039551534482403,0.7514276816848787,"[-2.1839179532123594, 7.001734293664976]",14.798648574096722
7678.0,24.0,0.8890187430916403,0.9758712876966413,0.1542741247020625,0.6267285081014007,0.6879566499466527,"[-0.4674592710845562, 0.7760075204886812]",1.6682176798308337,0.39949169478752455,0.8206211468997754,"[-2.212533071220773, 5.54896843088244]",17.62787784243912
7679.0,24.0,0.9723697641690574,0.9937497270692525,0.09243792402908683,0.8128626415080993,0.8308094777490538,"[-0.672870371363336, 0.8577462194215096]",-2.1241466214118265,0.6089364820161696,0.9143882220641197,"[-10.261978471564875, 6.013685228741222]",8.113642431591384
7680.0,24.0,0.15913948102832443,0.31003210798426734,0.5874868624395835,0.04551403845873578,0.08868674680190136,"[0.01172359802446743, 1.1632501268546995]",-1.3163289547301549,0.006480107754578198,0.09025219713897212,"[-2.2639912924177903, -0.3686666170425196]",5.028006237127005
7681.0,24.0,0.64475518733246,0.8734525717847215,0.27705357670999814,0.34416092936925247,0.46611757931074066,"[-0.29697276935887057, 0.8510799227788668]",1.184809725686284,0.24926882045501342,0.6962816213827191,"[-0.830752839584024, 3.200372290956592]",19.474360212808207
7682.0,24.0,0.25354272359409447,0.4643639626265466,0.4477171989845149,0.08754190278762315,0.16033315528868708,"[-0.06589407733922115, 0.9613284753082509]",0.6401059606640054,0.27941201128626814,0.7296533786976455,"[-0.5197839222109002, 1.799995843538911]",21.554975334185695
7683.0,24.0,0.46399214193821947,0.7272588737855159,0.4244941699373886,0.20735387573482023,0.3250060748194674,"[-0.2353597130190343, 1.0843480528938114]",1.891592178616504,0.013904514478028289,0.1466279712476675,"[0.384326570033535, 3.398857787199473]",16.774650107021184
7684.0,24.0,0.7677268044312392,0.9327260411022222,0.25867018582727874,0.4645475914560194,0.5644563687193432,"[-0.4345191699215214, 0.9518595415760789]",1.3624603275126645,0.30199693574016284,0.750862595077481,"[-1.2247082106247462, 3.9496288656500753]",18.795784898634164
7685.0,24.0,0.5305716291198941,0.787145098160417,0.364339380813948,0.2535226976042596,0.3760906358170295,"[-0.26105062280571145, 0.9897293844336075]",0.4129621757082136,0.6459492504591896,0.929178471352323,"[-1.3488938119934668, 2.1748181634098938]",22.422600682225294
7686.0,24.0,0.6787589919569754,0.8886644746139917,0.29510797756115886,0.3746953366134175,0.49050514187046257,"[-0.35645534530730755, 0.9466713004296252]",2.673968791945409,0.02033410402781891,0.18586932383746718,"[0.41508962996228016, 4.932847953928539]",13.786191578122182
7687.0,24.0,0.3569821277039072,0.6121092724689766,0.4487877242625407,0.14167425363254213,0.2429711922406082,"[-0.14975399143489038, 1.0473294399599717]",-1.5795374252750385,0.015851613377097815,0.1603369630426649,"[-2.8628845253929485, -0.2961903251571285]",6.033388536748023
7688.0,24.0,0.9767826155876512,0.9944981775987023,0.08198694664674211,0.8283881330335776,0.843486542137845,"[-0.6593147864304375, 0.8232886797239217]",0.4563830319860749,0.9230205590102059,0.9878688510655973,"[-8.800557093558908, 9.713323157531057]",22.25674522838759
7689.0,24.0,0.36117905430734254,0.6163465090568986,0.5295650033723694,0.144355401996183,0.24625622994913507,"[-0.18146055564433872, 1.2405905623890776]",-0.7289598134033799,0.2893684430079998,0.7391577605577169,"[-2.077448779706048, 0.6195291528992883]",2.784421382843846
7690.0,24.0,0.743038508304958,0.9233543095781701,0.22914897435762902,0.43788070611268315,0.5442216083925965,"[-0.3497851468502772, 0.8080830955655353]",2.8459572873507852,0.03248282743873053,0.2490033861635895,"[0.2374992540673797, 5.45441532063419]",13.129243917353303
7691.0,24.0,0.8906484523284189,0.9766429825594324,0.1446355242677287,0.629636923492757,0.6904670725877365,"[-0.44320792675241955, 0.7324789752878769]",-0.5634740448505609,0.7892557919954333,0.9619333365324607,"[-4.6954730043965265, 3.568524914695405]",2.152312309006826
7692.0,24.0,0.3057314569089745,0.5431363597601253,0.5507494344605254,0.1138660868473942,0.20228475190512385,"[-0.13199146959898045, 1.2334903385200313]",-1.0517676500795048,0.08994139001825652,0.4357585759523365,"[-2.2674415632945464, 0.1639062631355368]",4.017456491863202
7693.0,24.0,0.7923254108589847,0.9429258609541356,0.19516057767179204,0.4929149999337479,0.5866638894712544,"[-0.36269115042068745, 0.7530123057642716]",-2.7329783734674713,0.06796126729068735,0.37973861345969373,"[-5.667644532539705, 0.2016877856047623]",10.439208420014307
7694.0,24.0,0.7625028979696206,0.9298352270236534,0.25827784020575434,0.45896583011928616,0.5597826931568315,"[-0.4252880187999681, 0.9418436992114767]",2.609298368225577,0.05787905552705593,0.3478308625424035,"[-0.08715645676295924, 5.305753193214113]",14.03321440068679
7695.0,24.0,0.9464832191430452,0.9901985232007054,0.11939919624078216,0.7399536461991212,0.7742773450410412,"[-0.5856557535270461, 0.8244541460086103]",-1.0821351947775195,0.7136285732128037,0.9463571189696999,"[-6.86148135589806, 4.697210966343021]",4.1334519682212765
7696.0,24.0,0.8092813239520615,0.9481259049426021,0.22269285890491383,0.5133201057839087,0.6015000067774885,"[-0.44502249761934587, 0.8904082154291736]",-1.479030141628427,0.31533709113773944,0.7593477307019229,"[-4.36607903967542, 1.4080187564185662]",5.649478992529685
7697.0,24.0,0.6084989527147618,0.846861222717924,0.4589948204657062,0.3136916867087469,0.4365317098646631,"[-0.43391632584531076, 1.3519059667767233]",-0.5637382174581367,0.576383235408843,0.9025590111168773,"[-2.541463564714987, 1.4139871297987134]",2.1533213740386303
7698.0,24.0,0.42260124497852475,0.686323241104436,0.38471039605275376,0.18100060640167692,0.293975323049662,"[-0.1789656940477236, 0.9483864861532312]",-0.665965182963526,0.3773559890521727,0.8059627565530977,"[-2.14455562852518, 0.8126252625981281]",2.5437996190978476
7699.0,24.0,0.6346937768001901,0.8658850979538747,0.2541529712934374,0.3356678226706542,0.4578745364488531,"[-0.2632454557475995, 0.7715513983344743]",-2.3248625013984947,0.02485280904189529,0.20999513555398738,"[-4.355740709035645, -0.2939842937613446]",8.880320618557413
7700.0,24.0,0.3380351845202984,0.5867647709083466,0.5374090262017268,0.13125248184036736,0.22782933837939137,"[-0.16052064095118623, 1.23533869335464]",-1.1119218223266243,0.08583730306873688,0.42540732248787405,"[-2.380611971749784, 0.15676832709653543]",4.247228504520731
7701.0,24.0,0.8726324348042267,0.9711122638619929,0.16174730163895448,0.6005709729345865,0.6684151062154552,"[-0.44373634479605606, 0.767230948073965]",-0.160649308418372,0.9353646772827086,0.9892015094756179,"[-4.043236869616646, 3.721938252779901]",0.6136351569378801
7702.0,24.0,0.7341461058425699,0.9184863078225571,0.2681551082848643,0.4287118901170952,0.5363591769261794,"[-0.39595382756829606, 0.9322640441380246]",-2.7030245174891734,0.036870474925671824,0.26640516564791783,"[-5.2412778586877495, -0.16477117629059723]",10.324793118167696
7703.0,24.0,0.4817634051613765,0.7443790699426167,0.3223009235996527,0.21936582205423005,0.3389207394738764,"[-0.19202074610923203, 0.8366225933085374]",-2.091759966109314,0.008806303986685492,0.10952513198205102,"[-3.656867836002676, -0.526652096215952]",7.989934520832787
7704.0,24.0,0.751799311068496,0.9254053558204037,0.2591130169815919,0.4472300642014694,0.5505047565256885,"[-0.40907747023885493, 0.9273035042020388]",-1.9311347684664923,0.13084245974448533,0.5223251886007398,"[-4.436419735472512, 0.5741501985395279]",7.376391460273561
7705.0,24.0,0.8580576649906954,0.9652149455546273,0.18237712485603355,0.5789870801616523,0.6512058038034556,"[-0.4618384387561616, 0.8265926884682286]",0.8983006701385516,0.6151426775975682,0.9172188963428358,"[-2.603738198439403, 4.400339538716507]",20.568744191152497
7706.0,24.0,0.4913010011904086,0.7529479446576228,0.3459789435342796,0.22574516538800826,0.3460226324157086,"[-0.21379544193442068, 0.9057533290029799]",-0.33735060866714406,0.6916854592962822,0.9377626441965766,"[-2.0046402006605124, 1.3299389833262243]",1.2885844061864535
7707.0,24.0,0.7245325361525243,0.9137443400354902,0.19398320300447447,0.4188843274587488,0.5283942301477248,"[-0.2763528757899547, 0.6643192817989036]",1.145966416581393,0.3420200376112691,0.7830129066192058,"[-1.217848187501854, 3.50978102066464]",19.622730724410363
7708.0,24.0,0.6042359572932299,0.8448489335755451,0.38409901326584844,0.309921535372345,0.43333548010674644,"[-0.35731333752885647, 1.1255113640605534]",-1.5631886720802122,0.09904486470781186,0.45748205407765297,"[-3.420593985254099, 0.2942166410936746]",5.970940899523719
7709.0,24.0,0.7497078473194991,0.9250558844638718,0.2548603206679067,0.4450390851194683,0.5491597792688405,"[-0.3992046486193805, 0.9089252899551938]",2.0019666701834993,0.11695622081118955,0.4985346155634678,"[-0.500959147068126, 4.504892487435125]",16.353050604841776
7710.0,24.0,0.9995590711142884,0.9997277393137969,0.010913261928897203,0.9763076506747466,0.9765029512649995,"[-0.7093160082194703, 0.7311425320772647]",0.12472659498879324,0.9971526818814752,0.9997520371781384,"[-68.37838604415, 68.6278392341276]",23.523579500940304
7711.0,24.0,0.2982998475051146,0.5321081832056986,0.5324012378135979,0.10991803312571519,0.1960721247337053,"[-0.12036510431723257, 1.1851675799444283]",-1.1705026067725504,0.054615965319917664,0.33944043082608866,"[-2.3641757490813173, 0.02317053553621684]",4.470990618475209
7712.0,24.0,0.7115519742418286,0.9071886775422551,0.22827765125372065,0.40591007416005365,0.5176103980617873,"[-0.3100561729169301, 0.7666114754243715]",-0.38851836560703745,0.7533951815962796,0.9552799279805988,"[-2.8123411130613163, 2.0353043818472414]",1.4840308408402616
7713.0,24.0,0.47988801489650035,0.7425797650459477,0.39419627374788546,0.21809220736411594,0.33744732688243223,"[-0.2331176823515415, 1.0215102298473124]",0.5116469681450848,0.5367992599100548,0.8887546089143881,"[-1.1119146631833954, 2.135208599473565]",22.045652541641477
7714.0,24.0,0.9321677474606467,0.9878137795754037,0.15395768975207821,0.7074229278783202,0.7505017270086146,"[-0.6500282329414462, 0.9579436124456027]",2.8331836053081987,0.3027778660165861,0.7514276816848787,"[-2.555430367126321, 8.221797577742718]",13.178035788678786
7715.0,24.0,0.9563281872538644,0.9911597957501838,0.0991782627069728,0.7649512662044073,0.7930243273941606,"[-0.5509735232170099, 0.7493300486309555]",1.0547525378898301,0.7477249330454707,0.9550093072477082,"[-5.372534834744373, 7.482039910524033]",19.971142076546684
7716.0,24.0,0.7159860752022881,0.9096507117294982,0.277716318153743,0.41046104325935373,0.5214190082054798,"[-0.38359520167815575, 0.9390278379856417]",-0.8703951757355934,0.47085791678106914,0.8584731734461428,"[-3.2361993164465717, 1.4954089649753848]",3.3246646718798067
7717.0,24.0,0.9262403490025894,0.9869006238971448,0.12034624959430734,0.6951593620207314,0.7407132253817063,"[-0.4815841422627332, 0.722276641451348]",-0.8682426646910484,0.7320518185666177,0.9512605204558294,"[-5.838269244308655, 4.101783914926558]",3.316442685332625
7718.0,24.0,0.9465337206655808,0.9901985232007054,0.0797097909072297,0.7400583312317788,0.7742773450410412,"[-0.39117499741721296, 0.5505945792316723]",-0.4401717404165044,0.8866819831838579,0.978668406393285,"[-6.494185957339693, 5.613842476506684]",1.6813321991195829
7719.0,24.0,0.4340271123441571,0.6973443321724889,0.4598534470101342,0.18818899478328743,0.3023116382060842,"[-0.22504526455992657, 1.144752158580195]",-2.4221638972740207,0.0015172056520269693,0.034958655576658275,"[-3.919103888506779, -0.9252239060412626]",9.251984573517365
7720.0,24.0,0.5629008211762326,0.8137932935900428,0.30686763750622326,0.2775345121315903,0.401293395216296,"[-0.24701727974192877, 0.8607525547543753]",0.3515416826672082,0.7108687341713932,0.9453358943569286,"[-1.5071806261825156, 2.210263991516932]",22.657209684016113
7721.0,24.0,0.1252464672558385,0.24914753780751636,0.6279334288602684,0.032588932981869566,0.0648277958660624,"[0.05205006005411328, 1.2038167976664234]",-0.9611968735814385,0.037381097340408474,0.26912237106125614,"[-1.8662371337744814, -0.056156613388395504]",3.6715016091590775
7722.0,24.0,0.9475673816989446,0.9903030923991356,0.12332366802914559,0.7426399560875006,0.7762516526471209,"[-0.6127903783045884, 0.8594377143628796]",0.7451762302340468,0.8072846267339808,0.964880279922775,"[-5.242260425176848, 6.732612885644942]",21.153636467608013
7723.0,24.0,0.8027145606771544,0.946485745404026,0.24202978356493937,0.5055182494325822,0.5960597210618821,"[-0.47041628749820746, 0.9544758546280863]",0.9358835067146334,0.5285065277404997,0.8840013597459259,"[-1.9743726718769556, 3.8461396853062224]",20.425188329956537
7724.0,24.0,0.8623545909680572,0.9677471186161832,0.18057351355733345,0.5850899646317371,0.6566666269716466,"[-0.46766868763897007, 0.8288157147536369]",-2.890551084279903,0.12705948656588498,0.5157366215047398,"[-6.603602026041672, 0.822499857481866]",11.041091839746825
7725.0,24.0,0.2278061996045505,0.4246946301352545,0.5791720138605475,0.07523185990851342,0.14025328096292583,"[-0.05889742543674381, 1.2172414531578388]",0.3187375909453358,0.5824661705857999,0.9046577798681021,"[-0.8175485507342968, 1.4550237326249684]",22.782512084444335
7726.0,24.0,0.3192953474990869,0.5621396963012094,0.4958643172000238,0.12114834584618109,0.21321426583277206,"[-0.13116409890958014, 1.1228927333096277]",0.7798633528069496,0.2269505423039011,0.6670485111343224,"[-0.4851912317253364, 2.0449179373392354]",21.021141419149327
7727.0,24.0,0.9571918532014672,0.9911597957501838,0.12634222718543037,0.7671692366104428,0.7944709876130133,"[-0.7100077054762122, 0.962692159847073]",0.16691253832919184,0.9619911453256628,0.9938808419181301,"[-6.697888823739368, 7.031713900397752]",23.362441067061447
7728.0,24.0,0.39226053420449086,0.6538765364302231,0.5920927130660992,0.16245363598091356,0.27071094147794295,"[-0.2386811372376485, 1.422866563369847]",-0.560417091762706,0.4413945196539456,0.846978439121565,"[-1.9872026844268365, 0.8663685009014244]",2.1406356083332554
7729.0,24.0,0.25454094521667847,0.46593619845630324,0.42465093773783014,0.08781586582529381,0.16077602677644418,"[-0.0629204242176753, 0.9122222996933356]",-0.07986266650896301,0.8955805229669929,0.9799823477491091,"[-1.272490794073095, 1.112765461055169]",0.30505291544162455
7730.0,24.0,0.3005995105554353,0.5356699241223571,0.4038983743691138,0.11116059539540842,0.19811191480201107,"[-0.09304271971846945, 0.900839468456697]",-2.0571771005610726,0.0008115401397116983,0.022860285625681643,"[-3.2611781514115616, -0.8531760497105838]",7.857837704873947
7731.0,24.0,0.584486344475806,0.8294115857468513,0.32823482639256507,0.2942367126200994,0.41753471352362626,"[-0.28511743200939244, 0.9415870847945226]",-1.2578968732617462,0.1734618969020053,0.5969094869305068,"[-3.0691648271385437, 0.5533710806150514]",4.804812126706711
7732.0,24.0,0.9371276594770015,0.9880486751993395,0.12459777740675113,0.7182321173104118,0.757389135622073,"[-0.5522090574034189, 0.8014046122169212]",0.303385126399351,0.9155328466512362,0.986565242976216,"[-5.302974384755446, 5.909744637554148]",22.841154179351612
7733.0,24.0,0.44600784831349577,0.7092550071198451,0.33870361560269113,0.19578468616897604,0.3112139344603021,"[-0.17445251408233375, 0.851859745287716]",0.5675526340962174,0.4700520238593212,0.8584731734461428,"[-0.9723024776803149, 2.1074077458727496]",21.83210862765027
7734.0,24.0,0.4119747652378279,0.6757007794617482,0.4557488526339305,0.1742991244125267,0.2858768647080969,"[-0.201769721037931, 1.113267426305792]",-1.981353249518711,0.005723789317185519,0.08355896813409516,"[-3.38674652534102, -0.5759599736964016]",7.568211928130216
7735.0,24.0,0.23039495043538616,0.42840265979060277,0.6950403679585191,0.07656009408523091,0.14235792875647252,"[-0.07415854694827662, 1.4642392828653148]",-2.2353239823229982,6.458882168853773e-05,0.003986964301761588,"[-3.331877371099848, -1.138770593546148]",8.538308668765575
7736.0,24.0,0.9599036238628778,0.9918311520199155,0.10621357864601855,0.7746490454196278,0.8005139280711173,"[-0.620909863054442, 0.833337020346479]",-1.8310599021985299,0.587801318727381,0.9077706636973603,"[-8.452178481748062, 4.790058677351002]",6.994133628774203
7737.0,24.0,0.6019718244854022,0.8428551807447405,0.30756254631413465,0.3081836263966873,0.431575362894287,"[-0.2839854565911452, 0.8991105492194145]",-1.2930181534322767,0.1733803820392109,0.5968343615807605,"[-3.1545049644827348, 0.5684686576181814]",4.9389655350312385
7738.0,24.0,0.8009213259520644,0.9456304911189516,0.21854062187688345,0.5031813946176825,0.594215156610395,"[-0.42124515522639777, 0.8583263989801646]",0.3498022743799707,0.8201150555244664,0.966095377463714,"[-2.6651885561128945, 3.364793104872836]",22.663853734263366
7739.0,24.0,0.6871021519513582,0.893295601562366,0.34212555512672504,0.3824885797975418,0.4973196980854789,"[-0.42569565800667253, 1.1099467682601225]",-0.5028817072146126,0.6670330043405935,0.9332201550489372,"[-2.7938533321649346, 1.7880899177357095]",1.920866627848724
7740.0,24.0,0.8771343290346265,0.972756270416576,0.20579021761106323,0.6078141910332402,0.6740758467708109,"[-0.5801500043754557, 0.9917304395975821]",-0.8166123794326756,0.6744203969509924,0.9338966192307091,"[-4.626592260146166, 2.993367501280815]",3.1192295226418736
7741.0,24.0,0.6829363891652368,0.8910965411863737,0.3022988956186275,0.37843562410144804,0.49389428468211904,"[-0.3703927573568417, 0.9749905485940966]",-0.27039834103010474,0.8177541815956597,0.966095377463714,"[-2.5702756938760665, 2.029479011815857]",1.0328455818909414
7742.0,24.0,0.1548565424350352,0.3025132690662926,0.6563030054252482,0.04385950839108597,0.08567983666943928,"[0.01806222727555895, 1.2945437835749374]",-0.4337857087796122,0.393779116786947,0.8163177410562709,"[-1.4307607920228496, 0.5631893744636252]",1.65693935507752
7743.0,24.0,0.8318892033840989,0.9548988819733071,0.19665561609353774,0.5423981535395503,0.6226588836408568,"[-0.43604942935485524, 0.8293606615419308]",0.21538559451985329,0.8991756879395196,0.9819188762660309,"[-3.1164133359820942, 3.547184525021801]",23.17728763107309
7744.0,24.0,0.9375351552847244,0.9880486751993395,0.12517948889201247,0.719142963458697,0.7581897348009456,"[-0.5570904253869787, 0.8074494031710037]",1.2581167097303023,0.6406721700852357,0.9260944927511358,"[-4.024828852225077, 6.541062271685681]",19.194348159837865
7745.0,24.0,0.9360523375256525,0.9878137795754037,0.12389933932172198,0.7158444428045951,0.7554423265795963,"[-0.5432053940337, 0.7910040726771441]",0.28271576451432967,0.9206427827737225,0.9876219255870755,"[-5.2793206909499535, 5.844752219978613]",22.920105326100963
7746.0,24.0,0.6900642223091333,0.8953733259493101,0.31418444670298373,0.3850855091259737,0.49964175373298453,"[-0.39479038354397666, 1.023159276949944]",1.7832999819514086,0.10867673980700492,0.4815462434941741,"[-0.39552474594552356, 3.9621247098483408]",17.188295828561895
7747.0,24.0,0.8868456644323806,0.9753784460014808,0.1750863615419444,0.6231362257127158,0.6854429938540488,"[-0.5232362183292247, 0.8734089414131136]",1.5597950149317263,0.4257053518596545,0.8351205329521741,"[-2.2781251680425725, 5.397715197906026]",18.042021915924458
7748.0,24.0,0.6359134235204744,0.8670758433603414,0.35472404186811957,0.33645091693988605,0.45875499991803387,"[-0.36858571688329334, 1.0780338006195325]",0.2716827120042682,0.8005143851367301,0.9643261963868218,"[-1.835667609983802, 2.3790330339923385]",22.962248482365816
7749.0,24.0,0.8109532691188024,0.9482278699781302,0.18026665445159087,0.5153936458878009,0.6027290912031352,"[-0.36291032912069887, 0.7234436380238806]",3.0938799817258724,0.05276704460842043,0.3316596141321209,"[-0.03696620487255364, 6.224726168324299]",12.182248981806351
7750.0,24.0,0.9351260899141506,0.9878137795754037,0.10966823763066218,0.7137909397077933,0.7546242407408303,"[-0.4763831653544653, 0.6957196406157896]",0.22512883597495037,0.9364289644050106,0.9892015094756179,"[-5.307094791467609, 5.75735246341751]",23.14007119012949
7751.0,24.0,0.65285856554657,0.8776136598629726,0.33182684712511257,0.3512941228883849,0.47223420649775827,"[-0.3659321841314239, 1.0295858783816492]",2.704727734656993,0.01391187566572584,0.1466279712476675,"[0.5493699201941564, 4.86008554911983]",13.668701071478287
7752.0,24.0,0.7790799252336194,0.9370699124772905,0.21358159985402622,0.4773275793542926,0.5741941288996663,"[-0.37550917727909616, 0.8026723769871487]",1.6700569943794505,0.21780750357382206,0.6568380686785948,"[-0.9859857406952721, 4.326099729454173]",17.6208521783836
7753.0,24.0,0.23198736797771258,0.431123151789096,0.6904574332411184,0.07709612859627164,0.14327472327870588,"[-0.07505895243416216, 1.4559738189163989]",-0.03077549199329699,0.9582461034557722,0.9938808419181301,"[-1.1828956665708834, 1.1213446825842894]",0.1175537202436383
7754.0,24.0,0.9239661254679761,0.9862215899768196,0.14114899900767328,0.6903332067189912,0.7369056433806482,"[-0.5532408797950397, 0.8355388778103863]",-0.07113871317694809,0.9782343393862011,0.9963682413793045,"[-5.18169799021294, 5.039420563859044]",0.2717298683353881
7755.0,24.0,0.4030311880253008,0.6657271027837806,0.34027467513028153,0.16867648201319396,0.27866592105269117,"[-0.1442448553865588, 0.8247942056471218]",1.566005893606044,0.02508325063406883,0.21125008155450606,"[0.19584821241705042, 2.9361635747950374]",18.018298106917378
7756.0,24.0,0.8238201875031104,0.9530427085657405,0.20942730169720677,0.532032050095008,0.6154928853482277,"[-0.4474223110514667, 0.8662769144458803]",2.500310556377163,0.1222321992305897,0.5078196893668039,"[-0.670577989848836, 5.671199102603161]",14.44951717650546
7757.0,24.0,0.6479431466849718,0.8753807020033882,0.2818061185226679,0.347044198998989,0.46878859786436444,"[-0.30556759834714187, 0.8691798353924777]",2.602993317209103,0.016239479270521415,0.16190906550868808,"[0.4803398388360951, 4.7256467955821115]",14.057297921544032
7758.0,24.0,0.37446929512242433,0.6322290986365428,0.4575905261476914,0.15201525809234034,0.2566524701879796,"[-0.168512545898099, 1.0836935981934819]",-2.4379039329367975,0.0005197032534102683,0.017381379712718005,"[-3.81475321215696, -1.0610546537166352]",9.312107081041532
7759.0,24.0,0.4775738255169651,0.7405393479872306,0.397850577480697,0.21660312719495356,0.33576674499295234,"[-0.2332320932736051, 1.028933248234999]",-2.4821871492788983,0.0023835422374345544,0.04748092106443336,"[-4.083702323040474, -0.8806719755173227]",9.481256507686007
7760.0,24.0,0.09903017797236681,0.20103568406895414,0.7149829337065585,0.023347015609155843,0.04739548438724288,"[0.09702821594650946, 1.3329376514666076]",-0.4163646716777176,0.35753793679659385,0.7943522257200485,"[-1.3033219057502405, 0.4705925623948054]",1.5903958950322281
7761.0,24.0,0.8513202821862336,0.9629697658319869,0.1894793744631283,0.5692659727977779,0.6439660325766718,"[-0.463044436806236, 0.8420031857324926]",1.0111502506382282,0.5584006970962963,0.8959434689226791,"[-2.37530715013838, 4.397607651414836]",20.13769054565561
7762.0,24.0,0.510179709886273,0.7687947529067657,0.2687714696135081,0.23908647455197218,0.3602083141563998,"[-0.17868829950049142, 0.7162312387275076]",2.3149927137707262,0.006256613606113585,0.0883702486739207,"[0.6554213130295274, 3.9745641145119253]",15.157379193160025
7763.0,24.0,0.9759236670522184,0.9944981775987023,0.08202933885859431,0.8251924063259597,0.8411092901071637,"[-0.6458802033819514, 0.80993888109914]",0.20590575428577207,0.9649816700970826,0.9938808419181301,"[-8.986341735295127, 9.39815324386667]",23.2134979534645
7764.0,24.0,0.3180854811962855,0.5603055860424264,0.4579247006866825,0.12029319654385319,0.21193304535562577,"[-0.11979685055918493, 1.03564625193255]",1.3087046224231367,0.03555380526802889,0.2627281442919216,"[0.08842807535940445, 2.528981169486869]",19.001116567059487
7765.0,24.0,0.4254719332923698,0.6892466115217396,0.45509919203572535,0.18276481455569515,0.29602440922214035,"[-0.21440806792766431, 1.124606451999115]",-0.5921770518290268,0.4368067377441641,0.8432562504713593,"[-2.0847830756827843, 0.9004289720247307]",2.261949719620203
7766.0,24.0,0.7247234919056634,0.9137443400354902,0.25397051038531904,0.4192142876463152,0.5285171566709085,"[-0.3622491202418745, 0.8701901410125126]",0.6870291336837999,0.5817604090408124,0.9046577798681021,"[-1.757624756465169, 3.131683023832769]",21.375742015825935
7767.0,24.0,0.964238534711932,0.9923284751869268,0.09762251427856629,0.7872347725230592,0.810412572084681,"[-0.6112859225569498, 0.8065309511140824]",0.8499400625392948,0.8176721232038652,0.966095377463714,"[-6.375926761503432, 8.075806886582022]",20.753468105160877
7768.0,24.0,0.6724739068426673,0.8871149670238285,0.2753224040733462,0.36878310128716363,0.4866496454040164,"[-0.3250880682260743, 0.8757328763727666]",0.26693784450685154,0.8164636826784338,0.966095377463714,"[-1.987255385934065, 2.521131074947768]",22.98037254116253
7769.0,24.0,0.30772820211421803,0.5461015121813985,0.3945512805323518,0.11480083716635836,0.20371807501774908,"[-0.09582133874523463, 0.8849238998099382]",-0.29226350590476446,0.6553524436005113,0.9301211184160023,"[-1.5756513412922761, 0.9911243294827472]",1.1163643596026545
7770.0,24.0,0.46276687122488436,0.7261366251763446,0.5085313053537519,0.20665681469707142,0.3242184102558385,"[-0.2807415104782435, 1.2978041211857474]",-2.652118600308837,0.0010453892945094204,0.027012643268977274,"[-4.237850526313317, -1.0663866743043566]",10.130346837722643
7771.0,24.0,0.8021071494302947,0.946376939195261,0.25128324073518177,0.5046142462757836,0.5954150398534319,"[-0.4868331598441373, 0.9893996413145008]",1.2332980203102943,0.3964341188340905,0.8175585045042081,"[-1.6171736620921222, 4.083769702712711]",19.28914857029203
7772.0,24.0,0.48889587169832815,0.7514538452172275,0.49632344151994845,0.22397265087563079,0.34433410916584556,"[-0.3036356871808581, 1.296282570220755]",-0.08107607405079964,0.9243805197352395,0.9879295512207908,"[-1.7552302569040894, 1.5930781088024901]",0.3096877908400634
7773.0,24.0,0.4492721682226502,0.7126248880256502,0.4063054817839823,0.1978908811835487,0.31381363968212606,"[-0.21217396038807024, 1.0247849239560347]",-2.5741676272780296,0.0011099801213457926,0.028341315131513386,"[-4.121296970572232, -1.0270382839838266]",9.832596053482417
7774.0,24.0,0.557375320400478,0.8094592232504136,0.38296296420750753,0.2735381478191423,0.3971804092045046,"[-0.30254139694129367, 1.0684673253563086]",-2.2778303074558917,0.012102871804114389,0.1329985912540043,"[-4.057118046587228, -0.49854256832455524]",8.700670870947286
7775.0,24.0,0.8294502666913975,0.9545027190323622,0.2279205038480588,0.5394043043770416,0.620789854272116,"[-0.4999689442342577, 0.9558099519303753]",-0.6858012685348642,0.6761703346083164,0.9341755514903409,"[-3.9038112856413227, 2.5322087485715943]",2.6195678847843826
7776.0,24.0,0.22851451604219655,0.42561839456546197,0.5623334747707895,0.0756992149133394,0.14091439857285815,"[-0.058176917253560556, 1.1828438667951398]",-2.3719112118478716,2.5774360869181065e-05,0.002045300327820809,"[-3.4767021126582627, -1.2671203110374805]",9.060033454576237
7777.0,24.0,0.7284526374092246,0.9150478185522077,0.2587066432944177,0.4229540333494758,0.53128254408928,"[-0.3740793003145465, 0.891492586903382]",-2.5706921720462463,0.042640181888234256,0.2934630549775241,"[-5.056100994113188, -0.08528334997930465]",9.819320792371228
7778.0,24.0,0.3078974608371317,0.5462131376900189,0.4682724343310657,0.11503483492798024,0.2040347894506004,"[-0.11410061689912654, 1.050645485561258]",0.5816222286879116,0.3666611320859422,0.7999525563514279,"[-0.6811467108703106, 1.8443911682461338]",21.778366735012657
7779.0,24.0,0.7521585204464392,0.9257335636263867,0.2567593113558002,0.44753868215579906,0.5508168395763681,"[-0.40581154921124696, 0.9193301719228474]",-1.806773535357924,0.15556886618513485,0.5680561322222348,"[-4.300349991917345, 0.6868029212014979]",6.9013665407959905
7780.0,24.0,0.9919842829698716,0.9969916879982195,0.04412451770533081,0.8990496005549101,0.9037490958533475,"[-0.6375803746231918, 0.7258294100338534]",-2.8338764583295823,0.7275452143198278,0.9497979299214462,"[-18.77650187323928, 13.108748956580115]",10.824610714917759
7781.0,24.0,0.5658305154627383,0.8162718359650245,0.4229404379301943,0.2799211534368403,0.4038094672605186,"[-0.3442513496441979, 1.1901322255045865]",-0.9943877592099293,0.2751234690410769,0.7255688343191455,"[-2.7802334797404322, 0.7914579613205734]",3.798281453480007
7782.0,24.0,0.04244817153433674,0.09251999026664504,0.8585833610044651,0.0068211616821634465,0.014867396866092952,"[0.23658274788358136, 1.4805839741253488]",0.10278946222027407,0.7888446654407975,0.9619333365324607,"[-0.6494705620734228, 0.855049486513971]",23.607373175757257
7783.0,24.0,0.19173448552305178,0.36646499526577175,0.5223861635489272,0.059182603951592846,0.1131165977668059,"[-0.02024655066655623, 1.0650188777644107]",0.5317139652073619,0.3247814512176278,0.7665363493453571,"[-0.5266406182409651, 1.590068548655689]",21.96900225903015
7784.0,24.0,0.6687107430029602,0.8853560449587597,0.28768566199797685,0.3654084302935797,0.4838565019777274,"[-0.3352829090338242, 0.9106542330297779]",0.34414183489156436,0.7623730443018192,0.9565635162989086,"[-1.8866166672698461, 2.574900337052975]",22.685475020455023
7785.0,24.0,0.5751134627299079,0.8242990722802178,0.3319756451882992,0.28678227689049607,0.41103952542711203,"[-0.2788542894497473, 0.9428055798263457]",-3.1245730554346327,0.0013612398049181293,0.03217249805295121,"[-5.0366980388032925, -1.2124480720659725]",11.934989923780044
7786.0,24.0,0.6967433272075252,0.8991332340389525,0.29778827888340953,0.3914820422272769,0.5052033065263607,"[-0.3833086796036981, 0.9788852373705171]",-2.8433808962147875,0.018262791717900642,0.17343581878348188,"[-5.204542739026998, -0.48221905340257765]",10.860914993415525
7787.0,24.0,0.2839313845660407,0.5113116955988487,0.4680803833734534,0.10256276110345322,0.18473119795290566,"[-0.09387377099879929, 1.030034537745706]",-0.46986446995366293,0.45333579052995,0.8510636664122461,"[-1.6979748352304218, 0.7582458953230959]",1.794750071433091
7788.0,24.0,0.7209619339659409,0.9119698259094708,0.2849492764253939,0.4150937836077341,0.5251692606373154,"[-0.4003464625612895, 0.9702450154120773]",0.023025000925002814,0.9855934632249906,0.9971100704756963,"[-2.476195742054415, 2.5222457439044206]",23.91205097491417
7789.0,24.0,0.8115730964362841,0.9483209820475392,0.1660263468713981,0.5161875774383998,0.6032219759644118,"[-0.3351889327312349, 0.6672416264740311]",-0.1368184797612786,0.9317871758486631,0.9892015094756179,"[-3.2696483625477777, 2.9960114030252205]",0.5226080966478223
7790.0,24.0,0.2848368561463578,0.5125730720647073,0.6824864425647945,0.10287582772081268,0.18516167696330577,"[-0.13761933276741944, 1.5025922178970084]",1.7065548255384266,0.0038692695014283848,0.06448782502380641,"[0.5486395784417275, 2.8644700726351258]",17.481440732597576
7791.0,24.0,0.3627432954082104,0.6178164997532593,0.507427658137525,0.1450150082844909,0.2470022283844165,"[-0.17499461759523038, 1.1898499338702804]",-1.8015024181502897,0.006578077258414351,0.09131536648823976,"[-3.1008229340482876, -0.5021819022522918]",6.881232356174909
7792.0,24.0,0.5268097945704312,0.7837098996882345,0.3878239930906599,0.2506411481698577,0.37292240465683335,"[-0.2738450287835838, 1.0494930149649035]",-0.155866174586051,0.8629510553624147,0.9728873228437595,"[-1.9256157489668728, 1.6138833997947708]",0.595364931508665
7793.0,24.0,0.3824971008565644,0.6423125119337774,0.4752452033320461,0.1564214224623637,0.26267241387466617,"[-0.18200617113701545, 1.1324965778011076]",1.6324796736028215,0.016233380855894822,0.16190906550868808,"[0.30132347840953577, 2.963635868796107]",17.764386970777608
7794.0,24.0,0.4744234596061942,0.7372098331196241,0.25851923829661494,0.21417665907703887,0.33283086103657944,"[-0.14938910533950173, 0.6664275819327317]",3.0674423912443465,0.0002444778346498782,0.009978687128566456,"[1.4283705673055296, 4.706514215183163]",12.283233138812129
7795.0,24.0,0.9750367769234863,0.994409301576029,0.07831546741968858,0.8219908245728063,0.8383384238376402,"[-0.603931755105865, 0.7605626899452421]",1.5730813681157247,0.7130191959492445,0.9463571189696999,"[-6.809591706100667, 9.955754442332116]",17.9912717850869
7796.0,24.0,0.9323696397450077,0.9878137795754037,0.14728870285936552,0.7078402881195335,0.750785201654151,"[-0.6230227581308327, 0.9176001638495639]",-0.26966276231165676,0.922109801681499,0.9878688510655973,"[-5.675149047618805, 5.135823522995492]",1.0300358781531607
7797.0,24.0,0.047260974191212175,0.1020314641433769,0.7830960085007845,0.00803881772756662,0.01735121460730978,"[0.20400618653570246, 1.3621858304658665]",0.8499590973253461,0.023577447110253898,0.2032538543987405,"[0.11412469619815258, 1.5857934984525397]",20.7533953976339
7798.0,24.0,0.41566216342410606,0.6795155523151529,0.46345787930307497,0.17644831917555792,0.2884567315629996,"[-0.20851998951929934, 1.1354357481254493]",2.933850056450589,0.00012881658995777124,0.00670919739363392,"[1.4319760138898379, 4.43572409901134]",12.793518269410862
7799.0,24.0,0.7666680501897245,0.9324593166987648,0.26470024611853166,0.4635006595930138,0.5637322544308122,"[-0.4429885888456278, 0.9723890810826912]",0.42207739779070064,0.7629458070045837,0.9565635162989086,"[-2.3206818953116084, 3.1648366908930097]",22.3877830985819
7800.0,24.0,0.4375979151609587,0.7007092902099827,0.31813397421522494,0.19045894159960264,0.3048597193575412,"[-0.15812660009791663, 0.7943945485283666]",-0.7461903594538679,0.33006132773906627,0.7723569898486966,"[-2.2477516647197433, 0.7553709458120077]",2.8502372206704307
7801.0,24.0,0.5171619859507425,0.7753553012754759,0.3412642973062509,0.2440375821408548,0.36576376220152096,"[-0.2328920107098144, 0.9154206053223162]",-0.7772793589565401,0.36550276031569817,0.7994373585207747,"[-2.4607692021178353, 0.9062104842047554]",2.9689884513895928
7802.0,24.0,0.5007743732835607,0.7617498833032563,0.4355380147668435,0.23244874128671678,0.3535879849204697,"[-0.2793576354111553, 1.1504336649448423]",0.5858496055108979,0.4907163031132804,0.8697731756428894,"[-1.0802765361715092, 2.2519757471933053]",21.76221934498809
7803.0,24.0,0.7912343585062468,0.9425066807697996,0.25939822910959853,0.491772834923754,0.585722766702899,"[-0.4801177183193859, 0.9989141765385829]",2.388272825302874,0.10144791338224565,0.46280982382411334,"[-0.46965629539809495, 5.246201946003843]",14.877469785624022
7804.0,24.0,0.910876607094071,0.9835344154029952,0.14536350047883537,0.6651848289745996,0.718264581551236,"[-0.5129767421174184, 0.8037037430750892]",-1.0561697652375432,0.641052612065938,0.9262903989406293,"[-5.4961789023242025, 3.383839371849116]",4.0342713331622795
7805.0,24.0,0.22168050087051264,0.41474368731620703,0.46535155376018694,0.0723575224009377,0.13539955539097623,"[-0.04224015850677726, 0.9729432660271511]",-1.7176299992873352,0.001364113917445131,0.03217249805295121,"[-2.768956458330849, -0.6663035402438211]",6.560863314948193
7806.0,24.0,0.7617533576628991,0.9294675252910781,0.24995718086507634,0.4582145313822974,0.5590709265279373,"[-0.4104817827987298, 0.9103961445288825]",-0.8524507714709131,0.5250373630544627,0.8839273529919359,"[-3.481106515814244, 1.7762049728724176]",3.256122096530291
7807.0,24.0,0.9979681141592454,0.9990343549979958,0.019742159259603195,0.9491751375070497,0.9502203799249672,"[-0.5872912192403614, 0.6267755377595678]",0.5911209009548148,0.9703777457579442,0.9946639642340541,"[-30.6083018416479, 31.790543643557534]",21.742084479554556
7808.0,24.0,0.911151554609955,0.9836462858792562,0.1538207618127177,0.6655622211985713,0.718516918059561,"[-0.5436588241258355, 0.8513003477512708]",-1.7764734981585608,0.42635821699277054,0.8356687906561555,"[-6.153709646533789, 2.6007626502166676]",6.7856289240884635
7809.0,24.0,0.2175140723421801,0.40840043624141964,0.7010855092634385,0.07063019350341385,0.13261395700978942,"[-0.05899084005821664, 1.4611618585850936]",-0.9467499172798304,0.0831693845519049,0.42036060789828766,"[-2.017748051581566, 0.12424821702190503]",3.6163183009662725
7810.0,24.0,0.9343797031498122,0.9878137795754037,0.1465086738032358,0.7121320572113625,0.7537822701808577,"[-0.6316925384690693, 0.9247098860755409]",1.4723613827016484,0.5726272066906748,0.9009085678948678,"[-3.642569982157103, 6.5872927475604]",18.375993790209954
7811.0,24.0,0.15784983864270263,0.3077594826334619,0.5640161560250405,0.04510714548174979,0.08794530216757611,"[0.012298446263300455, 1.1157338657867806]",2.4938848539073635,7.618523897048319e-07,0.00013135386029393655,"[1.505405763808065, 3.482363944006662]",14.474061551967212
7812.0,24.0,0.5066845030676409,0.766426415168115,0.4021809207137049,0.23632724689514506,0.357529874274047,"[-0.26345742249614756, 1.0678192639235573]",1.3888559825362101,0.08820855102240463,0.4323948579529639,"[-0.20775905100817615, 2.9854710160805964]",18.694960923278664
7813.0,24.0,0.6351123694125892,0.8662198164383378,0.2776994970932459,0.3357218900336483,0.4578858292875727,"[-0.28769762684101624, 0.8430966210275079]",0.19631802328502346,0.8552800709112178,0.9710102122541093,"[-1.9133666643090357, 2.3060027108790826]",23.25012038822781
7814.0,24.0,0.43781974110835326,0.7008298350910088,0.34186437307645157,0.19034599635641591,0.3047974321159582,"[-0.16979127966026342, 0.8535200258131665]",2.897831369673553,0.00024441755562813663,0.009978687128566456,"[1.349416931805425, 4.446245807541681]",12.931099518472717
7815.0,24.0,0.20941835022198485,0.39597235230515215,0.539416717442962,0.06699247557386982,0.12663984040429077,"[-0.03776469542231342, 1.1165981303082375]",0.8919756444886362,0.09951658659821928,0.4579686451827855,"[-0.1693637757824269, 1.9533150647596993]",20.592904009489306
7816.0,24.0,0.928542045644271,0.9877056117905233,0.10876812870674464,0.6997188695724075,0.7443025950137299,"[-0.4439454309478595, 0.6614816883613488]",-0.1345212328635137,0.9601260265063973,0.9938808419181301,"[-5.408138197051549, 5.139095731324522]",0.513833259865059
7817.0,24.0,0.20254412837252656,0.38484538926947853,0.6670784312695837,0.06394188097285837,0.12149321864499026,"[-0.03866504790301106, 1.3728219104421784]",-2.276384357195173,2.2049726269304078e-05,0.0018845919888294082,"[-3.3278982410912743, -1.2248704732990718]",8.695147747792285
7818.0,24.0,0.9966492919965724,0.9987202807390857,0.03368830511851924,0.9347044266825093,0.9369531141564849,"[-0.7722428672750599, 0.8396194775120984]",-1.776472147966957,0.8801600685660684,0.9766268042296392,"[-24.870634152912867, 21.317689856978955]",6.7856237667364345
7819.0,24.0,0.913443104686719,0.9841845473434634,0.16560017752788672,0.6700348478018108,0.721924082922455,"[-0.5961229986738437, 0.927323353729617]",-0.9037435092995603,0.6975912623601026,0.93921592772905,"[-5.462217513990766, 3.6547304953916457]",3.452045923013791
7820.0,24.0,0.9459357588005728,0.9901985232007054,0.1201434794312221,0.7386098647749342,0.7733324937440417,"[-0.58552194939561, 0.8258089082580541]",1.1542968297776177,0.6926359316621147,0.9381119128929635,"[-4.569184459438008, 6.877778118993244]",19.59091088989411
7821.0,24.0,0.049842630670771604,0.10705032360560911,0.7141227715982423,0.008689931493806907,0.018656315790538187,"[0.18072125956290153, 1.2475242836335831]",2.486337537036505,1.047507316339611e-10,9.68083416426532e-08,"[1.7319746769429032, 3.2407003971301065]",14.502890178857085
7822.0,24.0,0.7901177578941063,0.9418497531220722,0.1642157554502743,0.49044244652998625,0.584625636583605,"[-0.30251061113705346, 0.6309421220376021]",-2.463940761189818,0.09194430782584524,0.4396672112521484,"[-5.3295654402097705, 0.4016839178301348]",9.411560439095203
7823.0,24.0,0.6310835968065648,0.8633154539077493,0.27864168863852595,0.33247982742412485,0.45476655371922425,"[-0.28488137353243564, 0.8421647508094876]",-0.48754963884677505,0.6437869604923174,0.927112558312669,"[-2.5540678138926443, 1.5789685361990942]",1.8623024406031825
7824.0,24.0,0.8284375352638529,0.9544275137307652,0.21379719978919437,0.5380673317478131,0.6199170967471311,"[-0.4667433653581315, 0.8943377649365203]",0.8993248756665517,0.5764479195029071,0.9025590111168773,"[-2.2562520867425206, 4.054901838075624]",20.564832014211937
7825.0,24.0,0.9238659069266768,0.9862215899768196,0.13140379534670144,0.6901329392053471,0.7367705126565038,"[-0.5146034132008294, 0.7774110038942322]",-1.4864597972681572,0.5382075150389831,0.8892239089696594,"[-6.219661094217235, 3.2467414996809207]",5.677858186622492
7826.0,24.0,0.9676012307361251,0.9927600920698563,0.09335737719621003,0.7974266099434306,0.8182091216329064,"[-0.6195062417654028, 0.8062209961578229]",-0.9686253474434512,0.8009823073789536,0.9644369693198431,"[-8.499967758192184, 6.562717063305281]",3.699876289193516
7827.0,24.0,0.9913002113927251,0.9968074560951746,0.04025807495799206,0.8948323969374159,0.9000527026125689,"[-0.5566339688876151, 0.6371501188035992]",2.8487016599184414,0.7153397861626479,0.9463672813293932,"[-12.460986997011325, 18.15839031684821]",13.118761186317425
7828.0,24.0,0.7746633431983556,0.9352448909795431,0.2591616277972996,0.4724129742685197,0.570369917063042,"[-0.44773619231166023, 0.9660594479062594]",0.33821301840869733,0.8135545738577891,0.9660181871838728,"[-2.472494116414904, 3.148920153232299]",22.708121431253414
7829.0,24.0,0.3480866359091615,0.6005635540185671,0.38269157894836825,0.13684216858998877,0.2361340545182981,"[-0.12149939525287357, 0.8868825531496101]",0.456399898188244,0.5072159219933244,0.8754924137551734,"[-0.8924476505449557, 1.8052474469214437]",22.256680804240876
7830.0,24.0,0.9981087322360932,0.9990343549979958,0.020902056015421198,0.9509406288360739,0.9518925213574313,"[-0.6449553819557958, 0.6867594939866382]",1.3477897997123272,0.9315835614327258,0.9892015094756179,"[-29.421438871426645, 32.1170184708513]",18.851822187046743
7831.0,24.0,0.45499081968971183,0.7184443702664012,0.36533060360318365,0.20141579186129954,0.31804167355329155,"[-0.1951539033175434, 0.9258151105239107]",0.26593551977249064,0.7424135123895119,0.9537299711909787,"[-1.3199762525479894, 1.8518472920929707]",22.984201139627896
7832.0,24.0,0.23251740161508613,0.4318673878437707,0.5032538894751742,0.07737258268905271,0.1437083630925942,"[-0.055229710968706325, 1.0617374899190548]",-0.19044911764747408,0.7455165490869279,0.9547509829752914,"[-1.340551179169816, 0.9596529438748678]",0.72746204354605
7833.0,24.0,0.8131007318373931,0.9487756497519172,0.21672136232072417,0.5181651866827324,0.6046268222668989,"[-0.44063184796956123, 0.8740745726110095]",1.8492930763710085,0.2169641792584459,0.6556789944347111,"[-1.0864170720541617, 4.785003224796179]",16.936220776078464
7834.0,24.0,0.5376913074772168,0.7936032830464949,0.3877213192447905,0.2588812462443345,0.38205614853059994,"[-0.2853463118606221, 1.060788950350203]",-2.394378406660004,0.007029861578319007,0.09541297609398341,"[-4.135437083175803, -0.6533197301442053]",9.145851817258464
7835.0,24.0,0.31188269491398496,0.5513217163054357,0.5078068558884477,0.11709245094044475,0.20698683213796137,"[-0.12730655371762845, 1.1429202654945239]",-2.674075134750563,4.2054086270415725e-05,0.002860822195266376,"[-3.953671218066157, -1.3944790514349685]",10.214214621472276
7836.0,24.0,0.49753365263043337,0.7580887591504394,0.3996525002601128,0.23017850531103867,0.35072147693286404,"[-0.25315611180032593, 1.0524611123205516]",2.5952658629907672,0.0022176162352747046,0.04553626766477833,"[0.9326573371020552, 4.257874388879479]",14.086814622416778
7837.0,24.0,0.73447894971965,0.9186337110189574,0.2139070194239136,0.4289206509828014,0.5365073949610416,"[-0.31609153310365273, 0.74390557195148]",-2.9117822829586153,0.02606361574208363,0.21433894524739827,"[-5.476418227101793, -0.34714633881543744]",11.12218904496642
7838.0,24.0,0.6409230491999192,0.8701947430839957,0.34027829181199554,0.341022552743539,0.4629782658048487,"[-0.360173800559658, 1.040730384183649]",0.7834949895395429,0.4557320432931201,0.8520462075951002,"[-1.2752747329677505, 2.8422647120468363]",21.007269588649173
7839.0,24.0,0.8581100335985965,0.9652149455546273,0.17751272276489485,0.5789282482405201,0.6512058038034556,"[-0.4494230048996989, 0.8044484504294885]",-2.764356552768871,0.13578401017360722,0.5291021022618735,"[-6.396538064019155, 0.8678249584814131]",10.559064236199305
7840.0,24.0,0.9028757433399975,0.9807470598957175,0.10866226910453837,0.6505338324294123,0.7066709303121662,"[-0.3614578194636855, 0.5787823576727622]",-0.24002123073249582,0.9163073020503105,0.9866950240827408,"[-4.716654334839245, 4.236611873374254]",0.9168135676338492
7841.0,24.0,0.3149516401743895,0.5556662670684359,0.4533703084865147,0.1187781734237359,0.2095222674611676,"[-0.11626659350510182, 1.0230072104781311]",0.5784192719517014,0.3743059183494529,0.8058196345601851,"[-0.6976209962278017, 1.8544595401312045]",21.790601128542512
7842.0,24.0,0.739840712949271,0.9215753773658085,0.2876713338050356,0.43462293027917154,0.5413838194807817,"[-0.4339741291623236, 1.0093167967723948]",-1.1334026003298403,0.36406487116666464,0.7986341840478475,"[-3.5808616003208313, 1.3140563996611507]",4.329279032536847
7843.0,24.0,0.9486319926947797,0.9904267456110221,0.11226115709707678,0.7452059464005434,0.7780840308929885,"[-0.5648160054975575, 0.789338319691711]",2.097799957234802,0.48718284193373007,0.8690287084616835,"[-3.8199217973852155, 8.01552171185482]",15.98699441251475
7844.0,24.0,0.9623400050991967,0.992026702813642,0.08211346220171203,0.7816882879420165,0.8057811441521663,"[-0.49864459445715836, 0.6628715188605824]",-0.7878270017483633,0.8271462283737742,0.9679957461859046,"[-7.859134756446809, 6.283480752950083]",3.009277479108463
7845.0,24.0,0.6492263223303605,0.8760306602757529,0.3010533701413081,0.3479093031231246,0.46945174022927594,"[-0.32756467876159184, 0.9296714190442081]",-1.4558979141610777,0.15597006809802552,0.5686112581043584,"[-3.4671717424599704, 0.555375914137815]",5.561120392221971
7846.0,24.0,0.4593066774741172,0.7226347977881012,0.4688159073718153,0.20423060616334188,0.3213699546236694,"[-0.2549311891027382, 1.1925630038463688]",0.2543817383697702,0.7548212964605029,0.9553874318273853,"[-1.342151858542675, 1.8509153352822154]",23.028333333747405
7847.0,24.0,0.40220078382336794,0.6648321478096427,0.3974205381323701,0.1684829591348591,0.27839610740618687,"[-0.16821225352807567, 0.9630533297928159]",-2.4241207658789907,0.0008972769335261276,0.02426567443140009,"[-3.8548140879310577, -0.9934274438269237]",9.259459260992461
7848.0,24.0,0.28845325711837594,0.5180554186752442,0.5575588849352489,0.10495973800876249,0.188505276596197,"[-0.1164777089743606, 1.2315954788448584]",-0.7594496549811689,0.21913973234635742,0.657423017751728,"[-1.9707705682096655, 0.45187125824732766]",2.9008839988724997
7849.0,24.0,0.41120612542472584,0.6752153126842789,0.4488585228630584,0.17385019135877589,0.2854682945135893,"[-0.1980443955052824, 1.0957614412313992]",-1.1245651725915726,0.11718419471469288,0.49886843216131493,"[-2.5314097566619482, 0.2822794114788032]",4.295522545126541
7850.0,24.0,0.4786684097912063,0.7413370852788549,0.3606594175193748,0.2172733994639653,0.33644069288319184,"[-0.21226428081197046, 0.9335831158507201]",1.0524852772187376,0.18541998415690053,0.6170340062801836,"[-0.5052515714216661, 2.610222125859141]",19.97980237438066
7851.0,24.0,0.7856766094914326,0.9397892930302288,0.22174465929087364,0.4849346278689213,0.5803430204271437,"[-0.400562131099228, 0.8440514496809752]",1.5413603910352807,0.2633009339244554,0.7125871012840471,"[-1.1592906691571496, 4.242011451227711]",18.11243699233628
7852.0,24.0,0.3725616262271281,0.6298590468759562,0.5417243728913759,0.15089333648701778,0.2550597303702126,"[-0.19746575048129467, 1.2809144962640464]",0.6523871188053461,0.3535890649022466,0.7919127993331391,"[-0.7259937620723207, 2.030767999683013]",21.50806476558359
7853.0,24.0,0.40585600090857704,0.6687362018595766,0.4160759298354331,0.1703983706118265,0.2808147175540977,"[-0.1787734610486988, 1.010925320719565]",0.07665089151585391,0.919422273786173,0.9874079467440474,"[-1.4084300480926897, 1.5617318311243975]",23.70721516134843
7854.0,24.0,0.725920210293334,0.9142171539604447,0.20280682243092088,0.4201083908161669,0.529237075858109,"[-0.290219340201876, 0.6958329850637178]",-3.042961628514248,0.01815270795926039,0.17271843919372398,"[-5.567458729646926, -0.5184645273815693]",11.623257235608149
7855.0,24.0,0.7174958624102079,0.9103585790504857,0.24454639240174414,0.41182242873870534,0.5225509817773193,"[-0.33947640682609936, 0.8285691916295876]",1.996235132390762,0.0928840054801059,0.4415928946827927,"[-0.3321406856656588, 4.324610950447182]",16.374943466551347
7856.0,24.0,0.9096059286997736,0.9831451888237933,0.12924672394203335,0.6628897714979267,0.7164826756354591,"[-0.4518574183997673, 0.710350866283834]",0.7019694779290226,0.7610830581493981,0.9565635162989086,"[-3.822927282498691, 5.226866238356736]",21.318674104511015
7857.0,24.0,0.9299461140727471,0.9878137795754037,0.1547386096769492,0.702671196622086,0.7468075211202955,"[-0.6397819460767372, 0.9492591654306356]",-1.761487225048258,0.4859047798129803,0.8681521883383604,"[-6.715947590709812, 3.1929731406132955]",6.728385577431748
7858.0,24.0,0.511697909054334,0.7697851097696085,0.42104634779795636,0.23985614694183943,0.36095733174091715,"[-0.2810748803850839, 1.1231675759809967]",-0.18056568993213418,0.8377879870771328,0.9708072590103425,"[-1.9092478828593047, 1.5481165029950363]",0.6897101305319432
7859.0,24.0,0.7173970191586667,0.9103585790504857,0.26565810108313453,0.41177573762941333,0.5225509817773193,"[-0.3687200828210037, 0.9000362849872727]",-2.637804297525764,0.033919621644901726,0.2550347492097874,"[-5.07530465283414, -0.200303942217388]",10.075670228646478
7860.0,24.0,0.3716682609064852,0.6288803061023438,0.47764655216657675,0.15039339794726783,0.25447275456390495,"[-0.17331085731993262, 1.128603961653086]",0.830822392148729,0.2305208686529565,0.6711758648269693,"[-0.5272737281231958, 2.1889185124206536]",20.82649222699432
7861.0,24.0,0.5806727611081757,0.8280770846332681,0.31732615587408763,0.2912120937771693,0.41524486081807654,"[-0.27193738604946827, 0.9065896977976435]",-0.26961563728725046,0.7830640452715797,0.9605790545529682,"[-2.188913405382892, 1.6496821308083913]",1.0298558738192987
7862.0,24.0,0.4544078699097954,0.7179510116091645,0.477829779962635,0.20096437464304495,0.31762980028930765,"[-0.2545151324653607, 1.2101746923906307]",3.037785582784144,0.00018314890797640609,0.008401326053963582,"[1.4463278411202283, 4.62924332444806]",12.396513802718626
7863.0,24.0,0.5483829816464325,0.8021986273353313,0.3582459430703833,0.26672507909163523,0.3901771197946683,"[-0.27395864368150563, 0.9904505298222723]",-0.555888905302421,0.543879224604437,0.8910210101645429,"[-2.3509446123737, 1.239166801768858]",2.123339210131747
7864.0,24.0,0.9526960348272784,0.991078205928571,0.12707135759179608,0.75534271125803,0.7859965777919147,"[-0.6722013232585863, 0.9263440384421785]",-1.3068143649074555,0.6737783803893014,0.9338966192307091,"[-7.391145045641844, 4.777516315826933]",4.9916631810844185
7865.0,24.0,0.5763638417470409,0.8250660869761373,0.3122976430662813,0.2880368471156025,0.4122744886427459,"[-0.26382263677431556, 0.8884179229068783]",2.5924001897048434,0.006800151474960148,0.09353715921540781,"[0.7150470693843622, 4.469753310025324]",14.097760688066566
7866.0,24.0,0.5283754822878892,0.7852929622276816,0.36461964979313494,0.2517607921231566,0.37419856141967395,"[-0.25893148332932475, 0.9881707829155946]",-1.4487943241793655,0.08477813079164818,0.4245268304360539,"[-3.0962571540078945, 0.1986685056491635]",5.533986677199069
7867.0,24.0,0.6882448578339039,0.8939405868734951,0.3172842442001929,0.3836535687537732,0.49825138799191326,"[-0.396532270836182, 1.0311007592365677]",-0.702383356724881,0.5431688779655043,0.8908789207241337,"[-2.9664994757261, 1.5617327622763382]",2.6829067960378286
7868.0,24.0,0.8255415236963248,0.9537217233090628,0.2196357697630434,0.5341878141851129,0.6171300995669048,"[-0.4728677479657633, 0.9121392874918501]",-1.1007504946887758,0.48395540450138863,0.8671481893950701,"[-4.182993366812591, 1.9814923774350395]",4.204557176173626
7869.0,24.0,0.6687093436049036,0.8853560449587597,0.35294904772321806,0.3652910405990728,0.4837651179963883,"[-0.41115694159916977, 1.1170550370456058]",1.710848586995005,0.10800392410883293,0.4810865216429084,"[-0.3754748518675388, 3.7971720258575488]",17.46503977195105
7870.0,24.0,0.8953619326161538,0.9784438812390368,0.16668677868528617,0.6376326470484535,0.6967901290006048,"[-0.5269272918650342, 0.8603008492356065]",2.2619393559934515,0.28322363855322663,0.7333600169684791,"[-1.8693583939020462, 6.393237105888949]",15.36002809246905
7871.0,24.0,0.6033101059540624,0.8442626727596731,0.3783691500688289,0.30930231013762033,0.4328327877660514,"[-0.3510488938923282, 1.107787194029986]",1.8984463427154257,0.046600832074130766,0.30779941924789145,"[0.028569743246035673, 3.768322942184816]",16.74846912869063
7872.0,24.0,0.6734268827553356,0.8873352013781105,0.25186266874150665,0.3696423359892851,0.48720487147658503,"[-0.2983745519386646, 0.8020998894216779]",-1.8178104538343662,0.09159779122744527,0.43919905335975495,"[-3.9297143923051228, 0.2940934846363903]",6.943524463964664
7873.0,24.0,0.4524548822562447,0.7154568030617405,0.42574135690378206,0.20000699622681184,0.31626659744910157,"[-0.22538398760770945, 1.0768667014152735]",0.8535411687612307,0.2715191069776124,0.721357882512254,"[-0.6678794882091192, 2.3749618257315808]",20.739712892621196
7874.0,24.0,0.28616116439185785,0.5144932836962565,0.5964994051016378,0.10365741519678263,0.1863671614469303,"[-0.12190731669509858, 1.3149061268983742]",0.38753752267412445,0.5394978262453541,0.8896052435427867,"[-0.850392017971489, 1.625467063319738]",22.519715703187813
7875.0,24.0,0.7054541386478301,0.9041965376157781,0.22887602746056926,0.39977406752062217,0.5124651551347548,"[-0.30387403710640915, 0.7616260920275476]",-1.5313176167200586,0.18030039087341165,0.6095347899709657,"[-3.7713971788155027, 0.7087619453753855]",5.849202435472746
7876.0,24.0,0.8856475318302793,0.9750468729575443,0.1623067332154678,0.6213451492766754,0.6840748092884239,"[-0.481723405430786, 0.8063368718617216]",-1.0996234954913113,0.5785002350052117,0.9032205836784882,"[-4.978875967603095, 2.7796289766204723]",4.2002523563383365
7877.0,24.0,0.8788784838303423,0.9730838056604282,0.1559795688809886,0.6102998418541292,0.6759276878203131,"[-0.4438772686747966, 0.7558364064367739]",-1.5652306967117244,0.4071013175592786,0.8245925006264504,"[-5.265804384689645, 2.135342991266196]",5.9787408590602125
7878.0,24.0,0.9914252117298128,0.9968074560951746,0.04946919315439151,0.8956383590727752,0.9006821792767249,"[-0.6896901459035637, 0.7886285322123466]",-0.912339900211089,0.9038207866713255,0.982851517978372,"[-15.710500815037065, 13.885821014614887]",3.4848817175654725
7879.0,24.0,0.6041676525528114,0.8448489335755451,0.2987305600272749,0.30990485705465387,0.43333548010674644,"[-0.27787829440970185, 0.8753394144642517]",2.973641460871959,0.003593801045217668,0.06206910268078874,"[0.9720349133290718, 4.975248008414846]",12.641526300461349
7880.0,24.0,0.606244645541012,0.846007572971889,0.3328973013037898,0.3116017998355256,0.4349550528134081,"[-0.3119176039255994, 0.977712206533179]",1.7509837053835993,0.06625132043482357,0.37439569128623457,"[-0.1174916215770958, 3.6194590323442943]",17.311734912356094
7881.0,24.0,0.45841630164684827,0.7214609720598808,0.47229387218698576,0.20383382644536985,0.3207960756143687,"[-0.25618316227049737, 1.200770906644469]",-2.591059322072109,0.001213699927245906,0.03030656505256838,"[-4.16057312229773, -1.0215455218464884]",9.897117574850673
7882.0,24.0,0.2032812249928813,0.38609919276900534,0.6472555263566955,0.06426939119026182,0.12206911906982301,"[-0.03835928584370152, 1.3328703385570924]",0.7232194799509637,0.18292300946470907,0.6131235775383096,"[-0.34111053623668375, 1.7875494961386111]",21.2375050758109
7883.0,24.0,0.8759193808540766,0.9724665269479806,0.19018139851248378,0.6056771811887645,0.6726311141059317,"[-0.5318446949112199, 0.9122074919361876]",1.7459209578788117,0.3500406574463566,0.788972827902179,"[-1.9158275693701166, 5.40766948512774]",17.331073183340408
7884.0,24.0,0.3477906747256518,0.6002905496362714,0.5057204497726052,0.13676198850127516,0.23604929907924269,"[-0.1604232947863753, 1.1718641943315857]",0.6428910113688584,0.3439929239685783,0.784118814608111,"[-0.6886489415901378, 1.9744309643278546]",21.54433722411116
7885.0,24.0,0.679136654184287,0.8886644746139917,0.33862742701058024,0.3749853024204616,0.49067259413016767,"[-0.4094757232805083, 1.0867305773016689]",1.9536262725006726,0.07475747311350224,0.3989192802214634,"[-0.19516481817826037, 4.1024173631796055]",16.537697322655774
7886.0,24.0,0.27367335802458226,0.49596476626419406,0.47175296052116195,0.09747126716641953,0.17661037718140885,"[-0.08617446907476939, 1.0296803901170932]",0.8370880711210651,0.16368885353328655,0.5809244285449352,"[-0.34089574966061353, 2.0150718919027435]",20.80255909626774
7887.0,24.0,0.9157160983402057,0.9843055544897815,0.14657882390313853,0.6741500493131195,0.7246587652511227,"[-0.5366961167355797, 0.8298537645418569]",3.006906854846722,0.22313033806101545,0.662664232788248,"[-1.8307261263345724, 7.844539836028017]",12.514461855221759
7888.0,24.0,0.6615926367523676,0.8811835865108785,0.2795364854558831,0.3592012061508272,0.47836090844430307,"[-0.31800792508672654, 0.8770808959984928]",-2.398149848018626,0.028396932490892847,0.22744143015575882,"[-4.542677558120866, -0.2536221379163863]",9.160257662093805
7889.0,24.0,0.5400030332986746,0.7954350620728781,0.3586924252156787,0.2603697177201123,0.38368658667862116,"[-0.2659305638324556, 0.983315414263813]",2.801932440693726,0.0022087260468994945,0.04548915040839799,"[1.0076324112667738, 4.596232470120678]",13.297406444497312
7890.0,24.0,0.9839376276474608,0.9954747198059007,0.0674693932611196,0.8572216071650922,0.8676409809483203,"[-0.6675429279526149, 0.8024817144748541]",-0.9801253400471,0.8579922521872546,0.9715794382448307,"[-11.71619366063111, 9.755942980536908]",3.7438030252348984
7891.0,24.0,0.8901531416415254,0.9766429825594324,0.14010642687158492,0.6287496441600517,0.6897966474602871,"[-0.4278577076558593, 0.7080705613990291]",0.42963057154288187,0.8394727574870815,0.9708072590103425,"[-3.727298128017484, 4.586559271103248]",22.3589321000533
7892.0,24.0,0.6442838323346496,0.8732499760567222,0.3490830109272266,0.3437861710433572,0.46596119686006665,"[-0.3736193568280842, 1.0717853786825375]",1.1355994791517672,0.27042963394820274,0.7202045575339596,"[-0.8839878573676496, 3.155186815671184]",19.662329508489947
7893.0,24.0,0.23285075643439568,0.43240623293295394,0.6055409302369743,0.07754105166807271,0.14399452491749806,"[-0.06683727457294464, 1.2779191350468933]",-1.340629910638918,0.014309903304730623,0.14984191942126307,"[-2.4133819100849174, -0.26787791119291837]",5.1208290512407135
7894.0,24.0,0.3490598523605378,0.6017235862102014,0.5585469804926881,0.13721207596161977,0.2366133401648901,"[-0.1780245066619811, 1.2951184676473573]",1.4963943237205743,0.020872261042586906,0.18837780724356415,"[0.22690755791180384, 2.765881089529345]",18.284194717565203
7895.0,24.0,0.9966827721582524,0.9987202807390857,0.031100910908338424,0.9350645327807544,0.9372201391006859,"[-0.7170669052262119, 0.7792687270428887]",2.1587821876865263,0.8583244329707107,0.9716642194194219,"[-21.544061549323636, 25.86162592469669]",15.754059450502886
7896.0,24.0,0.8215417049820194,0.952733045322996,0.19645521065864005,0.5291102336810753,0.6135350759564449,"[-0.4153443618201983, 0.8082547831374783]",2.2978907369198303,0.14630773315672627,0.5477638830278033,"[-0.8023987378061257, 5.398180211645786]",15.222703932819144
7897.0,24.0,0.9913708018647179,0.9968074560951746,0.05000023921628131,0.8952616879508891,0.9003939333711044,"[-0.6943916186092326, 0.7943920970417951]",0.3082184944119888,0.9686330923943163,0.9946639642340541,"[-15.054328726772328, 15.670765715596305]",22.822692073487765
7898.0,24.0,0.8851707039969813,0.9750468729575443,0.18047910450454988,0.6204527371623217,0.6836191462784506,"[-0.5338307834720903, 0.89478899248119]",1.3344311839729608,0.49406867143587374,0.8710087226182522,"[-2.490135142041221, 5.158997509987143]",18.90284834051359
7899.0,24.0,0.891598941905041,0.9767241063199419,0.12963697523903578,0.6310320306705816,0.6913904137948741,"[-0.3994014449602023, 0.6586753954382738]",1.6758694949886124,0.40329832154384904,0.8220512057559092,"[-2.2543286974520536, 5.606067687429278]",17.598650061495455
7900.0,24.0,0.47386610119744327,0.7367815710596752,0.37953124120479037,0.2140426834270851,0.3327741430821146,"[-0.21914256876044252, 0.9782050511700233]",0.5106365305411273,0.5340344372983854,0.8873819851693997,"[-1.0987778919176674, 2.120050952999922]",22.049512128986017
7901.0,24.0,0.28035243908411395,0.5061426955842462,0.5409043868578923,0.1008168417367412,0.18197985873057976,"[-0.10517335597263766, 1.1869821296884222]",-0.9224227830640581,0.1261535801063204,0.5140732685669128,"[-2.1044938267828637, 0.25964826065474744]",3.5233954930854696
7902.0,24.0,0.5294119909659014,0.7860162059977949,0.28395511076147556,0.25277191222109163,0.37523822867907625,"[-0.20268452630058031, 0.7705947478235314]",-2.588553892305481,0.0036167918290491083,0.06235847981119152,"[-4.332144910439534, -0.8449628741714283]",9.887547538084393
7903.0,24.0,0.5089333437742956,0.7679768810165373,0.4870552417382741,0.23800053373332364,0.3591918710131658,"[-0.32193745384480454, 1.2960479373213527]",1.2310235769365168,0.13446212701743562,0.5280589132477138,"[-0.3809927559462256, 2.843039909819259]",19.297836304029293
7904.0,24.0,0.6968282563801882,0.8991332340389525,0.25757523827666373,0.39145528088044756,0.5052033065263607,"[-0.33151376034303737, 0.8466642368963648]",3.097809394022334,0.010621060460180123,0.12363313917761266,"[0.7213818066757405, 5.474236981368928]",12.16723973243608
7905.0,24.0,0.8518231598553714,0.9630259211513128,0.1813119439012317,0.5698267925738565,0.6443089015986618,"[-0.4439929087608695, 0.806616796563333]",0.27403935691383996,0.8802068262790923,0.9766268042296392,"[-3.2898771016936097, 3.8379558155212896]",22.95324676189052
7906.0,24.0,0.5358289524896085,0.7924119380207164,0.38022813555304935,0.2574047897477255,0.3806230390954793,"[-0.2777876892811728, 1.0382439603872715]",-2.054677537032611,0.0173906268288692,0.16867727283093306,"[-3.7479124779826085, -0.36144259608261353]",7.848290075486902
7907.0,24.0,0.8729931498519006,0.971287438642524,0.15527162472071288,0.6011423010276968,0.6688276602444335,"[-0.4268839484963387, 0.7374271979377645]",-1.7731636992642787,0.33690032407767323,0.7771633773418067,"[-5.392146049043056, 1.8458186505144987]",6.772986423576502
7908.0,24.0,0.9730026204591045,0.9937724649771265,0.09080240859778958,0.8149467710493886,0.8323427341940441,"[-0.6695908707904348, 0.8511956879860139]",-1.8724395112786922,0.6510168399779521,0.9299133911664488,"[-9.985435571843462, 6.240556549286078]",7.152192092653838
7909.0,24.0,0.8812512683232658,0.9738286863682684,0.16248464698793214,0.6141749251058876,0.678754156731397,"[-0.4692342747002632, 0.7942035686761275]",1.9031645820704703,0.3226991345443344,0.7655969977327033,"[-1.8687378531115386, 5.675067017252479]",16.730446781905524
7910.0,24.0,0.8542472484503962,0.9638353248904392,0.15756520916358063,0.5734082195619576,0.6469685428883647,"[-0.3909261889214397, 0.706056607248601]",-2.059771510518699,0.2360460919099524,0.6773202063413268,"[-5.466796659854872, 1.3472536388174743]",7.8677476209338595
7911.0,24.0,0.462971632175471,0.7263097822588563,0.4590368130231244,0.20682478810242455,0.3243801569987838,"[-0.25368106804823953, 1.1717546940944883]",2.59605710716688,0.0012843549488031414,0.031325730458613206,"[1.0156089004651883, 4.176505313868572]",14.083792292293074
7912.0,24.0,0.44183271260292195,0.7047897792357983,0.4326782504227765,0.19288135539363804,0.30772392372947993,"[-0.21860212153789782, 1.083958622383451]",-1.7653026869811832,0.017222815049338227,0.16814296598987297,"[-3.2178851295040585, -0.3127202444583079]",6.742959568475044
7913.0,24.0,0.3540979060452232,0.6089795892088777,0.46957748326870086,0.14031905621682286,0.24116978100206482,"[-0.15455957004582066, 1.0937145365832224]",0.9026882240795553,0.17925218875776228,0.6078405858181155,"[-0.4146281679630981, 2.2200046161222087]",20.551984969605464
7914.0,24.0,0.8548384293308026,0.9640672485968225,0.23077953076674712,0.5742166345467159,0.6475884003007961,"[-0.5742710923656982, 1.0358301538991925]",0.4148827423357213,0.8203247906722633,0.966095377463714,"[-3.1652918585953045, 3.995057343266747]",22.41526465808997
7915.0,24.0,0.9155016092900052,0.9843055544897815,0.14603112997693185,0.6737488590715963,0.7244611387866626,"[-0.5338025088457754, 0.825864768799639]",1.7388860973024816,0.44775242280234095,0.849141708329871,"[-2.750445386273566, 6.228217580878529]",17.357944371372852
7916.0,24.0,0.202083492597587,0.3841161235460692,0.5286255900702411,0.06363275538627149,0.12096057751215544,"[-0.029988953794265583, 1.0872401339347477]",1.930831837417438,0.00022755011574575584,0.009520925345010704,"[0.9042266621961201, 2.957437012638756]",16.62476565109939
7917.0,24.0,0.7997088993272339,0.9455321020522349,0.2340219001391418,0.5015922007647506,0.5931790453698564,"[-0.4485430017145239, 0.9165868019928075]",3.0519488720736776,0.04830580550404548,0.3151558920251827,"[0.022726217505397273, 6.081171526641958]",12.342414022697751
7918.0,24.0,0.7943949821413332,0.943686127514057,0.29087948298637684,0.4952524979139309,0.5883256093061664,"[-0.5450900483384113, 1.126849014311165]",0.19985789898521844,0.89533835741057,0.9799823477491091,"[-2.7777719960581524, 3.1774877940285893]",23.236599059053002
7919.0,24.0,0.8465362930998767,0.9607720952217418,0.1674205179648262,0.5625421852574064,0.6384544152280177,"[-0.3992439442573244, 0.7340849801869769]",-0.9890077385661584,0.5609063368829221,0.8964461193589933,"[-4.322513316069838, 2.3444978389375204]",3.7777312883745853
7920.0,24.0,0.8219923587114666,0.952756738845726,0.19860459488485807,0.5293901992581705,0.6137145829563767,"[-0.42030915364318, 0.8175183434128961]",1.5564641956714063,0.3090081198472192,0.7551518080332825,"[-1.4422552249643803, 4.555183616307193]",18.05474470832027
7921.0,24.0,0.9796425855386345,0.9948681677324512,0.062348633149617326,0.8393207969808649,0.8524732648341601,"[-0.5403326988755277, 0.6650299651747624]",-2.3668142285264158,0.6315766085455907,0.9222068793273697,"[-12.041025160261132, 7.307396703208301]",9.040564412405038
7922.0,24.0,0.8753098728869346,0.9724665269479806,0.195419329580134,0.6048916362272259,0.6722512071874037,"[-0.5448791152640071, 0.9357177744242751]",2.6250495791035044,0.18297525471552034,0.6131235775383096,"[-1.2385804765145219, 6.488679634721531]",13.97304920698507
7923.0,24.0,0.6224641090847134,0.8570344335463492,0.3440229522270708,0.32524836238751087,0.44770044308056445,"[-0.34140160921486973, 1.0294475136690113]",-2.5901729099777127,0.012272777060708236,0.13412871104599164,"[-4.617423351920412, -0.5629224680350129]",9.893731730056123
7924.0,24.0,0.932339796748898,0.9878137795754037,0.11914222232020852,0.7078094651685924,0.750785201654151,"[-0.5038958645507705, 0.7421803091911876]",-2.7870442135968765,0.31033290063868124,0.7561717851819718,"[-8.17135016002621, 2.597261732832456]",10.64572471703057
7925.0,24.0,0.5287142114862321,0.7852929622276816,0.32238011302693337,0.2523342602351667,0.3747167511659737,"[-0.22960249219917195, 0.8743627182530387]",-0.826627617720602,0.34249786121107206,0.7832102931879077,"[-2.533422535534842, 0.8801673000936383]",3.1574849149562745
7926.0,24.0,0.40697545790854595,0.6699184492321744,0.44564622803430326,0.17130838209358357,0.2818963009603152,"[-0.19283551302035856, 1.0841279690889651]",-0.5205862059496269,0.48488848363296333,0.8677556500702994,"[-1.9814110038367276, 0.9402385919374738]",1.9884928315761259
7927.0,24.0,0.7105742110206099,0.9068073137067508,0.2832845180951431,0.4050676372358646,0.5168656848741414,"[-0.3835713979069254, 0.9501404340972116]",2.146718759159289,0.06943846639658345,0.38385000772019595,"[-0.1707480775419783, 4.464185595860556]",15.80013835324078
7928.0,24.0,0.9223233293341828,0.9861488829547715,0.13234046890468354,0.6870661127171169,0.7348300670771304,"[-0.5115447216235735, 0.7762256594329405]",-2.946311915203794,0.2520417778499374,0.7000725238610587,"[-7.98790811907435, 2.095284288666762]",11.254082524685595
7929.0,24.0,0.4493099919001724,0.7126248880256502,0.4018253516608179,0.19764722358406872,0.3136261878515848,"[-0.20950211818590625, 1.013152821507542]",1.511667332914672,0.043041025722289725,0.29480154604308034,"[0.04732864952240812, 2.9760060163069357]",18.225856119746116
7930.0,24.0,0.22694413126414167,0.42348223785060957,0.5272563256958694,0.07477789723133144,0.1395370353262389,"[-0.05271300174197191, 1.1072256531337108]",-1.4132841367206028,0.008999859505359356,0.11069937890970917,"[-2.473744677989134, -0.35282359545207154]",5.398347752458704
7931.0,24.0,0.532979040702541,0.789032673613273,0.3977318194998772,0.2550850609903561,0.3777359114324835,"[-0.28722594428850695, 1.0826895832882613]",-0.023591142975785573,0.9793879064805583,0.9967274161587315,"[-1.8132354234069596, 1.7660531374553885]",0.09011152842681407
7932.0,24.0,0.43127173277592007,0.694703177796263,0.44138971448903175,0.1862203222639487,0.29996830261589674,"[-0.2130811413744974, 1.0958605703525608]",-0.28107810306837866,0.7191157808691991,0.9474481961838024,"[-1.8128925818160688, 1.2507363756793115]",1.0736392679574167
7933.0,24.0,0.5386590941230308,0.7947168694644893,0.4238643384186922,0.2593266915446695,0.3826006071771459,"[-0.31263446305131015, 1.1603631398886947]",-2.8849438023946945,0.0016500788077732464,0.037247828617906244,"[-4.681751705037863, -1.0881358997515262]",11.019673600642651
7934.0,24.0,0.7607800720958262,0.9294675252910781,0.23571022428964258,0.4570884191964273,0.5584464498429167,"[-0.38552789636155305, 0.8569483449408383]",2.5849256928735866,0.0587716839209308,0.3512951818346133,"[-0.09583426372690562, 5.265685649474079]",14.126311162894227
7935.0,24.0,0.30519441888024607,0.5424714164241843,0.5378344140412177,0.11352211004827172,0.20178121231473822,"[-0.12826167442219893, 1.2039305025046343]",2.742970888862598,2.3810650102990098e-05,0.0019735595998265592,"[1.4707526281169392, 4.015189149608257]",13.522622982728343
7936.0,24.0,0.5094380584869334,0.7683831953045751,0.3249890535211286,0.2382942221652019,0.3594181329791884,"[-0.21515158132063927, 0.8651296883628965]",2.8989863399419957,0.0009522593616109703,0.02532604685135559,"[1.179417951295472, 4.61855472858852]",12.926687857016393
7937.0,24.0,0.8005820308076274,0.9455321020522349,0.19915481265582496,0.5029500261180322,0.5940120776166673,"[-0.3835624548399272, 0.781872080151577]",0.7218055518664928,0.6304083288465488,0.9216640993393094,"[-2.218455094080151, 3.6620661978131364]",21.24290588326258
7938.0,24.0,0.6566688053662182,0.8788394076100351,0.3108668784809081,0.3545671967945807,0.47465488192045613,"[-0.3472771613508395, 0.9690109183126557]",0.2954640161423532,0.79106374911883,0.9628316126547152,"[-1.8903958615014416, 2.481323893786148]",22.871410591803862
7939.0,24.0,0.6921114786375948,0.8968537150065471,0.3200827213303536,0.38711110583615693,0.5016992040385653,"[-0.4052885776372011, 1.0454540202979083]",-1.925263576002524,0.08644761798593462,0.4269018172144919,"[-4.1262407562319945, 0.27571360422694635]",7.353965157013936
7940.0,24.0,0.2772870216744114,0.5016045978191234,0.4671589992980292,0.0991090196957837,0.17925306510360592,"[-0.08803211694212254, 1.022350115538181]",2.860626317944793,4.957383668007107e-06,0.0005832216080008361,"[1.6328539702218372, 4.088398665667749]",13.073212347847639
7941.0,24.0,0.3113089535285034,0.5505021282555321,0.44111668720803443,0.11680938648768183,0.20655180535604087,"[-0.1101609289416674, 0.9923943033577363]",2.6311449502832613,5.2475328559248366e-05,0.0033855050683386043,"[1.3560356518505379, 3.906254248715985]",13.949766604107353
7942.0,24.0,0.3700980330516613,0.6266058748693624,0.4947951123563064,0.1494711876554506,0.25304077815380155,"[-0.17800865799659588, 1.1675988827092088]",2.242755163809596,0.0011109795531553247,0.028341315131513386,"[0.8947062460590907, 3.5908040815601012]",15.433306308835904
7943.0,24.0,0.9851837463600253,0.9956379447802175,0.0665051718380369,0.8628597678962575,0.8720159352160257,"[-0.6881060924890873, 0.8211164361651612]",0.5795115930198964,0.9214775830846066,0.9878688510655973,"[-10.943175513391028, 12.10219869943082]",21.786428769403795
7944.0,24.0,0.5373294142991243,0.7933479801472435,0.3970798944279225,0.258314788712959,0.3814453465932649,"[-0.2914143170114672, 1.0855741058673123]",-2.9495335618777614,0.00129421651037224,0.03148945280711046,"[-4.746398324221062, -1.1526687995344613]",11.266388308518971
7945.0,24.0,0.561400854172624,0.8126088015168977,0.3391530976969117,0.2765981234877458,0.4002287997218142,"[-0.2718138422692007, 0.9501200376630241]",0.8137836848645907,0.374903725077128,0.8058196345601851,"[-0.9837380390309303, 2.6113054087601117]",20.891575294710314
7946.0,24.0,0.09972231396176968,0.20227649890825494,0.7298910521944425,0.02360054505695501,0.047871288147981764,"[0.09789828402059386, 1.3618838203682913]",-1.044055405179627,0.016010279564759446,0.16099945984822084,"[-1.8936120227049602, -0.19449878765429374]",3.987997886307582
7947.0,24.0,0.6076071966937893,0.846426670429624,0.3697564697625698,0.31285325248955076,0.4358501706457938,"[-0.3483085457273507, 1.0878214852524903]",-1.1721731198501821,0.22427125966199735,0.6631320510407964,"[-3.0626644572573865, 0.718318217557022]",4.477371508406524
7948.0,24.0,0.048528888622094535,0.10452054409238538,0.7607362911654214,0.00835004379791642,0.017984156359931985,"[0.19543897158471701, 1.326033610746126]",-1.0060048339900245,0.006989145221944766,0.09538518799565668,"[-1.7369908710285615, -0.27501879695148745]",3.8426554104924953
7949.0,24.0,0.9548969001349091,0.9911597957501838,0.09626980607866509,0.7610291133335283,0.7903511406517066,"[-0.5241410890632465, 0.7166807012205767]",-3.0690577156898726,0.3689084790110684,0.8015351118430442,"[-9.76367078889351, 3.6255553575137647]",11.722936946072736
7950.0,24.0,0.4125695639893923,0.6762326897056095,0.44866072038548493,0.1747223934879144,0.28641465685743467,"[-0.19926772507487672, 1.0965891658458466]",0.5054201144992962,0.5015354372284733,0.8731021700276606,"[-0.9685285247649651, 1.9793687537635576]",22.069437370544765
7951.0,24.0,0.82442745362472,0.9530427085657405,0.24011261294314004,0.532681460004466,0.6158042064052971,"[-0.5141725628973602, 0.9943977887836403]",2.767304810217249,0.0932330695334058,0.4418024612799107,"[-0.4638808076622838, 5.9984904280967815]",13.429674249886691
7952.0,24.0,0.9415409831612548,0.9883907024577523,0.11245647102902907,0.7283255224965467,0.7645659484532298,"[-0.5220856602518709, 0.7469986023099291]",2.560227017084194,0.3811206455131294,0.8092048786820804,"[-3.1691195940735266, 8.289573628241914]",14.220653155047172
7953.0,24.0,0.35307450093626863,0.607596800785181,0.5195377272472237,0.1396194204106919,0.24026745897554966,"[-0.16978566260271177, 1.2088611170971593]",-0.4084226595297915,0.5567703607714801,0.8951179890946906,"[-1.7706281042642096, 0.9537827852046266]",1.5600596432377083
7954.0,24.0,0.8887744103083103,0.9758344883036644,0.15968339152744893,0.6265489912043567,0.6878350984788195,"[-0.4835147189435226, 0.8028815019984205]",-2.2120119767912296,0.2765153553478863,0.7263340040658952,"[-6.196151667554579, 1.7721277139721203]",8.449263366835178
7955.0,24.0,0.8122949448378021,0.9485141600090665,0.21818011427604497,0.5172050870196833,0.6040704123098379,"[-0.44208202392987994, 0.8784422524819699]",1.9341698345501683,0.19732041393860378,0.6296120419227944,"[-1.006284908416136, 4.874624577516473]",16.612015441250577
7956.0,24.0,0.539947407477535,0.7954350620728781,0.3774187322638496,0.26048062007094763,0.3837369181952676,"[-0.2799669661893168, 1.034804430717016]",0.5697405671637288,0.5281210293491834,0.8840013597459259,"[-1.2002894113789266, 2.339770545706384]",21.823751338941904
7957.0,24.0,0.5835130113294686,0.8293502717358707,0.2966410983544095,0.29362049824474024,0.4171930921351808,"[-0.2569668227465643, 0.8502490194553833]",-0.5314619764892461,0.5838266054557943,0.9054382838954627,"[-2.4329571242804597, 1.3700331713019676]",2.0300352149676524
7958.0,24.0,0.4908460138995866,0.7528051753682483,0.46210227545103133,0.22548577658973123,0.3457840462961681,"[-0.28513525084431646, 1.209339801746379]",-1.156194842579641,0.1503542972464078,0.5580203674009545,"[-2.731756231228359, 0.419366546069077]",4.416338984973735
7959.0,24.0,0.6933391745812423,0.8971780209384604,0.2976780448374219,0.388349900373662,0.502523163009397,"[-0.3786829415750277, 0.9740390312498715]",-0.4608294809095774,0.697734454535686,0.93921592772905,"[-2.786407435236943, 1.8647484734177882]",1.7602389554215552
7960.0,24.0,0.5573936211302348,0.8094592232504136,0.2802358356642699,0.27346803004517417,0.3971362620464336,"[-0.22131347566587956, 0.7817851469944194]",0.5173396070673633,0.5785383257986977,0.9032205836784882,"[-1.3079144017835869, 2.3425936159183136]",22.023908262672247
7961.0,24.0,0.7964204641888981,0.9444516968797697,0.18598152799990508,0.4977701708676937,0.5903499744045884,"[-0.3516524038682449, 0.7236154598680551]",-0.3716233953402641,0.8065147666924912,0.964880279922775,"[-3.3454704091596583, 2.60222361847913]",1.4194968080879198
7962.0,24.0,0.354864070408778,0.609627332775774,0.3365344789704659,0.1407636239363139,0.24182034691000498,"[-0.11127024822701126, 0.7843392061679431]",0.7218342145645522,0.29002992080646706,0.7394949536115938,"[-0.6153058683702837, 2.058974297499388]",21.242796399820698
7963.0,24.0,0.6925959871490719,0.8968537150065471,0.31672038926368495,0.38767292524881347,0.5020707279142043,"[-0.40188121293046175, 1.0353219914578315]",2.0749113256495084,0.06731632906660927,0.3779692816766382,"[-0.1478963040751542, 4.297718955374171]",16.07442254509256
7964.0,24.0,0.6044906066720779,0.844876204185251,0.301434233121558,0.3104511207051036,0.4338939492733803,"[-0.28105051386062424, 0.8839189801037401]",-2.1958833049845836,0.024171368696724066,0.20596940175436482,"[-4.104977931519215, -0.2867886784499514]",8.387656378590346
7965.0,24.0,0.39319064319118957,0.6545540922110696,0.4769932059624199,0.16276004229597463,0.27108170491277833,"[-0.19277097529553455, 1.1467573872203745]",-1.6220107641391,0.018651311328419688,0.1758249803107462,"[-2.9734157719531398, -0.2706057563250599]",6.1956247406640035
7966.0,24.0,0.05561360253716049,0.11810066370176363,0.704077461927477,0.01018291178189286,0.02161977023756446,"[0.16703261571809624, 1.2411223081368576]",-0.450940280615276,0.25788638717055634,0.7063445279938547,"[-1.2321193468452911, 0.3302387856147392]",1.7224649927800217
7967.0,24.0,0.272421033431697,0.4941866254773654,0.4854125597920232,0.0966125842353334,0.17527682190735377,"[-0.08719637900352334, 1.0580214985875698]",-0.11050917432591678,0.8596296434655903,0.9718046448331139,"[-1.335272247017374, 1.1142538983655403]",0.4221139524233671
7968.0,24.0,0.8943633067377263,0.978087605793664,0.12546653831582716,0.6356922440800837,0.6952014917761196,"[-0.393626069554645, 0.6445591461862994]",-1.5235287454477895,0.4532986624934051,0.8510636664122461,"[-5.505331517576188, 2.4582740266806087]",5.819451138734632
7969.0,24.0,0.6763381745850647,0.8877717807912047,0.29628323490855696,0.37224491348241506,0.48864393816448776,"[-0.3545292339103335, 0.9470957037274474]",1.4826813320697445,0.1694287381139179,0.5890143563264381,"[-0.6322486726601153, 3.5976113367996043]",18.33657448730458
7970.0,24.0,0.4416713579668047,0.7046447957351701,0.5125089106188626,0.1929549329651603,0.3077922044427505,"[-0.2590625212239923, 1.2840803424617175]",-2.055812247286392,0.006232885909731207,0.08815981465469602,"[-3.5289084592184796, -0.5827160353543037]",7.852624349387692
7971.0,24.0,0.5495984075033693,0.8032715689906011,0.33496012905701794,0.26759759383367765,0.39108170100951567,"[-0.2572306301377251, 0.927150888251761]",1.072264543697469,0.2248220181100049,0.6635832884002506,"[-0.6591495455943364, 2.803678632989274]",19.904251141640934
7972.0,24.0,0.4042444765479578,0.6669294904658399,0.5713490428259191,0.16942920519164184,0.2795400184650088,"[-0.24363697668414308, 1.3863350623359814]",-1.6884623857054084,0.016019446254897974,0.16099945984822084,"[-3.0624975373301897, -0.31442723408062734]",6.449451237834003
7973.0,24.0,0.9244841184442707,0.9862215899768196,0.15175470936340185,0.6915499011970231,0.7377673292100929,"[-0.5979158871835833, 0.901425305910387]",-2.12824080455458,0.39044709989024073,0.813966605760538,"[-6.985299681561733, 2.7288180724525724]",8.12928105923361
7974.0,24.0,0.6550428176766538,0.8781904941339596,0.2678235984069097,0.35336657488078616,0.473728118521872,"[-0.29777974839890164, 0.8334269452127211]",-0.7287615848814042,0.5006836976191056,0.8731021700276606,"[-2.849812879822557, 1.3922897100597487]",2.7836642056646244
7975.0,24.0,0.9570889648183559,0.9911597957501838,0.10509860030788228,0.7669936308503498,0.7944709876130133,"[-0.5900845771234468, 0.8002817777392114]",-0.5062330741026333,0.883151086555203,0.9769289073763932,"[-7.256992673765548, 6.244526525560281]",1.933667906400956
7976.0,24.0,0.7142496788729129,0.9084834378948269,0.3021241996131523,0.40841031336111555,0.5195398974190504,"[-0.41416536489121414, 1.0184137641175188]",0.07534619669774933,0.9521850310429314,0.991652813000345,"[-2.3874326548543525, 2.538125048249851]",23.712198728457096
7977.0,24.0,0.8674410212873065,0.9701834484814971,0.17779501879766388,0.5928004200241361,0.6630135555576961,"[-0.4738193834132458, 0.8294094210085736]",-2.679573993923607,0.16146770017623902,0.5777019684301932,"[-6.430500460600545, 1.0713524727533308]",10.235218716322423
7978.0,24.0,0.17342044722138608,0.334788508149394,0.4819846603834924,0.05132547793709005,0.09909592305151327,"[-0.0027739531478769286, 0.9667432739148618]",-2.9316929727478613,3.470414263984502e-08,9.640039622179172e-06,"[-3.9734150403089545, -1.8899709051867684]",11.19824227777429
7979.0,24.0,0.20026926335252762,0.38102980089902516,0.6492405236001441,0.06289142167269425,0.11966016455814041,"[-0.03490816023375909, 1.3333892074340472]",-0.509256760197772,0.35326614440049864,0.7918103308023713,"[-1.5845064531453454, 0.5659929327498014]",1.9452175365225455
7980.0,24.0,0.9784191565502052,0.9948339161669599,0.08007192935973032,0.8344748741919616,0.8484747068550703,"[-0.6709506659102793, 0.8310945246297399]",2.93122421971872,0.5542616061426848,0.8948702936230022,"[-6.783396720973915, 12.645845160411355]",12.803548226905964
7981.0,24.0,0.2724450866256716,0.4941866254773654,0.4988943596884955,0.09685168965972155,0.17564688005027485,"[-0.0900400925849929, 1.0878288119619839]",-2.2658201899033727,0.00015182226873707266,0.007299147535436186,"[-3.4381655615702815, -1.0934748182364638]",8.65479560113293
7982.0,24.0,0.5050715442747579,0.7646806120738197,0.4075346722164347,0.23531146668891656,0.35626262935490777,"[-0.2655035148318321, 1.0805728592647015]",-1.9417273406138946,0.017753908076005204,0.17120379599325078,"[-3.547032959889145, -0.33642172133864445]",7.41685210548916
7983.0,24.0,0.29170871536864973,0.5227754755710569,0.5853349354594004,0.10652201652518453,0.19089967119208695,"[-0.12545667824161477, 1.2961265491604155]",2.7130560410237607,1.9544074016098495e-05,0.0017226185724441303,"[1.4677524500289592, 3.9583596320185626]",13.636889284457771
7984.0,24.0,0.6153161124644966,0.8527107988698678,0.4265521413270256,0.31908466771277977,0.44231309635816435,"[-0.4125452589995116, 1.265649541653563]",1.8056715423023793,0.06262298661803122,0.36366426607451346,"[-0.09514449601321573, 3.7064875806179742]",17.102842762613037
7985.0,24.0,0.7781082637125947,0.9367635451786913,0.25147750039552197,0.476259314023756,0.573391902267946,"[-0.44045681784302526, 0.9434118186340692]",-2.9283395053959573,0.04399452490293303,0.29782820915864144,"[-5.777908797156156, -0.07877021363575798]",11.185432976041021
7986.0,24.0,0.7872301076598636,0.9405377630344846,0.25311136244894333,0.48705604346818576,0.5819068619691586,"[-0.46068719799727037, 0.966909922895157]",-2.2555169855886987,0.1141786744833706,0.49519485119615037,"[-5.054003904315881, 0.5429699331384832]",8.615440259620144
7987.0,24.0,0.8454684720649593,0.9603230413825136,0.25321792975972285,0.5610499592233972,0.6373024244488538,"[-0.6005801431729476, 1.1070160026923934]",0.9998282117732575,0.5548195820462614,0.8948702936230022,"[-2.3184605678896713, 4.318116991436186]",20.18093754848534
7988.0,24.0,0.7606473717334855,0.9294675252910781,0.2175969344745782,0.4567475008623747,0.5583027757760355,"[-0.35546754783799295, 0.7906614167871493]",1.8135834667899928,0.1625905983992013,0.5790263475755033,"[-0.7319112857932075, 4.359078219373194]",17.072621437215275
7989.0,24.0,0.3979293128131558,0.6600338489411655,0.541936054482127,0.1656672794342834,0.27482959428381454,"[-0.22427990012700028, 1.3081520090912542]",1.817270288949139,0.009158941624285575,0.11167241204926312,"[0.4505407404663375, 3.1839998374319407]",17.058538813912982
7990.0,24.0,0.6155709369349984,0.8527722197744602,0.23494385914505705,0.3194965616711867,0.4426386279733814,"[-0.22762244333923054, 0.6975101616293446]",0.532809451951687,0.6026278385403212,0.91161020243821,"[-1.4730235075111842, 2.5386424114145583]",21.964817807899326
7991.0,24.0,0.2410679977860895,0.4449390878296226,0.4984470522077747,0.08143403876620765,0.15033051276759768,"[-0.062230199135144215, 1.0591243035506936]",-0.30815157649587466,0.6028296466821782,0.91161020243821,"[-1.468875393975196, 0.8525722409834466]",1.1770523189010904
7992.0,24.0,0.966659409933526,0.9925464158882357,0.08345070772360097,0.7945334594519097,0.8158265319354242,"[-0.5445932387629997, 0.7114946542102016]",0.7469207795521067,0.846218991189343,0.9708072590103425,"[-6.801292613076951, 8.295134172181164]",21.14697278006953
7993.0,24.0,0.7575206418508998,0.9285617085693796,0.22574514749846497,0.45352321611124524,0.5559245110459,"[-0.3645421615215222, 0.8160324565184521]",-2.60141834142307,0.055506075350150744,0.341996767406967,"[-5.264065645842013, 0.061228962995873104]",9.936686114097636
7994.0,24.0,0.17674171044864967,0.3404116148856889,0.5695929226935057,0.05278775189357827,0.10167788073130764,"[-0.006855985432767886, 1.1460418308197793]",-0.45616209086181136,0.3882060174325722,0.8128805960587455,"[-1.4923039771759454, 0.5799797954523227]",1.742410838682998
7995.0,24.0,0.2063472460512046,0.39125378470080513,0.5607279503870073,0.06550872035322233,0.1242106946401637,"[-0.035984051094672065, 1.1574399518686866]",-1.2369435674488791,0.018872400122168127,0.17698743562026764,"[-2.2694485167297223, -0.204438618168036]",4.724776394045096
7996.0,24.0,0.2798018470421754,0.5055137254601182,0.5683011555597531,0.10035943932580099,0.18137831342245683,"[-0.10958856724257215, 1.2461908783620785]",1.8122608157856082,0.0020632783287834926,0.04362110631677574,"[0.6593879901386885, 2.9651336414325278]",17.077673591903274
7997.0,24.0,0.5978379104218241,0.8402403713357678,0.37768263806602276,0.3050911979046922,0.4287205167638971,"[-0.34410095365619053, 1.099466229788236]",-0.8810759498419412,0.362693238852281,0.7974785374940215,"[-2.778232042959478, 1.0160801432755955]",3.3654622237615626
7998.0,24.0,0.0768366251189017,0.1591809097139045,0.6514602975007135,0.016278844070666605,0.033724557842690295,"[0.1200205814768136, 1.1829000135246135]",-0.6202809352585668,0.14107032606924708,0.5371946990039631,"[-1.446286048734219, 0.20572417821708566]",2.3692986468495554
7999.0,24.0,0.6126837355072848,0.850523571434712,0.31115478692761955,0.3170954717991198,0.4401047492007214,"[-0.2984264656140957, 0.9207360394693348]",-1.0632187129646828,0.27770254692602836,0.727424475322823,"[-2.9829610317162967, 0.856523605786931]",4.061196330147175
8000.0,24.0,0.5168732508790952,0.7752711127630046,0.34304558700765786,0.24350656768677748,0.3652415894506937,"[-0.23345797207051344, 0.9195491460858292]",-0.1311977733804568,0.8827928373578388,0.9768649301292893,"[-1.8753704253499939, 1.6129748785890803]",0.5011385797475996
8001.0,24.0,0.6931998197878582,0.8971305398796967,0.2578697360079677,0.38834297289448805,0.502523163009397,"[-0.32803334069499546, 0.8437728127109309]",-0.8305247922089602,0.4721899666936953,0.8594865071289722,"[-3.094751377667864, 1.4337017932499436]",3.1723710249702064
8002.0,24.0,0.8896201124997327,0.9764242262097823,0.18919544498934251,0.6278667441521962,0.6891304402943653,"[-0.5757974999359352, 0.9541883899146202]",-2.007906921829229,0.31846488296342657,0.7620600214487355,"[-5.952730806089754, 1.9369169624312956]",7.669639485061289
8003.0,24.0,0.5017404796498017,0.7621760286340601,0.3437399520710551,0.23317082087227337,0.3541476623211928,"[-0.22135030924471233, 0.9088302133868226]",-2.400409237684177,0.004342636935276341,0.06937119704914282,"[-4.049949749177294, -0.7508687261910596]",9.168887894901241
8004.0,24.0,0.40429265712039214,0.6669294904658399,0.5164202627534382,0.16973895868996702,0.2799125308211857,"[-0.22074897876155086, 1.2535895042684273]",2.4772426916268877,0.0007512967152862596,0.02170371632979328,"[1.036559305698698, 3.9179260775550775]",14.537629929343417
8005.0,24.0,0.8992207403715499,0.9792822092434281,0.14916747569895933,0.644291025386726,0.7015961568566119,"[-0.48405338656437275, 0.7823883379622913]",0.8606823801359189,0.6893901315543731,0.9373185088522442,"[-3.359930295098441, 5.081295055370279]",20.7124354744625
8006.0,24.0,0.7014477119541078,0.9013720276973887,0.2615217197923165,0.3960196553999461,0.5089834807671869,"[-0.34239265417768766, 0.8654360937623207]",1.2440931909363275,0.2762947325187075,0.7263268467894519,"[-0.9956617100191489, 3.483848091891804]",19.247914055892345
8007.0,24.0,0.7694239675782898,0.9333138859513461,0.24992542781950594,0.46663734576558136,0.566032685305169,"[-0.42297423492614766, 0.9228250905651596]",2.098561614937534,0.11949320685456252,0.5039445290928164,"[-0.5432868066117793, 4.740410036486847]",15.98408509439474
8008.0,24.0,0.27141641496472385,0.4927676379170731,0.5727410616183157,0.09625816794937384,0.17472893074854573,"[-0.1021650371758922, 1.2476471604125237]",-1.1057994868484595,0.0598315037001433,0.3539050693893698,"[-2.257387637139818, 0.04578866344289878]",4.223842905609928
8009.0,24.0,0.5876144340780427,0.831608313158849,0.3174162750683813,0.2969191961213997,0.420174601382741,"[-0.279023797042947, 0.9138563471797096]",-0.656157711929743,0.49795061590536605,0.8728067218963704,"[-2.553769692732797, 1.2414542688733108]",2.5063378392356763
8010.0,24.0,0.6152163334325764,0.8526906908282417,0.3258186598718195,0.31925675498486505,0.4423676804556811,"[-0.31534756614738785, 0.9669848858910268]",0.6383256054542157,0.529536696652486,0.8840760685883975,"[-1.3516036298846994, 2.6282548407931308]",21.561775790156034
8011.0,24.0,0.2808858402854668,0.5068311805944908,0.43883662685360114,0.10088498465159144,0.1820699957617604,"[-0.08543215631029522, 0.9631054100174975]",-0.18219917986964607,0.7730738299780961,0.9594231226648312,"[-1.4206098922056065, 1.0562115324663144]",0.6959496024850446
8012.0,24.0,0.6751032664669911,0.887749373441559,0.2222111741091601,0.3713784728063212,0.48833461250009363,"[-0.26501189127873936, 0.7094342394970595]",0.5466636960758935,0.6311578540112168,0.9220225036291709,"[-1.6850506769133164, 2.7783780690651034]",21.911898493455265
8013.0,24.0,0.6315446716940003,0.8634380815893767,0.32873584372140396,0.3328484254946329,0.4550839834490469,"[-0.33660436679552486, 0.9940760542383328]",-0.453290255908974,0.6681591405319051,0.9332201550489372,"[-2.52579465191513, 1.6192141400971822]",1.7314412371992822
8014.0,24.0,0.46773660191728966,0.730427300798314,0.39192053594153486,0.2098149589579147,0.3276781390256059,"[-0.2206030322604784, 1.0044441041435481]",0.2936487723507293,0.7213540122180251,0.9477398429831227,"[-1.320094075174835, 1.9073916198762935]",22.878344312340353
8015.0,24.0,0.4884680008138978,0.7511425508440686,0.4052652025643515,0.22398933801238252,0.34433410916584556,"[-0.2479525388459901, 1.0584829439746932]",2.2202330855557673,0.006375586094747659,0.08932686702038133,"[0.6249705484571342, 3.8154956226544003]",15.519334310823087
8016.0,24.0,0.2838806859395585,0.5113116955988487,0.5743750844421317,0.1026099032621577,0.1847828259718309,"[-0.11528583336031839, 1.2640360022445818]",2.231143999827462,0.00023617833031176993,0.009799930718330702,"[1.041804839197628, 3.4204831604572963]",15.477657688263276
8017.0,24.0,0.8700630752414287,0.9711122638619929,0.170662890366641,0.5968417260206482,0.6663573885078394,"[-0.4617117546992366, 0.8030375354325185]",-0.9670311639823943,0.6040760620881094,0.9122797909689765,"[-4.622134814843232, 2.688072486878443]",3.6937869569209747
8018.0,24.0,0.8544296962287463,0.9639324190306254,0.24436695495522856,0.5737427554126675,0.6472729641388397,"[-0.6070279269186794, 1.0957618368291364]",2.2370047914501434,0.2041189708449972,0.639272616713638,"[-1.2155791890693184, 5.689588771969605]",15.455271113290925
8019.0,24.0,0.903106895709127,0.9807517539335464,0.15488620782820417,0.6509240760388928,0.7069114639866343,"[-0.5160211930193773, 0.8257936086757857]",-2.958764045619835,0.19652198316055236,0.6294027337542577,"[-7.448862759830403, 1.5313346685907336]",11.3016461592713
8020.0,24.0,0.5890857566210259,0.8323947387608109,0.359884108352335,0.2977576158899248,0.4207993441067337,"[-0.31752966184216436, 1.0372978785468343]",1.636739998648702,0.07663906271768964,0.4042144658105994,"[-0.17512046968128647, 3.4486004669786903]",17.74811372781209
8021.0,24.0,0.8476378524266988,0.9612586214863901,0.22792216119781733,0.5639989947831384,0.6395996765515292,"[-0.5464062138947436, 1.0022505362903782]",0.41942267064342786,0.8135660828166515,0.9660181871838728,"[-3.066393567880602, 3.9052389091674575]",22.397923409335068
8022.0,24.0,0.6966667273461407,0.8991332340389525,0.27845206222437535,0.3913081428507197,0.505109258875332,"[-0.35818559960851004, 0.9150897240572607]",-1.4859704402830989,0.1858067566170596,0.6170931803954155,"[-3.6872244713477573, 0.7152835907815596]",5.675988980627887
8023.0,24.0,0.7691981749611351,0.9332266397944194,0.2082346794953673,0.46613840425238307,0.565701946908232,"[-0.3517895341233067, 0.7682588931140414]",1.6211375297361688,0.21961363020759983,0.6580089353210855,"[-0.9672338165791561, 4.209508876051494]",17.807710769056904
8024.0,24.0,0.6936505276503202,0.8973991521833242,0.27296810874326094,0.3887633704445552,0.5028348852330207,"[-0.347789690857238, 0.8937259083437599]",0.8727248410243478,0.44892260459673416,0.849596270386384,"[-1.3862307564438332, 3.1316804384925288]",20.666436662205278
8025.0,24.0,0.5284867597399926,0.7852929622276816,0.3933525165949203,0.2519505235157534,0.374424912343221,"[-0.27960508324317335, 1.066310116433014]",-1.8973472770163404,0.025020228143768666,0.21114116577019973,"[-3.5566879889474095, -0.2380065650852714]",7.247332749578358
8026.0,24.0,0.6741972860070884,0.8873352013781105,0.2819529419890133,0.3702814647832351,0.4874387229824838,"[-0.334844778225357, 0.8987506622033836]",0.09748769433023341,0.9329706364456997,0.9892015094756179,"[-2.174265010815494, 2.3692403994759608]",23.627624437361078
8027.0,24.0,0.3391371088521271,0.5885753364320151,0.5234869178608736,0.13195729865132472,0.22897327546646662,"[-0.1576046462467129, 1.2045784819684602]",-2.263710255005586,0.0005940318673992325,0.018505665651066434,"[-3.555606271552544, -0.9718142384586279]",8.646736243486895
8028.0,24.0,0.650387706986373,0.8767775010560399,0.29878887939089244,0.34891073785519444,0.470483734971945,"[-0.32639828833426104, 0.9239760471160459]",-1.5442778955459548,0.132787915878761,0.5260498262291935,"[-3.5578040271554836, 0.4692482360635739]",5.89870705400852
8029.0,24.0,0.7383295480939858,0.9203808876763722,0.24859875815170013,0.43288181255245395,0.5396855910141553,"[-0.37267291251193674, 0.8698704288153369]",1.406647526832728,0.2525763508854817,0.700620990375616,"[-1.0030585206644194, 3.8163535743298755]",18.627002229997963
8030.0,24.0,0.6399580977818926,0.8700089687940152,0.33042949478950684,0.3398323920951244,0.462168355902522,"[-0.3480747483173979, 1.0089337378964116]",-3.128055199009977,0.004065314157170705,0.06653541992096079,"[-5.261981952534692, -0.9941284454852632]",11.948290732481766
8031.0,24.0,0.7595652756492774,0.9293421569600563,0.24984200453899713,0.4555612143520168,0.557397790715792,"[-0.40641261984736715, 0.9060966289253614]",-1.8084915309731553,0.16258919896368573,0.5790263475755033,"[-4.346830933238239, 0.7298478712919287]",6.907928800660973
8032.0,24.0,0.6242827629514998,0.8584746465229646,0.38559522448464345,0.32683990394668827,0.44938801587610105,"[-0.38518864837282196, 1.1563790973421089]",2.4253212852419166,0.01800801188342771,0.17242510945059325,"[0.41575201110886884, 4.434890559374964]",14.735955092826247
8033.0,24.0,0.45140455254927153,0.7147000515346287,0.4307324133306735,0.19928796840975194,0.31552876568991756,"[-0.22697351105301194, 1.088438337714359]",-0.6007642876200237,0.4469562847664139,0.8489224398758114,"[-2.1490584397795542, 0.9475298645395067]",2.29475054418739
8034.0,24.0,0.8517933830616333,0.9630259211513128,0.19511671418303378,0.5699017972091523,0.6443208560872271,"[-0.47792857885760975, 0.8681620072236773]",-1.084727532497765,0.5287961833408756,0.8840013597459259,"[-4.460205372982428, 2.2907503079868983]",4.143353968917452
8035.0,24.0,0.5860553025640616,0.8306360712489077,0.38395374394278226,0.2954300644551967,0.41875274905059773,"[-0.33529238704374265, 1.1031998749293073]",2.8983490302812482,0.003377777591029669,0.05930666495607872,"[0.9602765740135695, 4.836421486548927]",12.929122200603311
8036.0,24.0,0.850203124325859,0.9627484139121946,0.1738027117590392,0.5675232672462123,0.6427217069606028,"[-0.4220435810313691, 0.7696490045494474]",-1.833313334548622,0.2785452807584252,0.7289852937933139,"[-5.149344348969366, 1.4827176798721227]",7.002741106312772
8037.0,24.0,0.6966841677515857,0.8991332340389525,0.33190920980516764,0.3916652826679422,0.5053745582812157,"[-0.42752241707453725, 1.0913408366848725]",-2.3477505654316295,0.04417855229914867,0.29782820915864144,"[-4.634335307074443, -0.06116582378881574]",8.967746583245667
8038.0,24.0,0.7516290118147684,0.9254053558204037,0.22744920006508174,0.4469197092680455,0.5504264800730357,"[-0.3586873765017422, 0.8135857766319057]",-1.4513567280819917,0.251838707029856,0.6999408199829238,"[-3.9337897222094695, 1.0310762660454862]",5.543774339134291
8039.0,24.0,0.8521654255908022,0.9630259211513128,0.1897617114397594,0.5704593019304618,0.6446596247377803,"[-0.46575887935308025, 0.845282302232599]",-2.11269430166302,0.22228925056984494,0.661969179779169,"[-5.5055077964531485, 1.2801191931271085]",8.069897792441989
8040.0,24.0,0.3983323903653169,0.660474863812497,0.453795668324979,0.16612812147145517,0.275457007911549,"[-0.1885018438949736, 1.0960931805449317]",-2.499072138354733,0.0006187044471970278,0.019154936445728413,"[-3.929890600856656, -1.06825367585281]",9.54575241509733
8041.0,24.0,0.9307243764119224,0.9878137795754037,0.1161684013624949,0.7042988459511794,0.7480603780681672,"[-0.4837565878003561, 0.7160933905253459]",-1.7066265715554874,0.5014784775630307,0.8731021700276606,"[-6.682971947269945, 3.2697188041589706]",6.518833317000721
8042.0,24.0,0.9759011628288581,0.9944981775987023,0.0715761955756854,0.8252123245241383,0.8411092901071637,"[-0.5636481183328614, 0.7068005094842322]",-0.8906718598769263,0.8428190457642052,0.9708072590103425,"[-9.694416697266105, 7.913072977512252]",3.402115900134355
8043.0,24.0,0.5966116618572908,0.8394704683513308,0.3296544320778612,0.3038465604422539,0.4275313922080398,"[-0.2987238254479769, 0.9580326896036993]",1.31429274801501,0.16227774818246865,0.5787366197662933,"[-0.5290384003628203, 3.15762389639284]",18.979771499605928
8044.0,24.0,0.5075219309419415,0.7667652680796819,0.48372123389672367,0.2368788954318103,0.3580394429138608,"[-0.3178148982476044, 1.2852573660410518]",0.07545615321966981,0.9315302045697423,0.9892015094756179,"[-1.6458166399385181, 1.7967289463778577]",23.711778725481363
8045.0,24.0,0.3988420778631765,0.6611007423556714,0.37186969629959316,0.1663873290766691,0.27583649878834876,"[-0.1547927836810577, 0.8985321762802441]",2.6074051895499695,0.00039683630864705883,0.014122288563952272,"[1.1646716412391016, 4.050138737860838]",14.040445810551889
8046.0,24.0,0.9358176033700916,0.9878137795754037,0.0974848742218102,0.7152697473120373,0.7553804491625697,"[-0.4262903086359654, 0.6212600570795858]",-1.5675622472631092,0.5523380134643668,0.8939184893512985,"[-6.73762903782194, 3.602504543295722]",5.987646726147929
8047.0,24.0,0.6213981219251615,0.8563921195219977,0.39442571405707944,0.3242732461264798,0.4468420092689538,"[-0.3898381033286315, 1.1786895314427903]",2.7165451514613315,0.00903796760195254,0.11075940688667328,"[0.677052001259669, 4.7560383016629935]",13.623561864302584
8048.0,24.0,0.2767944174074232,0.5008040843268016,0.4607249079864032,0.09899255414170549,0.17910720850679482,"[-0.08663084113527897, 1.0080806571080854]",0.5594663018170021,0.3640837020036538,0.7986341840478475,"[-0.6486874364915667, 1.7676200401255708]",21.862996141739565
8049.0,24.0,0.3189202478350238,0.5616770831895453,0.5994707100749158,0.12068445693195912,0.21254747610419006,"[-0.15762422902929085, 1.3565656491791225]",-1.4630812949114054,0.018396389537868867,0.17427537697329978,"[-2.6794273970573856, -0.24673519276542533]",5.58855888553059
8050.0,24.0,0.7053904487671212,0.9041965376157781,0.3059767820380103,0.3998624775499372,0.5125127884515985,"[-0.4063727539445238, 1.0183263180205444]",-1.9319293243401887,0.0941187992583656,0.4437472855179896,"[-4.193802731250074, 0.3299440825696962]",7.379426440150238
8051.0,24.0,0.5187956126265916,0.77652389257086,0.2964249012886335,0.24502253067500324,0.3667452936311978,"[-0.20333419589596236, 0.7961839984732294]",2.7569875488555793,0.0018227446707132827,0.039797918574525824,"[1.0237823726029334, 4.490192725108225]",13.469083285363832
8052.0,24.0,0.6868679147741288,0.893295601562366,0.30616353785101585,0.3820446806760178,0.49700142978284906,"[-0.38030872798836785, 0.9926358036903995]",1.4299015678571498,0.19463440646569719,0.627245911910078,"[-0.7309124599349217, 3.5907155956492214]",18.5381783361764
8053.0,24.0,0.7304771418766034,0.9159479863222322,0.19266478483947433,0.4248874123574582,0.5328409986925736,"[-0.28055556435535745, 0.6658851340343062]",0.3597624287540162,0.780327636527712,0.9596987437192043,"[-2.168532278323358, 2.8880571358313905]",22.62580874700126
8054.0,24.0,0.8522327950554647,0.9630259211513128,0.2641693889039736,0.5705491182216365,0.6446882691769903,"[-0.6486008281947959, 1.176939606002743]",-2.099938851364729,0.22480219446761474,0.6635832884002506,"[-5.490621004326027, 1.290743301596569]",8.021175561249924
8055.0,24.0,0.3197994517310506,0.5625382909455842,0.47491680503148004,0.12114390363901,0.21321426583277206,"[-0.12561597394140145, 1.0754495840043616]",-0.009939985916791017,0.9881714840338653,0.9975484393638858,"[-1.3240379798255757, 1.3041580079919937]",0.03796794943010677
8056.0,24.0,0.45744686878962126,0.7206157353333668,0.3081988631469854,0.20319649086358926,0.320095291215484,"[-0.16650444870422393, 0.7829021749981948]",2.1163370974300486,0.006120234832453254,0.08723659878279541,"[0.6031896305165303, 3.629484564343567]",15.916187752686087
8057.0,24.0,0.6261147295612801,0.8600477054413188,0.25334946782243284,0.32838718275847545,0.4510193417916158,"[-0.25470483798715604, 0.7614037736320217]",0.7608409400904961,0.4579549734428484,0.8526437785195464,"[-1.2482990638238887, 2.769980944004881]",21.09380168346991
8058.0,24.0,0.9831223443224532,0.9954747198059007,0.06168494831779521,0.853618535067675,0.864686522556397,"[-0.5935889173852058, 0.7169588140207963]",-2.7187405032275045,0.6248552312343723,0.9195245607783346,"[-13.616167489383832, 8.178686482928823]",10.384823761747306
8059.0,24.0,0.6294739764777929,0.8619331726274887,0.37650262066277485,0.33086997296263077,0.4531547963858674,"[-0.38240279557518875, 1.1354080369007384]",3.111820977361227,0.003593582550984233,0.06206910268078874,"[1.017217206844613, 5.206424747877841]",12.113719426461786
8060.0,24.0,0.05866477490922389,0.12400079245238614,0.7948499784181275,0.01100721259321407,0.0232661437184825,"[0.18210824352699517, 1.40759171330926]",-1.1191539328833677,0.003568441863858929,0.061952115691995296,"[-1.8719030082101504, -0.36640485755658503]",4.274853131978958
8061.0,24.0,0.7372872231825203,0.9195400638345227,0.27247241568333136,0.43194409125993094,0.538717998578113,"[-0.40707589553489, 0.9520207269015527]",-0.4094152126700443,0.7539752472492848,0.9552799279805988,"[-2.96982967068289, 2.1509992453428013]",1.5638509169629713
8062.0,24.0,0.191268414135232,0.36571398496220264,0.5641864732631459,0.059025227924738126,0.11285894440676505,"[-0.021503153840731315, 1.149876100367023]",0.8122707552740067,0.12435616064008069,0.5107259184944607,"[-0.22370013899202967, 1.848241649540043]",20.89735426005971
8063.0,24.0,0.9717607007217696,0.9936899468403179,0.10554765517499105,0.8107084963018876,0.8291148458804332,"[-0.7581647916466618, 0.969260101996644]",-1.570644424416174,0.6958368303223703,0.9388952763058601,"[-9.444885586454532, 6.3035967376221835]",5.999419775653413
8064.0,24.0,0.9840679400553018,0.9954747198059007,0.06455475978453049,0.8578129001010737,0.8680559604341973,"[-0.641661750847915, 0.770771270416976]",2.271843432921573,0.6820567876181632,0.9356843168376249,"[-8.597541456163242, 13.141228322006388]",15.322197305272102
8065.0,24.0,0.6517600058626716,0.8774230720944142,0.29544881745184504,0.350159943899072,0.47146888905220413,"[-0.32435424068438923, 0.9152518755880793]",1.3923890651408977,0.17745310114881674,0.6035819766966556,"[-0.6311571825129394, 3.4159353127947347]",18.681465541817353
8066.0,24.0,0.1875208233059354,0.3593041258975577,0.5899728563790001,0.05739783491875887,0.10997860685717353,"[-0.018533405366721212, 1.1984791181247214]",2.51201208098004,2.387214676611582e-06,0.00033570155708653347,"[1.4683621454731342, 3.555662016486946]",14.404820644931236
8067.0,24.0,0.3458746400884392,0.5978818324778552,0.46251610860366543,0.135636844355992,0.23446299802245807,"[-0.14497083512064757, 1.0700030523279784]",-1.0546129512395597,0.10847541677079041,0.4815462434941741,"[-2.342398493184027, 0.23317259070490803]",4.02832474172419
8068.0,24.0,0.7571842526660548,0.9282631514846816,0.3148982640002844,0.4532078307541647,0.5556060202944277,"[-0.5079353555513669, 1.1377318835519357]",-2.491952724843598,0.0643169575798534,0.36921330413233866,"[-5.132060841928391, 0.14815539224119512]",9.518558258644234
8069.0,24.0,0.7465020883633325,0.923874330742168,0.2777108733873033,0.4414931307331297,0.5464885482209427,"[-0.4294756914441589, 0.9848974382187656]",-2.924909075121734,0.029707336741003818,0.23577251381749062,"[-5.561888718590177, -0.287929431653291]",11.172329697599228
8070.0,24.0,0.9144461516236766,0.9842673633976802,0.13075630814803055,0.6717305494309238,0.7230684062765595,"[-0.4739942863071954, 0.7355069026032565]",1.702479486066565,0.45399274099614895,0.8513061878916909,"[-2.7538629624944333, 6.158821934627563]",17.49700738271896
8071.0,24.0,0.5808088220253806,0.8280770846332681,0.38501073987508483,0.29123844163871304,0.41524486081807654,"[-0.32997974443940814, 1.1000012241895778]",-1.6702964728506648,0.06715867746111119,0.3775080239522832,"[-3.4586182692506995, 0.11802532354936979]",6.380062561995386
8072.0,24.0,0.17658325008005318,0.34022497561725595,0.6019288919822836,0.05269170075491313,0.1015254349805648,"[-0.006998118059931002, 1.2108559020244982]",1.9410953840871965,0.00010925121711127671,0.005937566147351995,"[0.9577901156172921, 2.924400652557101]",16.58556179063188
8073.0,24.0,0.7132836307430652,0.9082242929593717,0.2456708040853313,0.4077308817955674,0.5190717782247835,"[-0.3359329833798499, 0.8272745915505124]",1.0060924184339788,0.3971416138772962,0.8180053838873248,"[-1.3227350900858212, 3.334919926953779]",20.157010041574864
8074.0,24.0,0.40445736516286707,0.6670744592943827,0.3830169491656549,0.16954878812312768,0.27969117143373096,"[-0.16348081146578564, 0.9295147097970954]",-1.4931376518072295,0.03312771856027121,0.25192181414654913,"[-2.8667363822721352, -0.11953892134232369]",5.7033657120419
8075.0,24.0,0.9599154359144451,0.9918311520199155,0.0928481327026482,0.7746573281944202,0.8005139280711173,"[-0.5428013302704705, 0.728497595675767]",2.9849970518935076,0.4100235494164416,0.8261870702682022,"[-4.116382046004395, 10.086376149791409]",12.598151137833923
8076.0,24.0,0.7429361615535017,0.9233543095781701,0.24465648354614075,0.4379562901470605,0.5442479062346968,"[-0.3735586211160288, 0.8628715882083103]",-2.158148413688009,0.08932055500044918,0.4346473830775909,"[-4.6477960209321925, 0.33149919355617463]",8.243519711145103
8077.0,24.0,0.9459453742547423,0.9901985232007054,0.11167573080461367,0.7385347025904541,0.7733324937440417,"[-0.5440584707067521, 0.7674099323159794]",-1.6429217188376493,0.5688920044287096,0.9002880272649305,"[-7.295295787563029, 4.009452349887731]",6.275498703985079
8078.0,24.0,0.9715935080913006,0.9936899468403179,0.078330477939963,0.8102368978772629,0.8287172935228219,"[-0.5610358462601281, 0.717696802140054]",2.025956898527263,0.6184198490170616,0.9174210890671123,"[-5.94608422656909, 9.997998023623616]",16.261414682598257
8079.0,24.0,0.239993890831964,0.44336576913350084,0.5265570510459353,0.08106876046225307,0.14976678452291348,"[-0.0650291079828762, 1.1181432100747468]",-0.873102625130139,0.12517701350449403,0.5121851406335655,"[-1.989085585435266, 0.24288033517498797]",3.335006366783321
8080.0,24.0,0.9831911174436134,0.9954747198059007,0.06700059771167555,0.8539151395069,0.8648993613966374,"[-0.6462025335601739, 0.780203728983525]",1.9874181270393478,0.707270531825987,0.943613748991825,"[-8.38545870292533, 12.360294957004026]",16.40862194619003
8081.0,24.0,0.8228298445409602,0.952756738845726,0.19941104996861747,0.5306635288558845,0.614511623143819,"[-0.42394231394464543, 0.8227644138818804]",2.0306265572553137,0.1924985646083568,0.6244437368203832,"[-1.0233053047597007, 5.084558419270328]",16.24357790013934
8082.0,24.0,0.8033690543690866,0.9465322931489172,0.21236997509028646,0.5060522706154871,0.5964055771048851,"[-0.4135536972258951, 0.838293647406468]",-0.13653468578439742,0.9302800605362733,0.9892015094756179,"[-3.195118221555535, 2.9220488499867403]",0.5215240835060541
8083.0,24.0,0.3764844912589339,0.6350952956459749,0.47419780808087575,0.15311824184258113,0.2581659784902734,"[-0.17637504684290062, 1.1247706630046521]",1.0545290264477938,0.12441423630426902,0.5107259184944607,"[-0.2906257680230777, 2.399683820918665]",19.97199582736679
8084.0,24.0,0.4173349956372577,0.6804744751952677,0.43456038924891877,0.17757080401241476,0.2895885276874591,"[-0.19715375681994468, 1.0662745353177823]",-1.9345869283259933,0.007266535037412792,0.0975373830525207,"[-3.347101724083519, -0.5220721325684676]",7.389577739617154
8085.0,24.0,0.4863672827052579,0.749161830830262,0.34086171861821046,0.22257531862485302,0.3427095101543083,"[-0.2068729058879939, 0.8885963431244148]",-0.7257322893266771,0.3782430442076997,0.806648763487628,"[-2.340018460177167, 0.888553881523813]",2.7720931489857175
8086.0,24.0,0.992527721895689,0.9971144483581366,0.03887314855054853,0.9025207674453537,0.9066915485687701,"[-0.5831994370450896, 0.6609457341461867]",0.24759042099214312,0.9766134805118347,0.9955285224381598,"[-16.306075997470725, 16.80125683945501]",23.05427425528553
8087.0,24.0,0.831899565147633,0.9548988819733071,0.2018919439592984,0.5423959177773148,0.6226588836408568,"[-0.4476564735315878, 0.8514403614501846]",-1.7482929347277025,0.2695163691564091,0.7202045575339596,"[-4.851591788321162, 1.3550059188657575]",6.677987100829204
8088.0,24.0,0.20989888897084463,0.3965593972621285,0.5323142729176596,0.06702481923194947,0.12667703502541952,"[-0.03733491767426478, 1.101963463509584]",-1.6860455650754833,0.001346493138374493,0.031907420340627796,"[-2.716834861563368, -0.6552562685875984]",6.440219663038346
8089.0,24.0,0.8813141721352021,0.9738286863682684,0.18382428940430084,0.6142046364262412,0.678754156731397,"[-0.5309203017053278, 0.8985688805139295]",1.7399954056373357,0.36307658110994134,0.797970507933937,"[-2.0096027895373147, 5.489593600811986]",17.35370712565513
8090.0,24.0,0.9841180635823283,0.9954747198059007,0.05799161618854024,0.858038940795343,0.8681968438686057,"[-0.5774464142648426, 0.693429646641923]",-0.7586306708333304,0.8922813196781795,0.9795465253756226,"[-11.738616863684957, 10.221355522018296]",2.897755709861882
8091.0,24.0,0.42230121195873865,0.6862223138751035,0.38369308293774645,0.18052175268867232,0.29338818899507935,"[-0.17787542156605213, 0.9452615874415451]",-0.0997725476619955,0.8976227281942318,0.9809012437921886,"[-1.619615507792052, 1.420070412468061]",0.38110305948667944
8092.0,24.0,0.7255327363397549,0.9141145726845847,0.23025028993797866,0.4197045407226989,0.5288615684509815,"[-0.3290052458599989, 0.7895058257359563]",-3.1021364068318236,0.015995749479397477,0.16099945984822084,"[-5.626023516704098, -0.5782492969595485]",11.849288239022775
8093.0,24.0,0.4355024774176999,0.6987044399449701,0.4436302340669642,0.1890519073306952,0.3033028089388107,"[-0.21839700331860445, 1.105657471452533]",0.530835230594767,0.49382153140503804,0.8710087226182522,"[-0.9897027169111827, 2.0513731781007167]",21.972358778004402
8094.0,24.0,0.36204329045031847,0.6169790225806382,0.46324971223465256,0.1448316562828009,0.24681604683503902,"[-0.15947503002195057, 1.0859744544912557]",0.9214574282672903,0.17463013101734082,0.5992939230271134,"[-0.4089704114027364, 2.251885267937317]",20.480291890620364
8095.0,24.0,0.21047292932733333,0.397492334967148,0.44720115186615744,0.06729595110394285,0.12711739913853956,"[-0.03184011292140548, 0.9262424166537204]",-0.17928418993602957,0.7516792638322637,0.9552799279805988,"[-1.2897829189356131, 0.931214539063554]",0.6848151611170882
8096.0,24.0,0.34688448412113787,0.5992131354657763,0.44309214363990806,0.13608566174932454,0.23507628562674823,"[-0.13955044412412326, 1.0257347314039393]",-1.8810155988679478,0.003817529982469015,0.06425078648569801,"[-3.15543761960775, -0.6065935781281455]",7.184950334227096
8097.0,24.0,0.6542246348907865,0.8780360151533841,0.28131578595375156,0.35232215826948454,0.47297913581619616,"[-0.31149366385136507, 0.8741252357588682]",0.15038173478703154,0.8927525126084483,0.9795465253756226,"[-2.035778621941116, 2.336542091515179]",23.42558408538983
8098.0,24.0,0.45168678311382077,0.7149159265842134,0.3518455673416015,0.19946207187074594,0.31570445057098123,"[-0.185612428537198, 0.8893035632204009]",2.5601482461031635,0.0012157988714747861,0.03030656505256838,"[1.0091221212476646, 4.111174370958662]",14.220954038031248
8099.0,24.0,0.3839032733607338,0.6441330089945199,0.5449341123737381,0.15743047823840284,0.2640903248843654,"[-0.21053098637634104, 1.3003992111238172]",-2.6967877035502976,0.00019813814227607798,0.008619724975569407,"[-4.117123388207142, -1.2764520188934527]",10.300970243747297
8100.0,24.0,0.9715513845848076,0.9936899468403179,0.08384201532571055,0.8101381294509659,0.8287010325807752,"[-0.6001488636516485, 0.7678328943030697]",-0.6456876591765912,0.8780133058163078,0.9766268042296392,"[-8.890781871347327, 7.599406552994145]",2.4663451836333476
8101.0,24.0,0.6873470809846656,0.8933280599697424,0.34988124177072,0.38279984515203025,0.49746568570764166,"[-0.43585961728169675, 1.1356221008231366]",-0.6662722544414148,0.5644570037697288,0.8973879233223034,"[-2.9324862325019625, 1.599941723619133]",2.5449725457439727
8102.0,24.0,0.83481091849811,0.9558174015320701,0.2698907585711319,0.5462508332065552,0.6255019274093155,"[-0.6067863871350423, 1.146567904277306]",-1.5325400910919456,0.33661023046644833,0.7770308561449937,"[-4.658538369203402, 1.5934581870195106]",5.853871943610881
8103.0,24.0,0.19834877746866508,0.3776633234361483,0.7572388147632463,0.06204346002494239,0.11813301604139831,"[-0.03813777250748396, 1.5526154020339766]",-0.49173096004111905,0.3690733825273653,0.8015351118430442,"[-1.5647256135744112, 0.5812636934921731]",1.8782739110848168
8104.0,24.0,0.7971592680241624,0.9445015023982967,0.24883342682853535,0.4985111340224646,0.5907930007376921,"[-0.47173378052734527, 0.969400634184416]",3.1191618618422883,0.042200338606951514,0.29103681797897596,"[0.10989418479907753, 6.128429538885499]",12.085679313217927
8105.0,24.0,0.6738152521758487,0.8873352013781105,0.3571316554897996,0.37024418638582446,0.4874387229824838,"[-0.42406548425802254, 1.1383287952376218]",-2.4993146822127916,0.026743759074940344,0.21849476368415316,"[-4.7106200168527295, -0.2880093475728538]",9.546678864391568
8106.0,24.0,0.8165169762297506,0.9510972349793251,0.17355182145988468,0.5224120451325047,0.6085172337012286,"[-0.3582468689906988, 0.7053505119104682]",0.13787627568093175,0.9322737289583961,0.9892015094756179,"[-3.041910593118245, 3.3176631444801084]",23.473351420566694
8107.0,24.0,0.09488744694382435,0.19345045248486106,0.737160837127867,0.021957731348167066,0.044766017019708594,"[0.1065424486944675, 1.3677792255612664]",-0.3483921027510597,0.43834343943420595,0.8451378487968474,"[-1.2294780510716854, 0.5326938455695661]",1.3307598068882558
8108.0,24.0,0.730718577545262,0.9159479863222322,0.22268557461213362,0.4250662733173719,0.5329316365563841,"[-0.32448270022728404, 0.7698538494515512]",0.2529653742050275,0.8453123786083376,0.9708072590103425,"[-2.2882730093549415, 2.7942037577649965]",23.033743446340292
8109.0,24.0,0.41329614545149895,0.6769797632293185,0.45014677085353816,0.17517548740782374,0.28689074256112634,"[-0.2006109937292876, 1.100904535436364]",-0.517014858516287,0.4918968095484312,0.8697731756428894,"[-1.9913896318211863, 0.9573599147886123]",1.9748512892357757
8110.0,24.0,0.9267810935335986,0.9869873200570806,0.14034056300333123,0.6961474011213803,0.7413710342080728,"[-0.5639972476550048, 0.8446783736616672]",0.3455665964488457,0.8957666122772934,0.9799823477491091,"[-4.824214005909581, 5.515347198807272]",22.680032832185375
8111.0,24.0,0.8444187929023395,0.9601935496068575,0.19722941244294231,0.5595416872312673,0.6362043061185529,"[-0.4652345307150698, 0.8596933556009545]",-2.039931188651714,0.22332801040239048,0.662664232788248,"[-5.323256642678457, 1.243394265375029]",7.791963173789903
8112.0,24.0,0.6214909417183214,0.8564020142184393,0.3755533996178284,0.324164796425074,0.44675412958251653,"[-0.3710179382035962, 1.1221247374392531]",-1.4637489730193254,0.13401387411830254,0.5280294488506798,"[-3.3783119114389004, 0.45081396540024943]",5.591109228041064
8113.0,24.0,0.8353434467967145,0.9560987144291112,0.19566648433393433,0.5472168093194237,0.626321173537168,"[-0.4414433228243563, 0.8327762914922249]",-0.9839097714034608,0.5477566622832517,0.8927601284913879,"[-4.191940337377213, 2.224120794570291]",3.7582584882066614
8114.0,24.0,0.4467451826504277,0.7094800909175104,0.38626328765594165,0.1963015412806134,0.31173819482390563,"[-0.19962529785253003, 0.9721518731644133]",0.6710667661081606,0.39001021508576694,0.813966605760538,"[-0.8590268458389116, 2.201160378055233]",21.436713768700642
8115.0,24.0,0.4544926601846208,0.7179510116091645,0.408611497404179,0.2013352956578589,0.317964775201925,"[-0.21816192678633972, 1.0353849215946977]",-0.7331617396471559,0.35079297415634425,0.789522443778543,"[-2.273236856401873, 0.806913377107561]",2.800471558816754
8116.0,24.0,0.6230869264184702,0.8573017699758808,0.2937453788517235,0.3255767542624729,0.4480825134358284,"[-0.2919045188829819, 0.879395276586429]",2.8762808431181295,0.006232898896087009,0.08815981465469602,"[0.8152757672270301, 4.937285919009229]",13.013416466333409
8117.0,24.0,0.9588660095883902,0.9917935556354884,0.100722398133053,0.7718819235468695,0.7983884190596499,"[-0.5802111794164908, 0.7816559756825967]",0.898505828949201,0.7927460094152345,0.9628316126547152,"[-5.803921700011795, 7.600933357910197]",20.56796054222049
8118.0,24.0,0.9551620894226315,0.9911597957501838,0.10917420785804564,0.7617446377920123,0.7906836597384391,"[-0.596578342336668, 0.8149267580527593]",-0.17212449429655585,0.9598593309154966,0.9938808419181301,"[-6.875026963082755, 6.530777974489643]",0.6574671382677507
8119.0,24.0,0.8764705676097704,0.9725797022127185,0.18621699662225905,0.6066759587658442,0.6732615234334083,"[-0.5227214986994364, 0.8951554919439544]",2.683280556750414,0.17719039887344545,0.6032313583807511,"[-1.213942835108345, 6.580503948609174]",13.750623256579166
8120.0,24.0,0.38684195521455306,0.6471883548332968,0.5713456116843536,0.15927871963393092,0.2664414848342772,"[-0.22426049342368803, 1.3669517167923952]",0.8806383925415435,0.21182642458042444,0.6501731877852194,"[-0.501770900492303, 2.26304768557539]",20.6362091220123
8121.0,24.0,0.8250731496356287,0.9534045377495961,0.2650322920795908,0.5333842806963569,0.6164154405366427,"[-0.5689650563670344, 1.0990296405262159]",-1.6277257765845246,0.29218692389960965,0.7412149261786141,"[-4.6564680108200225, 1.4010164576509734]",6.2174544801965075
8122.0,24.0,0.7257908461962395,0.9142171539604447,0.2673235761346704,0.4202585821785704,0.5292997415570658,"[-0.3827537430649919, 0.9174008953343327]",-2.1617067332891358,0.07708132208043209,0.40478983322809736,"[-4.558290455908423, 0.2348769893301519]",8.257111490831985
8123.0,24.0,0.3236520398386524,0.5680098979267328,0.5054216416757333,0.12323280115264759,0.21631174504589712,"[-0.1372690642360438, 1.1481123475875106]",-0.11240221121918736,0.8674706681565797,0.9734244302898619,"[-1.4326004670154773, 1.2077960445771025]",0.42934482071983116
8124.0,24.0,0.690341304265178,0.8955004595475133,0.2740685113103219,0.38546727070069575,0.5000224032957526,"[-0.3448794981211816, 0.8930165207418255]",2.743152885820529,0.02047487021496873,0.1866442134454761,"[0.42323447619029864, 5.06307129545076]",13.521927805556764
8125.0,24.0,0.7064294116801526,0.9042204855699142,0.266678604561964,0.40073559120088686,0.5131081402393942,"[-0.3553318019951085, 0.8886890111190365]",-1.4693320310999276,0.19980209004673966,0.6334879202496502,"[-3.7154928418930555, 0.7768287796932003]",5.612434939027391
8126.0,24.0,0.3562270624540518,0.6112338065443579,0.498527170607529,0.1412882337061251,0.24251327446983365,"[-0.16570683224055233, 1.1627611734556103]",0.19399695295310604,0.7830195614146074,0.9605790545529682,"[-1.186707926566239, 1.574701832472451]",23.258986223825936
8127.0,24.0,0.13650838291991857,0.26956631698246164,0.5172415949893853,0.03667196314320631,0.07241698882939636,"[0.03204194507681035, 1.0024412449019602]",-0.13154275644080826,0.7911477099329742,0.9628316126547152,"[-1.1051041771921328, 0.8420186643105162]",0.5024563179717093
8128.0,24.0,0.7786621382741783,0.9369054725955701,0.2476685010416434,0.4770866863878874,0.574091990506686,"[-0.4350657353575571, 0.9304027374408439]",-1.0375952601059684,0.45231058251075706,0.8510636664122461,"[-3.7434687708689793, 1.6682782506570426]",3.963321949790058
8129.0,24.0,0.7432363297344186,0.9233896505583533,0.31200804320802106,0.4382902634848026,0.5444599546395062,"[-0.47697075847625675, 1.1009868448922988]",0.6286252231767104,0.6301675967924403,0.9216640993393094,"[-1.9302655488280611, 3.187515995181482]",21.598828521100337
8130.0,24.0,0.09981423431471101,0.20242189072137703,0.6172308073332531,0.023630979213743988,0.04792329996703303,"[0.08267079643696429, 1.151790818229542]",-2.0949966321396385,1.3448188651368987e-06,0.0002101279476776404,"[-2.9445945541722582, -1.2453987101070187]",8.002297674381518
8131.0,24.0,0.9116785612986394,0.9837402730272814,0.1789369740271339,0.6665846202010438,0.7193876755892983,"[-0.6350773259173393, 0.9929512739716072]",1.2626465601413557,0.5745596267417784,0.9017816319235349,"[-3.145915086977644, 5.671208207260356]",19.177045405812603
8132.0,24.0,0.8709402086289647,0.9711122638619929,0.1668786961863178,0.5981102502527349,0.667181650037616,"[-0.4536180154532985, 0.7873754078259341]",-1.1221098315962301,0.5446150671724458,0.8913963247933143,"[-4.752214147479766, 2.507994484287306]",4.286143833373303
8133.0,24.0,0.961282752537702,0.9918311520199155,0.1261660247647573,0.7785220602223505,0.803262546659462,"[-0.7530686983041022, 1.0054007478336167]",1.3801914000077264,0.6874727139164054,0.9372486972514004,"[-5.344173191641491, 8.104555991656945]",18.728057190620326
8134.0,24.0,0.6926401240995563,0.8968537150065471,0.3033606167724007,0.3877755786786079,0.5021048539150692,"[-0.38507811197098846, 0.9917993455157899]",-0.6152915510368926,0.5998440257982025,0.91161020243821,"[-2.9139804860874423, 1.6833973840136571]",2.3502406029648157
8135.0,24.0,0.6948142894215967,0.8981570442368108,0.25202775061390464,0.3896274164874829,0.5036548817056398,"[-0.32215473676989764, 0.826210237997707]",0.2769646104579717,0.8176253296917537,0.966095377463714,"[-2.0770680896071156, 2.630997310523059]",22.94207311641822
8136.0,24.0,0.1552785887955751,0.3031600718382958,0.7712954626615889,0.0440211041512067,0.08594514672238715,"[0.020652937699510376, 1.5219379876236674]",-0.4142258815974724,0.41633837431638465,0.8288815882747501,"[-1.4130910778823917, 0.5846393146874469]",1.5822263187080616
8137.0,24.0,0.8455644379373032,0.9603230413825136,0.24860139931626102,0.5610653148908603,0.6373024244488538,"[-0.5896635571403066, 1.0868663557728286]",0.3523188280111036,0.8423616855095386,0.9708072590103425,"[-3.1198992021128324, 3.8245368581350396]",22.654241207464548
8138.0,24.0,0.8345399497279229,0.9558174015320701,0.18665145336527428,0.5460605215495389,0.6254988792090937,"[-0.41935482472633495, 0.7926577314568835]",2.008018426534175,0.21406277908032467,0.6531442092239284,"[-1.1595752848289869, 5.175612137897337]",16.329934598339428
8139.0,24.0,0.6009797568112452,0.8420621504991526,0.3755141521859859,0.30763429092847194,0.4310414612981252,"[-0.3459083515833395, 1.0969366559553113]",-0.7279084782923864,0.4596996021314156,0.8538254125769235,"[-2.657563762511402, 1.2017468059266296]",2.780405578529589
8140.0,24.0,0.6059021677353812,0.8459734551840205,0.3329879672723509,0.31134957257120843,0.4347312650308919,"[-0.31166642928381705, 0.9776423638285189]",0.2317120323661337,0.8206980231554251,0.966095377463714,"[-1.772050087565868, 2.2354741522981354]",23.114925232201454
8141.0,24.0,0.7371314326444627,0.9195400638345227,0.28664561880294553,0.43169211375619476,0.5385380660631173,"[-0.4278596970968928, 1.0011509347027838]",0.2725969039510687,0.8356926734962482,0.9708072590103425,"[-2.3034120162951623, 2.8486058241973]",22.95875652635138
8142.0,24.0,0.47005212427308607,0.7329676037316172,0.42260006047408366,0.2112534371965199,0.3294143726750661,"[-0.23995774732943226, 1.0851578682775995]",-3.0928966690359556,0.00019825367443809637,0.008619724975569407,"[-4.721918207112722, -1.4638751309591886]",11.813995040388725
8143.0,24.0,0.40922690241698556,0.6724407750276243,0.5200233219268745,0.17246612739004685,0.28347489709080675,"[-0.22703397343821952, 1.2670806172919686]",0.12740736781548812,0.8669994072227747,0.9734244302898619,"[-1.3636791178984742, 1.6184938535294504]",23.513339703020108
8144.0,24.0,0.4887307602089567,0.751315542212078,0.4867578049852814,0.22385175006764524,0.3442284331349304,"[-0.29757896518988974, 1.2710945751604525]",-1.5967899061894988,0.043555298502742826,0.2966982186835342,"[-3.147392028989033, -0.046187783389964654]",6.099288159583262
8145.0,24.0,0.3135466358917509,0.5536758535965935,0.44460734116673023,0.1178612658757057,0.20812513839962157,"[-0.11262926147599422, 1.0018439438094546]",-1.32613301264628,0.03191574219543197,0.24634597741709263,"[-2.5376064144056985, -0.11465961088686161]",5.065454979840058
8146.0,24.0,0.8855219021934693,0.9750468729575443,0.18785147647248063,0.6211578570602286,0.6840748092884239,"[-0.5571397339174038, 0.9328426868623652]",-1.0629524633452299,0.591902913365834,0.9081832229017933,"[-4.9492130690581835, 2.823308142367724]",4.060179331514401
8147.0,24.0,0.6828799146842555,0.8910965411863737,0.32007249239845337,0.3784466924301001,0.49389428468211904,"[-0.3921864512136779, 1.0323314360105846]",0.3653354780256439,0.7545198368492412,0.9553874318273853,"[-1.9246493603645698, 2.6553203164158576]",22.60452126684908
8148.0,24.0,0.7706243316203969,0.933637426242303,0.24279858226307266,0.46784263296189665,0.5667969889763116,"[-0.4126843468806886, 0.8982815114068339]",-0.30917585702207884,0.8277937298557445,0.9680100726843118,"[-3.0948505870985676, 2.47649887305441]",1.1809647823136862
8149.0,24.0,0.36745934103063366,0.6233030854430791,0.48210565313073533,0.14778663509913667,0.25074081285907135,"[-0.17072957106679737, 1.134940877328268]",1.2218829107902858,0.06853734748514723,0.3813987060943084,"[-0.09291392123726894, 2.5366797428178405]",19.332751076837102
8150.0,24.0,0.6793318631320004,0.8886644746139917,0.31156878597108195,0.37502106369368715,0.49067259413016767,"[-0.376807365424051, 0.9999449373662149]",0.13464086674357034,0.9083724271062562,0.9846240597956871,"[-2.1582370413553127, 2.4275187748424534]",23.485709772374005
8151.0,24.0,0.8417064079922313,0.9590396422312353,0.20286381339354267,0.5557486662564417,0.6332497347965967,"[-0.4719960799833459, 0.8777237067704312]",-1.1918515449040754,0.4702343403056477,0.8584731734461428,"[-4.426851081245749, 2.0431479914375985]",4.552537555276696
8152.0,24.0,0.8437979939077882,0.9598903733852996,0.21808968425337064,0.5587713611547704,0.6356520775115038,"[-0.5130061625137963, 0.9491855310205375]",-2.2508161154451916,0.18463760253355044,0.61641101515701,"[-5.576222436663529, 1.0745902057731458]",8.59748425833601
8153.0,24.0,0.6756230008345732,0.887749373441559,0.2930715203475618,0.37178004387620955,0.4885210680972627,"[-0.3500606086516842, 0.9362036493468078]",1.1404980401930018,0.2962536659513252,0.7463117737752201,"[-0.9996005577494071, 3.280596638135411]",19.64361838359995
8154.0,24.0,0.7818829425707079,0.9388462552556966,0.23119894916999975,0.48079753880593334,0.5772878155014293,"[-0.41153651126098034, 0.8739344096009798]",0.5557689752475667,0.7000862570737312,0.9400237903147177,"[-2.272049758793012, 3.3835877092881455]",21.87711888893358
8155.0,24.0,0.28563824315637154,0.5137378474035459,0.49088277662545293,0.10328465642143134,0.1857637705421427,"[-0.09968409311587839, 1.0814496463667842]",3.0033202105146355,2.417051211023041e-06,0.00033570155708653347,"[1.7548804379557676, 4.251759983073503]",12.528161827411298
8156.0,24.0,0.8958259735858409,0.9784880399724428,0.22108810465982612,0.6383876935148631,0.6973865998632982,"[-0.7009691146721633, 1.1431453239918155]",-2.1307613480961205,0.3085422314859043,0.7548684698944141,"[-6.231983386996769, 1.9704606908045283]",8.138908826367558
8157.0,24.0,0.8107862368281697,0.9482278699781302,0.20866787760440159,0.5151824757532513,0.6026395950896898,"[-0.41977130108406363, 0.8371070562928669]",-0.0032595388511982293,0.9983713609753647,0.9998296237857246,"[-3.133078201525566, 3.1265591238231694]",0.012450521288838626
8158.0,24.0,0.7551054393085408,0.9271062554702402,0.1901824811352166,0.45072556012404075,0.5534029153141813,"[-0.30404699184107653, 0.6844119541115097]",2.8846366325960755,0.03538525042274791,0.2617252250203248,"[0.1973773742455074, 5.571895890946644]",12.981499701560999
8159.0,24.0,0.5563896907253202,0.8089411031191047,0.3422275664416937,0.2726326713205839,0.3963836454210292,"[-0.26920498308441976, 0.9536601159678072]",-0.4037678996436309,0.6662378120554411,0.9328491125039879,"[-2.238544507163351, 1.4310087078760891]",1.5422797701627884
8160.0,24.0,0.8968327782959081,0.9786020165880102,0.20852322733047887,0.6399341509594251,0.6983893386002674,"[-0.665153542607496, 1.0821999972684537]",-1.4306395537943715,0.4874000752273212,0.8690320147748305,"[-5.4683703966694015, 2.6070912890806586]",5.464640562459786
8161.0,24.0,0.6586354689257198,0.8801370318216546,0.28373433850474095,0.3565050747359091,0.4764199849470922,"[-0.3193913779205745, 0.8868600549300564]",2.1504565764419503,0.044055945423594124,0.29782820915864144,"[0.05723792844427722, 4.243675224439624]",15.785860942914944
8162.0,24.0,0.8665027546179737,0.9700019641978883,0.18621483985153245,0.5913567821731303,0.661991248374712,"[-0.4936029128757, 0.8660325925787649]",-1.1654738071345765,0.5205377558819193,0.8830050096912935,"[-4.7206914705316425, 2.389743856262489]",4.451782018790355
8163.0,24.0,0.6841371985923318,0.8920813647050877,0.31603015365225895,0.37969962387565126,0.49510969340937705,"[-0.38908431117668973, 1.0211446184812076]",2.0524900497064964,0.06532423520527376,0.3726425282673917,"[-0.13022030595662182, 4.235200405369614]",16.160065510614746
8164.0,24.0,0.6063189241431451,0.846007572971889,0.3190083856335994,0.3119678903770484,0.43528378732670353,"[-0.2993716637646235, 0.9373884350318222]",-0.7098965970546187,0.4754519752442733,0.8615157119619586,"[-2.6595891136582877, 1.23979591954905]",2.711605260128592
8165.0,24.0,0.8250762869685004,0.9534045377495961,0.20666543096267687,0.5334568176679529,0.6164280305846463,"[-0.44377971785611037, 0.8571105797814641]",-2.886353410822531,0.08219289844073618,0.4177716115579986,"[-6.141139242776731, 0.36843242113166985]",11.02505790822139
8166.0,24.0,0.41160100201646777,0.6756418286547403,0.46637054994363175,0.1739274749081171,0.2855014361590892,"[-0.20589171056558114, 1.1386328104528447]",-0.1515429094151317,0.8425586939216421,0.9708072590103425,"[-1.6469418293462104, 1.343856010515947]",0.5788512749746929
8167.0,24.0,0.4736319881927823,0.7367815710596752,0.4334626912653516,0.2139656877830599,0.33270982395126714,"[-0.25016785604193786, 1.117093238572641]",2.4536991211851116,0.0024727643907866068,0.048868861477996184,"[0.8647625740892626, 4.04263566828096]",14.6275597440756
8168.0,24.0,0.7504001226775692,0.9250558844638718,0.25939613571485315,0.44566223315983167,0.5495249213517944,"[-0.4072215709816, 0.9260138424113062]",2.8912623044410806,0.03301655201811192,0.25165054891853594,"[0.23315547383191682, 5.549369135050244]",12.956191499350505
8169.0,24.0,0.977853949355684,0.9948196093691711,0.07709057584409221,0.8323914547124995,0.8470453390785586,"[-0.6368482087557754, 0.7910293604439598]",2.062501425181468,0.6556668628007307,0.9301211184160023,"[-7.003198592283146, 11.128201442646082]",16.12182487315897
8170.0,24.0,0.7517508013092982,0.9254053558204037,0.22303362229469786,0.4471914309585473,0.5505047565256885,"[-0.3520678290687586, 0.7981350736581543]",1.9511551937550653,0.12726067376434871,0.5160611263761099,"[-0.5565233334301269, 4.458833720940257]",16.547136148186958
8171.0,24.0,0.6790481277834726,0.8886644746139917,0.2634115616229083,0.37474306942557234,0.49050514187046257,"[-0.31822796860604147, 0.8450510918518581]",-0.08219720687585053,0.9440006780141241,0.9899335969107845,"[-2.3757324932987762, 2.211338079547075]",0.3139702027833297
8172.0,24.0,0.9892334206729977,0.9966598717068705,0.0451850743355702,0.8830726967735365,0.8897457902000367,"[-0.5569636423914565, 0.6473337910625968]",-2.2124734638479717,0.7421802111720295,0.9537299711909787,"[-15.394224157065175, 10.96927722936923]",8.45102611754526
8173.0,24.0,0.9972207112488339,0.9987202807390857,0.024466345556335187,0.9405238036541697,0.9419845330164612,"[-0.618238059626163, 0.6671707507388334]",3.076077020064811,0.8251548781038881,0.9669028334941271,"[-24.214370020961777, 30.3665240610914]",12.250251286207154
8174.0,24.0,0.7933967905682131,0.9434333376169876,0.2052316163963224,0.49418671993265517,0.5876179785168314,"[-0.38313632374509987, 0.7935995565377446]",-1.16144804012412,0.4149652714532268,0.8287078294818416,"[-3.9539316010460284, 1.6310355207977882]",4.436404721523545
8175.0,24.0,0.39659806947910137,0.658472637355307,0.3486770299143506,0.1648407286905128,0.27373086796830426,"[-0.14333688674603967, 0.840690946574741]",0.19102730843982574,0.7979309748551431,0.9636679530259626,"[-1.2713517052562628, 1.6534063221359143]",23.270329430310277
8176.0,24.0,0.8529816981158332,0.963494519502805,0.24315702853009138,0.5715227839356326,0.6455696192653706,"[-0.5991377620681303, 1.0854518191283131]",-1.2141802464966611,0.47939421718627695,0.8639493090300455,"[-4.578843318368312, 2.15048282537499]",4.637826912827509
8177.0,24.0,0.42735326512954924,0.6909194817369811,0.4080558261222209,0.1839868956756482,0.2973741903247158,"[-0.19392170587937907, 1.0100333581238208]",-0.8276657631982527,0.2699419775559021,0.7202045575339596,"[-2.2981159955698653, 0.64278446917336]",3.1614503385822728
8178.0,24.0,0.7245945655891242,0.9137443400354902,0.22573585175361582,0.41876783792468886,0.5283942301477248,"[-0.3214513926826113, 0.772923096189843]",-1.6762511731056744,0.15933242077035914,0.5743778686746905,"[-4.010753017637242, 0.6582506714258938]",6.402807841520554
8179.0,24.0,0.8479568939422245,0.9615113889808646,0.22728155687475773,0.5642967473127215,0.6398647775402216,"[-0.5454607493364901, 1.0000238630860057]",-1.6645486225263468,0.318990042716373,0.7622676420515737,"[-4.9383461484909965, 1.6092489034383033]",6.358107391004964
8180.0,24.0,0.6607136285035391,0.8809347560636325,0.2962014027137657,0.3582773000790811,0.4777352594895891,"[-0.3357502943555204, 0.9281530997830518]",-2.017477274781074,0.05761807040408592,0.34709680966316814,"[-4.10016891129271, 0.06521436173056205]",7.706195540567374
8181.0,24.0,0.3674132623515972,0.6233030854430791,0.4557090192779072,0.1476364549525049,0.25052851680384336,"[-0.16115290252100267, 1.0725709410768172]",-0.013079410533856972,0.9854606231309814,0.9971100704756963,"[-1.419795623916304, 1.3936368028485902]",0.049959668140597026
8182.0,24.0,0.9084654154701824,0.9826858822943617,0.13409196951046704,0.6607833998338553,0.7147467818646352,"[-0.46480587024865555, 0.7329898092695897]",-0.6463206016183376,0.7789816495875483,0.9596392629361795,"[-5.160061931085873, 3.867420727849198]",2.4687628456724657
8183.0,24.0,0.6560083159596444,0.8784316096583165,0.31965959972257196,0.35396068699138883,0.47401722951155806,"[-0.35624737090250047, 0.9955665703476444]",-2.8779200744390523,0.009868438292843576,0.11764067406615296,"[-5.063863276397056, -0.6919768724810491]",10.992844936088895
8184.0,24.0,0.14276754106316056,0.28070692304986344,0.5313477848899543,0.039053550487034946,0.07678637531859013,"[0.026690237263804928, 1.0360053325161036]",-0.09887120855994791,0.8442359753523998,0.9708072590103425,"[-1.0851593077446395, 0.8874168906247436]",0.3776601977228502
8185.0,24.0,0.6368467806058962,0.867875143916457,0.27321762477198586,0.3373963605101491,0.45979335038177854,"[-0.2849854479600047, 0.8314206975039764]",2.052061475538049,0.04418394344573603,0.29782820915864144,"[0.053411420186877834, 4.05071153088922]",16.161702543352106
8186.0,24.0,0.6453223186633283,0.8735918758133591,0.36047790894164305,0.3445472580511687,0.46642379592685623,"[-0.3869932882998038, 1.10794910618309]",-2.9182289090019338,0.007715149353243267,0.10151512306899037,"[-5.065002717478024, -0.7714551005258432]",11.146813342591837
8187.0,24.0,0.8402561381205875,0.9587751665643991,0.15672966228244833,0.5538881682838418,0.632075965176129,"[-0.3622122565080719, 0.6756715810729685]",2.5158774572542884,0.14118786101031955,0.537244524392388,"[-0.8354136993461116, 5.867168613854688]",14.390055995148273
8188.0,24.0,0.14610791343052693,0.28659849633292844,0.7373528253401974,0.04038196307864369,0.07921138304951685,"[0.03232276375387022, 1.4423828869265245]",-0.2895914575201344,0.5654261013582274,0.8978594550553634,"[-1.2770447413427497, 0.697861826302481]",1.1061578865963844
8189.0,24.0,0.438468332672454,0.7012105937703086,0.35611222232533485,0.19069725930837977,0.30509281616368883,"[-0.17729005305831097, 0.8895144977089806]",-1.480825548767811,0.04417218231547917,0.29782820915864144,"[-2.923027882702558, -0.03862321483306408]",5.656336942635976
8190.0,24.0,0.6635803594838405,0.8820688016533837,0.303215355239993,0.36064535620123794,0.4793903445450458,"[-0.34689703096908164, 0.9533277414490676]",-0.09843395853130765,0.9309499648241968,0.9892015094756179,"[-2.324950938631928, 2.1280830215693127]",0.37599002564064615
8191.0,24.0,0.9804152065637893,0.9948681677324512,0.08000616556473895,0.8423010246790896,0.8547808247200016,"[-0.7081736010035519, 0.8681859321330297]",-1.8086026765179355,0.7096363577615485,0.9447289007555106,"[-11.328807612666852, 7.711602259630981]",6.908353345369479
8192.0,24.0,0.13065962238235235,0.2591002209876277,0.6035899406606534,0.034503933803656586,0.06843178136555675,"[0.04401554049379597, 1.1631643408275107]",-1.31097851183854,0.004160775683893187,0.0673264673769124,"[-2.2076052741061583, -0.4143517495709218]",5.007569050712651
8193.0,24.0,0.7039392437906934,0.9029492608910896,0.29785001738071804,0.39845311400328554,0.5110994279159641,"[-0.39350977350197225, 0.9892098082634083]",1.2099108483195096,0.2929983959122927,0.7419559278609591,"[-1.045183102465176, 3.4650047991041952]",19.3784809869466
8194.0,24.0,0.9076195383434793,0.9823142978726804,0.15232222364121614,0.6590579281616,0.7134203941623226,"[-0.52432432778487, 0.8289687750673024]",-2.934607343022655,0.21130957962113472,0.6495912003621981,"[-7.536088199580986, 1.6668735135356756]",11.209374352219891
8195.0,24.0,0.7442919923591875,0.9237571446140801,0.26125708353635363,0.43909616911635696,0.5450548276022306,"[-0.4005510991630112, 0.9230652662357184]",0.012672800620016744,0.9924719282779476,0.999042938587908,"[-2.619840432635574, 2.6451860338756075]",23.95159346732415
8196.0,24.0,0.29548136616620574,0.5283056788238972,0.5141277125431143,0.10858033757276848,0.1940667338208552,"[-0.11385898467793876, 1.1421144097641673]",2.315667114034988,0.00019352312109006416,0.008487856188160708,"[1.0980044246509704, 3.5333298034190057]",15.15480317390371
8197.0,24.0,0.6628547415482475,0.8815730037880669,0.33913428169917936,0.36005843663296355,0.47886479137247445,"[-0.38710254930835786, 1.0653711127067167]",1.8154192210061408,0.08561990384033433,0.4251236536262876,"[-0.25451630799667546, 3.885354750008957]",17.065609372628032
8198.0,24.0,0.2146338497090627,0.40382662221836824,0.5310787592431075,0.0692063354714637,0.13020947407613115,"[-0.04176379271683439, 1.1039213112030495]",-0.3009566054033863,0.5962581940938203,0.9098026124541037,"[-1.414350891496685, 0.8124376806899123]",1.149569553746543
8199.0,24.0,0.9813110008589085,0.9949417021787575,0.06460510058476888,0.8460071656735239,0.8577584565279569,"[-0.5873700824640135, 0.7165802836335512]",-1.0204526291289948,0.840173766629872,0.9708072590103425,"[-10.937834206999828, 8.896928948741838]",3.8978419228080035
8200.0,24.0,0.6607414583681019,0.8809347560636325,0.3200032104422989,0.35840811838396824,0.47775009115431655,"[-0.3629159714109769, 1.0029223922955748]",-0.6287243028656597,0.5682596460514361,0.8998569216966527,"[-2.7882781131831567, 1.5308295074518372]",2.4015499354338155
8201.0,24.0,0.8751994073243089,0.9724665269479806,0.1751162057842137,0.6047370265599317,0.6721540808713256,"[-0.4879848740249165, 0.838217285593344]",-2.1263024630022285,0.2629173581600095,0.7122055216654198,"[-5.848850939737652, 1.5962460137331944]",8.121877139886637
8202.0,24.0,0.869189646657874,0.9708881403122882,0.1547432112443625,0.5955349759829942,0.6652535477915484,"[-0.4166069217297663, 0.7260933442184914]",-0.6803450879020279,0.7201460033856235,0.9476172461296232,"[-4.4023297093698766, 3.0416395335658213]",2.5987268099495466
8203.0,24.0,0.23381928853941222,0.4339630448021757,0.4855580243579035,0.0780345522409483,0.14483027513167837,"[-0.05449030780640318, 1.0256063565222102]",1.2364382131589648,0.024727461650597585,0.20920018316918432,"[0.1572889035294991, 2.3155875227884306]",19.277153917152965
8204.0,24.0,0.4774176189372594,0.7405267860047454,0.39370876959422146,0.21627396214098393,0.33541247230301474,"[-0.23035675300667963, 1.0177742921951225]",-1.2926220415782517,0.09865548440911114,0.4565269986539155,"[-2.8267638713133367, 0.24151978815683361]",4.937452499201189
8205.0,24.0,0.7913893429454071,0.9425790173242105,0.2041152485943025,0.4916927694609029,0.5856971643369897,"[-0.3776874110700543, 0.7859179082586594]",-0.21564577877757074,0.8861411930178873,0.9784496396712549,"[-3.1674017890448356, 2.736110231489694]",0.8237061995844414
8206.0,24.0,0.45074795011558977,0.7137734760341882,0.3847571332953428,0.19859349277159866,0.3144979599134382,"[-0.20183921108658687, 0.9713534776772724]",-3.0166916345364836,0.00018679944197989281,0.008428070991455316,"[-4.599197569351685, -1.4341856997212818]",11.522913250090818
8207.0,24.0,0.7664617364612294,0.9324080210906118,0.28492990576650123,0.46312879595837864,0.5634434910202106,"[-0.47621068872317474, 1.0460705002561772]",1.3882614624074883,0.2910369195366945,0.7406318280685713,"[-1.1887555573108148, 3.9652784821257914]",18.697231822892753
8208.0,24.0,0.9242496147345411,0.9862215899768196,0.14862541436717955,0.6909014596588698,0.7374335144186892,"[-0.5839626324986172, 0.8812134612329764]",1.5491963468601346,0.522072856460753,0.8833474069819929,"[-3.193993189038249, 6.292385882758518]",18.082505845855273
8209.0,24.0,0.12486081557525107,0.24847923497562405,0.5798016871396616,0.03245630519543147,0.06458966208046064,"[0.04846658707885554, 1.1111367872004676]",-0.8997210023747462,0.052243369956602906,0.33002760553760524,"[-1.8081749417334585, 0.008732936983966044]",3.4366810783568584
8210.0,24.0,0.06229823506300388,0.1309336592328791,0.5815626765949199,0.011989273712698766,0.025198137269228177,"[0.12788701374381573, 1.035238339446024]",-1.2993988454082874,0.0007407495766653813,0.021533417926319225,"[-2.05421465605234, -0.5445830347642348]",4.963337983071132
8211.0,24.0,0.7448370473833011,0.9237571446140801,0.297809785015604,0.43969139030519255,0.5454551424205341,"[-0.4575746257185865, 1.0531941957497946]",1.4480142050834317,0.24545743031512313,0.6912346671786064,"[-0.9955232542250685, 3.891551664391932]",18.46899315824857
8212.0,24.0,0.7792912736697806,0.9372113934693693,0.23032172700858916,0.4778490618521084,0.5746831772123974,"[-0.4056936502348519, 0.8663371042520303]",2.192085849833881,0.11519184907883784,0.49715946948138906,"[-0.5353083669253311, 4.919480066593094]",15.626848831611351
8213.0,24.0,0.587969057682632,0.8318132454789137,0.29972819806251527,0.2972183283842723,0.42039916471066585,"[-0.26382400861814914, 0.8632804047431797]",0.7253862365009152,0.45164177769932656,0.850869965522469,"[-1.1635034290783846, 2.614275902080215]",21.229228675441266
8214.0,24.0,0.03325436893545273,0.07422850208806413,0.8435391587078934,0.004735934698574046,0.010571282809317066,"[0.2581874947770749, 1.4288908226387118]",1.5041709152661067,1.016452692983659e-05,0.0010316399685050793,"[0.8362146581550057, 2.1721271723772078]",18.254490325928128
8215.0,24.0,0.9509651453400807,0.991078205928571,0.13443275073045083,0.7510220942039927,0.7828855354987936,"[-0.695980248501471, 0.9648457499623726]",-2.0938441762111832,0.4982244289209632,0.8728067218963704,"[-8.153113647171192, 3.965425294748826]",7.997895616996496
8216.0,24.0,0.10967015262874868,0.22075312525915597,0.6237323338307548,0.02700244103681434,0.05433086727729243,"[0.07093894779854937, 1.1765257198629602]",-2.6266234897882157,1.2350233507999538e-08,4.574160558518347e-06,"[-3.5306182916106623, -1.722628687965769]",10.032962688985897
8217.0,24.0,0.616416408645218,0.8530534301760558,0.3008146237155799,0.3199522912479936,0.442805345032091,"[-0.29199852201760756, 0.8936277694487673]",-1.42546069980743,0.14130762375904993,0.5374957160861541,"[-3.3248268184217986, 0.4739054188069389]",5.444858797382036
8218.0,24.0,0.8706680217644613,0.9711122638619929,0.14360900324430362,0.5977697844517782,0.6669344542092309,"[-0.3898688866415898, 0.677086893130197]",2.5245885039733764,0.18845083560588682,0.620366733572685,"[-1.2377242207933463, 6.286901228740099]",14.356782247671937
8219.0,24.0,0.8213252253220633,0.952702964066887,0.18928810471482457,0.528648938251042,0.6132106927862684,"[-0.3995321920909619, 0.7781084015206111]",-1.235057244205601,0.42257150353922135,0.8327243878828016,"[-4.253466828341564, 1.783352339930362]",4.717571170002612
8220.0,24.0,0.7662428116313351,0.9323337646753985,0.24485024001113276,0.4631505496186131,0.5634434910202106,"[-0.4092563245840698, 0.8989568046063353]",0.9220433763832201,0.4942696318076991,0.8710087226182522,"[-1.7218228727927052, 3.5659096255591454]",20.478053733683268
8221.0,24.0,0.7547707625533864,0.9268952014655365,0.2309859636264726,0.4503841193331749,0.5532294795887175,"[-0.36882761298694355, 0.8307995402398888]",-1.861697758820485,0.14676181324237078,0.548642292494844,"[-4.376306701863951, 0.6529111842229809]",7.111161620625202
8222.0,24.0,0.8706602499277056,0.9711122638619929,0.16790589374883913,0.5977733513077337,0.6669344542092309,"[-0.45583601778373917, 0.7916478052814174]",0.6701444267613761,0.7259797866092434,0.9490709376786874,"[-3.077474212996189, 4.417763066518941]",21.440236845490617
8223.0,24.0,0.8836174927623275,0.974695746102203,0.16979786290753282,0.6180477222120957,0.6817956119272981,"[-0.49764081433631835, 0.837236540151384]",-2.03762136098276,0.2985647745719391,0.7475332362842741,"[-5.879470933218459, 1.8042282112529398]",7.783140282000995
8224.0,24.0,0.7247820105161509,0.9137443400354902,0.2734981771870235,0.41921980867136466,0.5285171566709085,"[-0.3901101532057121, 0.9371065075797591]",0.557234813240254,0.6580872968524942,0.9301211184160023,"[-1.910614368885053, 3.025083995365561]",21.871519800238186
8225.0,24.0,0.19760111137814398,0.37655022262674737,0.5702851436754328,0.06176509630040559,0.11766003919381736,"[-0.028082805878090422, 1.168653093228956]",-2.4750236138721706,4.613992005437681e-06,0.0005492847625521049,"[-3.5338112589371242, -1.416235968807217]",9.453893818006138
8226.0,24.0,0.4109608361868367,0.6750342250112298,0.4229067493011691,0.17361689141629766,0.28517886237893836,"[-0.1862636321183221, 1.0320771307206602]",-2.8273062989866657,0.00019211663687236674,0.008463287967945671,"[-4.313274624254281, -1.3413379737190507]",10.799514554845919
8227.0,24.0,0.6253127284749046,0.8593001628073444,0.27262025376238697,0.32741596713666854,0.4499447612003988,"[-0.2729821387102992, 0.8182226462350731]",1.7840644882122065,0.07037647602072186,0.3873223776594489,"[-0.14837040248027034, 3.7164993789046834]",17.185375629751558
8228.0,24.0,0.5585470633012111,0.8104281243488263,0.4066791741952228,0.2740831851004034,0.397707279730184,"[-0.32210468312524876, 1.1354630315156944]",-1.6302040884264528,0.06396692128116714,0.36847304885464943,"[-3.3550602002432335, 0.09465202339032786]",6.226920934120494
8229.0,24.0,0.6279030459241036,0.8607362305338067,0.35872256919031276,0.32970439169982113,0.4520213760622719,"[-0.3626034609332395, 1.0800485993138649]",0.37327913907253674,0.7235578557172286,0.9484629638926688,"[-1.6951332948073548, 2.4416915729524282]",22.57417871672445
8230.0,24.0,0.2519894660736319,0.4620268904907075,0.5187779628206147,0.08659623277762621,0.15880475477283368,"[-0.07457335210572913, 1.1121292777469587]",1.4241714098349156,0.011338751259892954,0.12740169954935904,"[0.32178814900136965, 2.5265546706684616]",18.560065927550873
8231.0,24.0,0.11207190933242167,0.22495365181136426,0.7313532049339666,0.02777218295324452,0.05575623961703377,"[0.07994090273927623, 1.3827655071286569]",1.7527263058993316,6.38615859694239e-05,0.003966558134746827,"[0.8934912032295041, 2.611961408569159]",17.305078668694172
8232.0,24.0,0.5182995945331723,0.7760137663320441,0.3275109643492491,0.24484706918051102,0.36659240781630636,"[-0.2244525717221123, 0.8794745004206105]",0.8199591009547849,0.3390149429725561,0.7794904371607723,"[-0.8608983142272801, 2.50081651613685]",20.86798694279663
8233.0,24.0,0.6172339382717396,0.8534176663290782,0.28327579737458747,0.3206537507758531,0.44346511137364647,"[-0.27578349818528763, 0.8423350929344626]",1.3744421134432647,0.157251676509906,0.5699589579916855,"[-0.5301843598598825, 3.279068586746412]",18.75001784764399
8234.0,24.0,0.3280166542147071,0.573778633155663,0.42749074945489257,0.12583693443580474,0.2200715887299838,"[-0.11987439000763761, 0.9748558889174228]",-2.196567044659796,0.0006660626084457877,0.020245064086498107,"[-3.4616166910792723, -0.9315173982403195]",8.3902680717687
8235.0,24.0,0.9896879021821212,0.9967292107757114,0.05201558800374517,0.8855131142453075,0.8918452152737512,"[-0.6560400861930971, 0.7600712622005874]",1.2732094899521647,0.8498919916882355,0.9708072590103425,"[-11.91232541619043, 14.458744396094758]",19.13669798598245
8236.0,24.0,0.45000403319811627,0.7132857949861026,0.46551711180569344,0.19814387787676613,0.3140855616314324,"[-0.24349426230410576, 1.1745284859154927]",-0.20411934604189508,0.7998370193802011,0.9642437759616215,"[-1.7819299825553727, 1.3736912904715826]",0.7796784696780649
8237.0,24.0,0.5120356285817717,0.7699783888447693,0.36096930452514786,0.24039689160689826,0.3613903962821681,"[-0.24166241933325971, 0.9636010283835554]",-0.7430686375348898,0.38455916231757237,0.8109663835384961,"[-2.417988942962274, 0.931851667892494]",2.8383131212857022
8238.0,24.0,0.147044554291963,0.2883281329618447,0.5831694622915314,0.040713697460357925,0.07984643549785825,"[0.024641219225403854, 1.1416977053576591]",-1.424125654505854,0.002496770658426632,0.049245969594213644,"[-2.347234744904466, -0.5010165641072423]",5.439759299966098
8239.0,24.0,0.44467696164846443,0.7076336117894088,0.3621904271337974,0.19487388833331643,0.3101112163165443,"[-0.18543200528422749, 0.9098128595518222]",-2.6696148078762953,0.0007159578622240195,0.020934440415907002,"[-4.216094042105655, -1.1231355736469357]",10.19717742779599
8240.0,24.0,0.6848136284251587,0.8924933853204164,0.3797948859520556,0.3802708838652039,0.4955960952237768,"[-0.4686056109575005, 1.2281953828616117]",1.964799048123341,0.07650702206820363,0.4042144658105994,"[-0.20924577384648702, 4.138843870093169]",16.49502046341407
8241.0,24.0,0.6095235500637588,0.8476200112136821,0.3409640294130173,0.31457742609967265,0.43745991670097717,"[-0.32354965893023613, 1.0054777177562708]",-2.474331875039424,0.01366151609791191,0.14502671016891622,"[-4.44088417638035, -0.5077795736984978]",9.451251570296693
8242.0,24.0,0.8717879794849407,0.9711122638619929,0.2120774117722163,0.5994274191077797,0.6678112957974374,"[-0.5793259066193379, 1.0034807301637705]",2.6588869134035322,0.1718534693042879,0.5934166757744748,"[-1.1553762255250257, 6.47315005233209]",13.843800110627413
8243.0,24.0,0.9307903176855727,0.9878137795754037,0.14430352430938842,0.7045967288823255,0.7482178282704954,"[-0.6017074347908405, 0.8903144834096174]",2.1448435287684875,0.4087520622958155,0.8250542772233282,"[-2.9439570842976543, 7.233644141834629]",15.807301205707953
8244.0,24.0,0.35470122648540886,0.6094522791845514,0.45593527873650763,0.14039807574800814,0.24123380712716178,"[-0.150190008368439, 1.0620605658414544]",-0.11660102337751432,0.8684801996877257,0.9740221701188653,"[-1.496725592076293, 1.2635235453212643]",0.4453831017625212
8245.0,24.0,0.17236847116145637,0.3330791713264858,0.6411817030333097,0.05086408469663231,0.09828808637030399,"[-0.0024100016357866405, 1.284773407702406]",-0.06182592631774053,0.9074942228391746,0.9842670529709051,"[-1.1046558209289126, 0.9810039682934315]",0.236157642832889
8246.0,24.0,0.5410149409154135,0.7961535964171124,0.35202756065620483,0.2612276381690287,0.38438439989556905,"[-0.26209337137194616, 0.9661484926843558]",2.0730904085030524,0.017422611648452515,0.1688237562834546,"[0.3641947962226686, 3.781986020783436]",16.081377936248224
8247.0,24.0,0.813410067725362,0.9489151513361666,0.2090707944005021,0.5185726798349681,0.6049636095403055,"[-0.4256949750690636, 0.8438365638700679]",-1.2591090969532681,0.40169080159652537,0.8206211468997754,"[-4.201862147382843, 1.6836439534763068]",4.809442480130043
8248.0,24.0,0.8394224345249036,0.9587751665643991,0.23183878950582973,0.5527781286305675,0.6313856409258338,"[-0.5336495887675439, 0.9973271677792033]",0.7468509614329362,0.6584739018834767,0.9301211184160023,"[-2.564757520118917, 4.058459442984789]",21.14723946564033
8249.0,24.0,0.5725177683712259,0.8228161567251802,0.41085060150399105,0.2851049836481686,0.4095747502487697,"[-0.3424809411484944, 1.1641821441564766]",0.9097815497274411,0.3262288329326286,0.7677779075844401,"[-0.9065265472268405, 2.7260896466817224]",20.524890461449747
8250.0,24.0,0.4021038520810361,0.6648321478096427,0.3805694679701641,0.16841835239938208,0.27839610740618687,"[-0.16099766560888773, 0.922136601549216]",-0.6884039774800286,0.3466344654064998,0.7861077966350677,"[-2.122038472394223, 0.745230517434166]",2.6295095006416402
8251.0,24.0,0.6673739600182147,0.8844001798666931,0.3189266129730029,0.36410196065432154,0.4825098868994454,"[-0.3698137901894126, 1.0076670161354184]",2.9529476165693747,0.009713873220457145,0.11675328389972531,"[0.7147407181579233, 5.191154514980826]",12.720570963157277
8252.0,24.0,0.7415769218644477,0.9227036479587504,0.219920040914054,0.4365655955580974,0.5431271405301038,"[-0.33410585602844245, 0.7739459378565505]",2.254230951251227,0.07714136215554082,0.40478983322809736,"[-0.24543760134377202, 4.753899503846226]",15.389472029702926
8253.0,24.0,0.6506316894842644,0.8767775010560399,0.308251161401373,0.3494632873551312,0.47084786763019565,"[-0.33747485049483317, 0.9539771732975791]",2.467849503703891,0.022055427429781706,0.19527740868386637,"[0.35512526956332735, 4.580573737844454]",14.573509264287482
8254.0,24.0,0.38025947372636315,0.639844310493628,0.5018800516947486,0.15537208283429813,0.2614371240691538,"[-0.19044827970833222, 1.1942083830978294]",-2.1812620882511355,0.0016878122573940986,0.03759047343862135,"[-3.5426638876953596, -0.8198602888069115]",8.331807444578839
8255.0,24.0,0.4157800610530145,0.6795155523151529,0.39677490150222067,0.1767562891003731,0.2887702811638182,"[-0.17892744767344199, 0.9724772506778834]",0.6224096046459433,0.4062760561824924,0.8239061166191282,"[-0.8465273650429979, 2.0913465743348842]",21.62257043502542
8256.0,24.0,0.2675563548423496,0.4866430608263907,0.536073886542779,0.09422493672327016,0.17141156398630192,"[-0.09175571567226015, 1.1639034887578181]",-1.7839890240843443,0.0019882253183454886,0.04241360627519405,"[-2.9148333269580853, -0.6531447212106036]",6.814336118513034
8257.0,24.0,0.2273942911878629,0.424025643155184,0.5061830153681436,0.07515337484362308,0.14013308753239434,"[-0.05132489882918401, 1.063690929565471]",-0.967301853075675,0.0809741545836597,0.4154651338309887,"[-2.053725875134074, 0.11912216898272421]",3.694820913094655
8258.0,24.0,0.9664563750272278,0.9924587954685026,0.07809170014419586,0.7938653628381388,0.8152242378703417,"[-0.5076722012457742, 0.6638556015341659]",-2.058473719659042,0.5825945737832339,0.9046577798681021,"[-9.399345397076178, 5.282397957758094]",7.862790425003927
8259.0,24.0,0.3366436326224094,0.5849585275802074,0.389092835019921,0.13051960789786618,0.22679341076953288,"[-0.11525880625067753, 0.8934444762905195]",-2.096006075909151,0.0012358401321809999,0.030514571164962957,"[-3.3676749064179115, -0.8243372454003906]",8.006153465558107
8260.0,24.0,0.719007315819634,0.9112893736624004,0.273164167240935,0.41343465441453475,0.5239982945684851,"[-0.3814577590005352, 0.9277860934824051]",0.5979417618542202,0.6296671718215061,0.9216640993393094,"[-1.8324928965406402, 3.0283764202490806]",21.716030710075774
8261.0,24.0,0.7801684401293055,0.9380406879034574,0.2207158040215554,0.47861482075264794,0.575465697670612,"[-0.38983516913333893, 0.8312667771764498]",-1.7753734347935968,0.19253774684388858,0.6244437368203832,"[-4.445656212296667, 0.894909342709473]",6.781426991554504
8262.0,24.0,0.31245419940509184,0.5520392215637665,0.5349771540754897,0.11722612659793119,0.20718650865664756,"[-0.13436230871560484, 1.2043166168665844]",-0.07287736184347349,0.9124892155130405,0.9856022475955274,"[-1.3725850773566062, 1.2268303536696592]",0.2783710170452517
8263.0,24.0,0.5567897270873655,0.8092161760394625,0.29674862014187814,0.27288465846212984,0.39665274362515823,"[-0.233708730059708, 0.8272059703434642]",-1.2380966692572386,0.1617478478054749,0.5781053166642794,"[-2.9723698107491696, 0.49617647223469263]",4.729180918509623
8264.0,24.0,0.9230754336768722,0.9861782917190354,0.15272938800698094,0.6887138346568624,0.7358053789069042,"[-0.5945079482157898, 0.8999667242297518]",2.1272178025290582,0.3860616583902521,0.8110539041812019,"[-2.6828405116434686, 6.937276116701585]",15.874626520666105
8265.0,24.0,0.8998305583520921,0.9793291495808661,0.19972038251099525,0.6451440292978756,0.7021593701544141,"[-0.6502882014831891, 1.0497289665051797]",2.96829886496739,0.18737958190116744,0.6190273600963575,"[-1.444541044719987, 7.381138774654767]",12.66193351359306
8266.0,24.0,0.983205586069007,0.9954747198059007,0.06281048870262078,0.8540062673174205,0.86490405845394,"[-0.6062121528150969, 0.7318331302203384]",-1.008778502350821,0.8503004399882232,0.9708072590103425,"[-11.484675837356725, 9.467118832655085]",3.8532500432153354
8267.0,24.0,0.561294099201746,0.8126088015168977,0.36904370194782454,0.27627152845846237,0.4000677276334607,"[-0.29531770634228327, 1.0334051102379322]",-2.8483424952626617,0.002670808195695901,0.05137473503237779,"[-4.7071889946471535, -0.9894959958781697]",10.879866905754147
8268.0,24.0,0.6497360652127736,0.8763637243225973,0.3033290828362168,0.3484609994066582,0.47000404559840603,"[-0.3307660861137309, 0.9374242517861644]",1.8848348637489272,0.06829411153405095,0.38046858793343147,"[-0.1415415992032174, 3.9112113267010717]",16.800461148538062
8269.0,24.0,0.672527932103723,0.8871149670238285,0.32483024813832406,0.3689732897894875,0.4867479740234556,"[-0.38382609098439047, 1.0334865872610386]",-0.4721829978395,0.6783259373715889,0.9349771707396124,"[-2.703562753295213, 1.759196757616213]",1.803606195602548
8270.0,24.0,0.22966876296629335,0.4271867631471057,0.5188177376788446,0.07618565428047634,0.1417143866824337,"[-0.054625610107060796, 1.09226108546475]",2.6046376383222976,5.766322217647675e-06,0.0006267741540921387,"[1.4788951375356796, 3.7303801391089157]",14.051017077547344
8271.0,24.0,0.22740495242412517,0.424025643155184,0.5967480784998165,0.07499482423478981,0.13986352897200635,"[-0.06015019320702941, 1.2536463502066624]",1.3976437846594933,0.00987380436091377,0.11764067406615296,"[0.33597698650326313, 2.4593105828157236]",18.66139399175465
8272.0,24.0,0.7856637586937851,0.9397892930302288,0.24509893432775062,0.48505450361650226,0.5803475755162746,"[-0.442938446912289, 0.9331363155677903]",-2.7888012580751997,0.05863334713563664,0.3509165746679088,"[-5.679412027104318, 0.10180951095391899]",10.65243613256555
8273.0,24.0,0.9098928047373108,0.9832162654679858,0.16480581773137606,0.6631975037073043,0.7166603670923972,"[-0.5768965634783865, 0.9065081989411385]",-3.061146137091642,0.1993342214263235,0.6334828573649154,"[-7.73583772038869, 1.6135454462054062]",11.692716941875092
8274.0,24.0,0.7889757893021729,0.9412291930705706,0.2445236540176906,0.4889199008322995,0.5832974240423522,"[-0.44801729339767526, 0.9370646014330565]",-0.34025960081506845,0.8192326104330422,0.966095377463714,"[-3.258434276369347, 2.57791507473921]",1.2996959377006378
8275.0,24.0,0.8431140266889499,0.9596107747427155,0.2027317268490962,0.5576225836058157,0.6346717318527381,"[-0.474899341845341, 0.8803627955435335]",1.8356649876368207,0.26582478594161785,0.7158134577621315,"[-1.3976801323836083, 5.06901010765725]",16.98827624056505
8276.0,24.0,0.7413619061270112,0.9226657201331814,0.2471812016825753,0.43630562293546404,0.5429388040511001,"[-0.37516860560199294, 0.8695310089671435]",0.5915378577831882,0.6499492544816848,0.9299133911664488,"[-1.963132459322528, 3.1462081748889044]",21.74049182178756
8277.0,24.0,0.9193456911736893,0.9858935025991306,0.1545366162176825,0.6812928516660557,0.7306089562102474,"[-0.5829518878928102, 0.892025120328175]",2.027381738320827,0.39396149452710094,0.8163177410562709,"[-2.633971954657923, 6.688735431299577]",16.255972195488024
8278.0,24.0,0.0056653849148745,0.016469142194402618,0.7650580598713022,0.0002800195142170236,0.0008139983211880033,"[0.3523306879935045, 1.1777854317490999]",-2.7133591488988347,7.073097781893468e-22,7.073097781893468e-18,"[-3.2665995984095235, -2.160118699388146]",10.364268502340822
8279.0,24.0,0.7870632367658003,0.9404507548880395,0.1995318935131233,0.4868736574489312,0.5817584627182831,"[-0.3629318190183154, 0.761995606044562]",-2.370228735861949,0.09971885776854335,0.4584775069818085,"[-5.1921894898936465, 0.4517320181697482]",9.053606869701206
8280.0,24.0,0.27092962035682555,0.49215189892248057,0.6015405404243984,0.09586243891080841,0.17413703707685452,"[-0.10645897635658175, 1.3095400572053786]",0.07089385532211256,0.9095203995351051,0.9847157609726442,"[-1.1517840654572513, 1.2935717761014764]",23.729205419775457
8281.0,24.0,0.5586350478921525,0.810429712917617,0.3969933932588902,0.27449898257204475,0.39817084794320384,"[-0.3150498909957476, 1.109036677513528]",-2.329130421986325,0.010757368517563985,0.12399750058524074,"[-4.11899189093277, -0.5392689530398806]",8.896622874356058
8282.0,24.0,0.7983281119702534,0.9448153917556348,0.2101508873649823,0.5002246457939388,0.5918662493735326,"[-0.40083557615256615, 0.8211373508825308]",2.273361380161515,0.12299900596383234,0.5087252596443482,"[-0.615626607401512, 5.162349367724542]",15.316399173913954
8283.0,24.0,0.5841260513622133,0.8293502717358707,0.2515886028930272,0.2938907191642205,0.41740636326071556,"[-0.21820276535526556, 0.72137997114132]",1.7827693473269086,0.05261965306746797,0.33135801679765725,"[-0.020177485751771362, 3.585716180405589]",17.19032270352505
8284.0,24.0,0.5014645489572306,0.762104177746551,0.38443920141317733,0.2327820257818516,0.35371831907286366,"[-0.2470328295022446, 1.0159112323285993]",-1.2164657663201908,0.1350349319935109,0.5283995738321321,"[-2.8117603148363806, 0.3788287821959988]",4.646556955486291
8285.0,24.0,0.7463067312156806,0.923874330742168,0.2733612736550937,0.441515596516056,0.5464885482209427,"[-0.42278334648293864, 0.969505893793126]",0.5903274925551729,0.6543411782629529,0.9301211184160023,"[-1.9938101761947378, 3.1744651613050836]",21.745115076403206
8286.0,24.0,0.42740279140249654,0.6909194817369811,0.4590007111543451,0.1839782057889181,0.2973741903247158,"[-0.21811899347637048, 1.1361204157850606]",0.6012158046185387,0.43081878668368634,0.8389849789360981,"[-0.8945627264618692, 2.0969943356989464]",21.703524787919722
8287.0,24.0,0.6589658604457563,0.8803819110831748,0.34403297428786206,0.35667715024943913,0.47652257882356597,"[-0.387529486124808, 1.075595434700532]",-0.39075337201056026,0.7259929267721725,0.9490709376786874,"[-2.5760551295076803, 1.7945483854865598]",1.4925679364473663
8288.0,24.0,0.4437037427578989,0.7069133196281149,0.41362935898976944,0.1940963194901335,0.3092182881792791,"[-0.21067840887647887, 1.0379371268560178]",-1.343144632349886,0.0710003985362302,0.3892565709223147,"[-2.8012181251734107, 0.11492886047363915]",5.130434580619939
8289.0,24.0,0.7400670159345324,0.9217424535241405,0.2414486442911724,0.43489959537835987,0.541593518528468,"[-0.36460858669731255, 0.8475058752796574]",-0.49953200492274874,0.7024485039660179,0.9408632520305623,"[-3.0624123772593435, 2.063348367413846]",1.908071707585451
8290.0,24.0,0.45001200805673214,0.7132857949861026,0.3880429254458142,0.1981565808332707,0.3140855616314324,"[-0.20298720280046156, 0.97907305369209]",1.7900688428435307,0.01707180925620941,0.16737067898244523,"[0.31910920335555026, 3.261028482331511]",17.16244068447991
8291.0,24.0,0.1969367185295537,0.3755467553957927,0.5940027913788765,0.0614158253864684,0.11711637182774295,"[-0.028413886631716734, 1.2164194693894697]",2.0327541596774834,9.96548511185983e-05,0.005505792879480568,"[1.0089340680161936, 3.0565742513387733]",16.235451057521196
8292.0,24.0,0.5400208636412769,0.7954350620728781,0.4101488154556869,0.26056086146833723,0.3837420640181697,"[-0.30436620766956163, 1.1246638385809353]",-2.1947624213563026,0.012434320359078795,0.1355978228907175,"[-3.915718726993889, -0.4738061157187161]",8.383374918508627
8293.0,24.0,0.7368805697050461,0.919388145887176,0.23747521561664106,0.4316762972836198,0.5385380660631173,"[-0.3544454897975037, 0.8293959210307859]",0.8433319604769123,0.5053539772962233,0.8752594956712603,"[-1.6381672781354424, 3.324831199089267]",20.778709195745293
8294.0,24.0,0.6772810307677526,0.8880044981876918,0.29096001339660427,0.37315407631086295,0.4892540662263838,"[-0.34937617503184226, 0.9312962018250508]",0.19628602505887738,0.8660301157183905,0.9734244302898619,"[-2.0841305920610718, 2.4767026421788265]",23.25024261244848
8295.0,24.0,0.40772421594067443,0.6708197037523436,0.52575313457233,0.17184585821360632,0.28268770885607225,"[-0.22844411477936666, 1.2799503839240267]",0.7833584638477298,0.2845598236913909,0.7346339657375438,"[-0.6513749542307943, 2.218091881926254]",21.00779107837824
8296.0,24.0,0.4739408027495206,0.7367815710596752,0.36730502687571615,0.21394343137887595,0.33270982395126714,"[-0.2119575998059568, 0.946567653557389]",2.8588915424437724,0.0005829132848444702,0.018388431698563728,"[1.2297541974483914, 4.488028887439153]",13.079838702155051
8297.0,24.0,0.5039951315518755,0.7638604600664981,0.3589331289639337,0.23474554745912024,0.35567507190775793,"[-0.23312406904315874, 0.9509903269710261]",-2.3255495106480284,0.005609261679816532,0.08248914235024311,"[-3.971159801230468, -0.6799392200655889]",8.882944800589728
8298.0,24.0,0.7058520478066213,0.9042204855699142,0.29832920551071973,0.4004364632990528,0.5129723940009987,"[-0.39706244861948037, 0.9937208596409198]",1.0201723777884553,0.382736935600022,0.809701846218668,"[-1.2705624481612485, 3.310907203738159]",20.103228558459715
8299.0,24.0,0.10245122872563632,0.20726528166222197,0.6015676945695132,0.02454010217516391,0.049646170696265236,"[0.07721090202384595, 1.1259244871151806]",-2.494397022223954,2.85258014115384e-08,8.150228974725258e-06,"[-3.375245004615251, -1.6135490398326569]",9.52789478689552
8300.0,24.0,0.7850131618641096,0.9397892930302288,0.2068181008510748,0.48444765785875565,0.5800379045243722,"[-0.37295184924541314, 0.7865880509475627]",0.6122423618500132,0.672654741280733,0.9338966192307091,"[-2.2278810008542, 3.4523657245542263]",21.661406441791524
8301.0,24.0,0.39237657308547563,0.6539609551424594,0.5240106854304739,0.1623339967192554,0.2706017614923411,"[-0.21102691701617005, 1.2590482878771179]",-2.907701108055082,8.648988063248843e-05,0.004991958599119561,"[-4.359426386825579, -1.455975829284585]",11.106600105137943
8302.0,24.0,0.9760436235609082,0.9944981775987023,0.07460018661135132,0.8257188550222436,0.8414540456763921,"[-0.5894171965891806, 0.7386175698118831]",-2.181363199135859,0.6264726388479711,0.9199304535212497,"[-10.965859394493357, 6.603132996221639]",8.332193659709338
8303.0,24.0,0.5973447618916934,0.8400291968663949,0.34445466224426974,0.30469868505143616,0.42848922099766024,"[-0.31329338889802755, 1.002202713386567]",-2.277777143983485,0.01867181904521904,0.1758249803107462,"[-4.1758745177673315, -0.3796797701996384]",8.700467801441075
8304.0,24.0,0.852071994286186,0.9630259211513128,0.23139574272918784,0.5701069708344547,0.6444071106979256,"[-0.5672169398384805, 1.0300084252968562]",1.5145354324069906,0.3715253511324452,0.803654485224597,"[-1.807274262374552, 4.836345127188533]",18.21490078667055
8305.0,24.0,0.23456864248168477,0.43495019929850687,0.5547987716714742,0.07849916725582728,0.14553823687334821,"[-0.06322308299380153, 1.1728206263367498]",-2.1958491634832047,9.205179222117162e-05,0.005230215467112023,"[-3.2963813027123425, -1.095317024254067]",8.38752596766133
8306.0,24.0,0.6771470314872037,0.8880044981876918,0.24197928652331738,0.3729790819806158,0.4892540662263838,"[-0.29036663037600596, 0.7743252034226407]",3.1269531770947823,0.00734672479890168,0.09821824597462138,"[0.840720417504055, 5.41318593668551]",12.055918681163005
8307.0,24.0,0.34360517321080136,0.5944726180117671,0.5188893901150595,0.134382078482877,0.23245472839106904,"[-0.16045284619671518, 1.1982316264268342]",-2.1088605419629918,0.0013033723727366596,0.03149652645178079,"[-3.394393074249417, -0.8233280096765667]",8.055253909076725
8308.0,24.0,0.059677973275569604,0.12587634101575532,0.6403151710248989,0.011307892191942403,0.02385128072546383,"[0.14486463901620622, 1.1357657030335915]",-0.7702606343448206,0.05131588867168146,0.32664474011254907,"[-1.54492242223208, 0.0044011535424387516]",2.9421788982018513
8309.0,24.0,0.5840842151109488,0.8293502717358707,0.5267856221999784,0.29407192163042994,0.41744338922725627,"[-0.45725037823607095, 1.5108216226360276]",-2.607195311797459,0.0072446793641166825,0.09737472263597692,"[-4.510093121683524, -0.7042975019113935]",9.958752515485942
8310.0,24.0,0.4037049194846883,0.6662896839159734,0.5741455450020544,0.16921933519008237,0.279332015830443,"[-0.24442653222252053, 1.3927176222266293]",1.2150773401286568,0.08547279784954036,0.4251236536262876,"[-0.16969894207243286, 2.5998536223297464]",19.35874644190973
8311.0,24.0,0.625859393824531,0.8598150760056753,0.35853540007269913,0.32782322530330843,0.45043037277178954,"[-0.3596157036520201, 1.0766865037974185]",0.07653187650334914,0.9425282586230004,0.9898427416750686,"[-2.0041232118172942, 2.1571869648239925]",23.707669765209445
8312.0,24.0,0.41662342322324214,0.6799643130324067,0.34444812292734056,0.17711675378453762,0.2891470911268629,"[-0.155746707884645, 0.8446429537393261]",0.3411141700286988,0.6549818770544396,0.9301211184160023,"[-1.1550666515386772, 1.8372949915960748]",22.69703984834984
8313.0,24.0,0.9053378383452497,0.981154943509765,0.1012541112780818,0.6551230869508586,0.7100065968904938,"[-0.3430569124888127, 0.5455651350449763]",0.7484675986070499,0.7388622321942402,0.9523631024368666,"[-3.6520833505559622, 5.149018547770062]",21.141064366501617
8314.0,24.0,0.42263785187211167,0.686323241104436,0.41104922670740274,0.18103851097931467,0.29398913767345675,"[-0.19127074009233214, 1.0133691935071376]",0.8334174536830492,0.26319630223055,0.7124967575272063,"[-0.6265113901190957, 2.2933462974851944]",20.816579822094766
8315.0,24.0,0.6754383039056909,0.887749373441559,0.3173498254818759,0.37144365962516857,0.4883561131017204,"[-0.37857030251075413, 1.013269953474506]",1.406534312602579,0.1923185551872938,0.6244437368203832,"[-0.707946882429384, 3.521015507634542]",18.62743467650252
8316.0,24.0,0.6861516751994221,0.8931940577966964,0.28989416791084754,0.3816037997424414,0.49668877841936276,"[-0.35949761028015514, 0.9392859461018502]",-2.6283255136162706,0.024177902851334143,0.20596940175436482,"[-4.913489515905131, -0.34316151132741]",10.039463941117779
8317.0,24.0,0.20015393463019507,0.38095533808563964,0.5460806200312921,0.06289338249175859,0.11966016455814041,"[-0.02936577847435584, 1.12152701853694]",-0.8207259371262898,0.12585463878365497,0.5130641613683448,"[-1.8716440728037804, 0.23019219855120077]",3.1349421556170514
8318.0,24.0,0.8245725514510787,0.9530427085657405,0.2307679006602787,0.532793799381863,0.6158042064052971,"[-0.49436076062935114, 0.9558965619499085]",0.23939820849075488,0.8852552060986751,0.9780744736478567,"[-3.012004373141641, 3.4908007901231506]",23.085566202032453
8319.0,24.0,0.8358364698038626,0.9562317494767936,0.22717920525298885,0.54786637523629,0.6268059221540374,"[-0.5137399549427601, 0.9680983654487378]",-1.0143530329533448,0.5352312437013496,0.8878051872737671,"[-4.220750031606022, 2.192043965699332]",3.8745431816347446
8320.0,24.0,0.6793017207265495,0.8886644746139917,0.27065900769950174,0.3752520321064372,0.49085682191431806,"[-0.32762089204135186, 0.8689389074403553]",-2.5861212053803007,0.02418080776596243,0.20596940175436482,"[-4.834637296822985, -0.33760511393761616]",9.878255358505093
8321.0,24.0,0.899349746482631,0.9792822092434281,0.17052768303553115,0.6442808039273062,0.7015961568566119,"[-0.5533456210811948, 0.894400987152257]",1.5024964967343193,0.4710987906902677,0.8584731734461428,"[-2.5836282202362097, 5.588621213704848]",18.260886133595456
8322.0,24.0,0.3930384471776996,0.6544096689605388,0.43962615364176155,0.16267973066618868,0.2709973857507724,"[-0.17755161990384932, 1.0568039271873724]",3.035323585855384,4.47983929196055e-05,0.002947262692079309,"[1.577643449473555, 4.493003722237214]",12.405917938264766
8323.0,24.0,0.08360915621672015,0.17224795265084497,0.8648232907371222,0.018301281415015067,0.0377110783799667,"[0.1464307196141147, 1.5832158618601295]",0.13222290028024286,0.7637190292996425,0.9565635162989086,"[-0.7298913872177727, 0.9943371877782584]",23.49494572393086
8324.0,24.0,0.5688588594892087,0.8192091870524318,0.3997524618307979,0.2820285116918796,0.4061846404957831,"[-0.3285610153697028, 1.1280659390312986]",0.2480103971930081,0.796464256066937,0.9628316126547152,"[-1.6366077740854619, 2.1326285684714783]",23.052670064365163
8325.0,24.0,0.5571539379361726,0.8093462201280834,0.36705112148963187,0.27333280528380055,0.39702267562879406,"[-0.2896898294494667, 1.0237920724287304]",-0.9709313697435258,0.28080379116226406,0.7308792065649767,"[-2.7353850157830206, 0.793522276295969]",3.7086846455440043
8326.0,24.0,0.7063810344440196,0.9042204855699142,0.28587607781420954,0.40078876834099086,0.5131081402393942,"[-0.3809864627391336, 0.9527386183675527]",-0.3050233959112001,0.8038798163020386,0.964856561617867,"[-2.7124535616660537, 2.1024067698436535]",1.1651035492306492
8327.0,24.0,0.6747483339480722,0.8877341306567794,0.33139559419171366,0.3708663202428334,0.48796512436111766,"[-0.3944491049383872, 1.0572402933218146]",-2.872809272356183,0.012876487661562243,0.13931580368765575,"[-5.1366710568657865, -0.6089474878465801]",10.973323110137223
8328.0,24.0,0.9673938980035249,0.9927079507475884,0.10006491247323551,0.7968003767286872,0.8176504635491916,"[-0.6616092084492788, 0.8617390333957498]",0.7544049477713903,0.846340618440439,0.9708072590103425,"[-6.875552534366904, 8.384362429909686]",21.118385363260803
8329.0,24.0,0.3598786424870842,0.6150720261273017,0.46251106217898236,0.14332948170177623,0.24500766102867733,"[-0.1568961534983065, 1.0819182778562713]",0.08627719802295175,0.903239548419672,0.982851517978372,"[-1.3046922543105242, 1.4772466503564277]",23.670445379004693
8330.0,24.0,0.4298458499100354,0.6927415747614272,0.36796765288044064,0.18543868607036906,0.2988536439490234,"[-0.17666814107334672, 0.912603446834228]",-0.46448369806213563,0.5477976148423156,0.8927601284913879,"[-1.9790843049818931, 1.0501169088576219]",1.774197036772615
8331.0,24.0,0.9018054699488629,0.9803320843451189,0.16879806196444247,0.6486632996540223,0.7051454943268521,"[-0.5573293325828907, 0.8949254565117757]",1.869927574008642,0.37913156351068944,0.8071632041216925,"[-2.2972139019236195, 6.037069049940904]",16.857402800944527
8332.0,24.0,0.7607834770993291,0.9294675252910781,0.20462515458222907,0.45683867356142094,0.5583285745194163,"[-0.33438593816196927, 0.7436362473264274]",0.1058278603751619,0.9395502110290254,0.9892015094756179,"[-2.629297705603291, 2.840953426353615]",23.595767349706897
8333.0,24.0,0.6284854855182973,0.8611749596030382,0.271236536958537,0.33027669304915896,0.4525578145370772,"[-0.2748167561860869, 0.8172898301031609]",-2.654598713504811,0.011434570134886997,0.12790346907032435,"[-4.7117954957507955, -0.5974019312588257]",10.139820172312241
8334.0,24.0,0.7748434912316952,0.9352804524969401,0.1921111919407994,0.4727281008388484,0.5705142419006136,"[-0.3322706957999316, 0.7164930796815304]",0.5126278517438028,0.7182362882286404,0.9468743958763655,"[-2.2719755790352645, 3.29723128252287]",22.04190584228147
8335.0,24.0,0.915675370362354,0.9843055544897815,0.10045529700798522,0.6741069124981351,0.7246587652511227,"[-0.3677497621193937, 0.5686603561353641]",-0.24620409738101134,0.9202793534178163,0.9876219255870755,"[-5.0677698197164744, 4.575361624954452]",0.9404303785839917
8336.0,24.0,0.42781490530079463,0.6912342509767972,0.4052019314226241,0.18398673681172895,0.2973741903247158,"[-0.1925652236283693, 1.0029690864736176]",-1.4096369485116425,0.052085101267432724,0.32965253966729574,"[-2.8319986602596408, 0.012724763236355852]",5.384416519694483
8337.0,24.0,0.9405990560602968,0.9882270368621947,0.13040284800055627,0.726155894930738,0.7629290764138873,"[-0.5993318051522735, 0.8601375011533859]",2.132096325842044,0.4476703422047459,0.849141708329871,"[-3.371402253193536, 7.635594904877624]",15.85599193426009
8338.0,24.0,0.38415585204930985,0.644340577070295,0.5021024645111369,0.15745065169605865,0.2640903248843654,"[-0.1940171356241156, 1.1982220646463895]",1.7927497647780184,0.008689881334551227,0.10929654449294614,"[0.45368769194395675, 3.13181183761208]",17.152200317009896
8339.0,24.0,0.7459515224793538,0.9237789752066301,0.33393221417039554,0.4409213058591549,0.5460980199825648,"[-0.5153573237345848, 1.1832217520753758]",-1.3325164631182949,0.28796152722956814,0.738579081276868,"[-3.790331446314103, 1.1252985200775134]",5.089837964558541
8340.0,24.0,0.5041736157480581,0.763899417800088,0.39862568482505395,0.23453222122965667,0.35556734570900045,"[-0.2586043792550338, 1.0558557489051417]",-0.07134986569500779,0.9349263746146453,0.9892015094756179,"[-1.7840999217354978, 1.6414001903454822]",0.2725364115432802
8341.0,24.0,0.45676530407845717,0.7198824080926447,0.34179873953523265,0.20249028458809903,0.319234249705343,"[-0.18383419381012256, 0.8674316728805879]",1.613974348179232,0.03256693336299731,0.24917317033662822,"[0.13397143877674345, 3.09397725758172]",17.83507210713013
8342.0,24.0,0.20759665938551805,0.39332447780507396,0.5142169806129296,0.06608665276427911,0.1252115436988994,"[-0.03417093384719505, 1.0626048950730542]",0.3899166926680513,0.4856361301959088,0.8681044865937313,"[-0.7061102240976282, 1.4859436094337308]",22.51062794322807
8343.0,24.0,0.8573646821028391,0.9649685293156162,0.19848845302498347,0.5778201899470153,0.6504654499893704,"[-0.5004876494467341, 0.8974645554967011]",0.3327745382184739,0.8573944918552225,0.9714417537448703,"[-3.2969176762501076, 3.9624667526870554]",22.72889489537777
8344.0,24.0,0.3503422680357449,0.6034141716082413,0.49322786857103346,0.13821642385483493,0.23805791225427994,"[-0.15886739343805772, 1.1453231305801246]",-0.7599685956081039,0.26083206910464496,0.7094793425679659,"[-2.084653553074727, 0.5647163618585194]",2.9028662060552497
8345.0,24.0,0.39937792782840825,0.6614511215031866,0.45602432134852294,0.16674944691576743,0.2761846809162185,"[-0.19037446316224588, 1.1024231058592917]",2.5229081801579154,0.0005713834021039312,0.01833140245497695,"[1.087486045011829, 3.9583303153040017]",14.363200611861354
8346.0,24.0,0.2800814432376553,0.5058360903696141,0.48026746968686446,0.10063588902262062,0.1817188317490441,"[-0.09307836723031554, 1.0536133066040445]",-2.095850567266333,0.0004525042348979597,0.0157119526006236,"[-3.267028295790018, -0.9246728387426477]",8.005559466297354
8347.0,24.0,0.2270839764265742,0.4236641351242056,0.450047981305987,0.07483392571432532,0.1396155330491144,"[-0.04508943198392057, 0.9451853945958946]",-1.4508947205152847,0.007292509667146392,0.097623958060862,"[-2.510718634342351, -0.3910708066882187]",5.542009600222597
8348.0,24.0,0.7463608114241577,0.923874330742168,0.26556547238888367,0.4416173958173438,0.5464885482209427,"[-0.4108770613016462, 0.9420080060794136]",-0.8423430266122107,0.5150512634571649,0.8807058948957643,"[-3.3784117830276976, 1.6937257298032762]",3.2175133551437107
8349.0,24.0,0.6787783206196487,0.8886644746139917,0.28966475859546303,0.37451870706456936,0.4904645194664345,"[-0.3496441313525064, 0.9289736485434325]",0.1588755595330671,0.8918022990763622,0.9795465253756226,"[-2.1303553757880187, 2.448106494854153]",23.39314006473172
8350.0,24.0,0.43501846958005974,0.6984882298973342,0.4335577191424007,0.18854254512617363,0.30273369480760054,"[-0.2126934439212338, 1.0798088822060352]",1.376376588933491,0.06073755213813897,0.35710582559686244,"[-0.06206152445475355, 2.814814702321735]",18.74262869556656
8351.0,24.0,0.9366186679246166,0.9880486751993395,0.12088990196627959,0.7172181646991358,0.7566763369273668,"[-0.5333163345613134, 0.7750961384938726]",-0.624607556478181,0.823157030262234,0.9666963285808975,"[-6.102385007465397, 4.853169894509035]",2.3858251225452647
8352.0,24.0,0.7436934973627286,0.9235007410284531,0.2992222811263725,0.43866034587389824,0.5447843341702661,"[-0.4580367857331188, 1.056481347985864]",-0.4310780581936928,0.7447292636103594,0.9547509829752914,"[-3.025995715882149, 2.1638395994947635]",1.6465968916795664
8353.0,24.0,0.6410045227546113,0.8701947430839957,0.35570894128737796,0.34109234111321973,0.4630003272882038,"[-0.3766125005903245, 1.0880303831650804]",-2.376877968874755,0.023870123161810256,0.20471803740832126,"[-4.438921124636634, -0.31483481311287553]",9.079005068943394
8354.0,24.0,0.595044277176463,0.8375007419795397,0.30524540354026264,0.3025103225042698,0.425830971993623,"[-0.27499927201913066, 0.8854900790996559]",-3.0696006597186307,0.002313713709494722,0.04674169110090347,"[-5.044299219834672, -1.094902099602589]",11.725010839496713
8355.0,24.0,0.9243897471279334,0.9862215899768196,0.1293892004905213,0.6912716329876625,0.7376711482100763,"[-0.509188099093933, 0.7679665000749756]",1.914479948549114,0.4334830427117071,0.8404091560909405,"[-2.8762432906963857, 6.705203187794614]",16.687225265714186
8356.0,24.0,0.8000717888654941,0.9455321020522349,0.3175401644474855,0.5022786789828273,0.593621602891175,"[-0.6101080603189428, 1.245188389213914]",-2.5791076952581653,0.08877738614322273,0.4334853063641949,"[-5.549323338170114, 0.39110794765378376]",9.851465723200384
8357.0,24.0,0.5390760791657635,0.7950974618964063,0.33614608263261136,0.25981603322162494,0.3831425306204004,"[-0.2485353010284559, 0.9208274662936786]",2.612600252044271,0.003865832126149649,0.06448782502380641,"[0.8400952366768062, 4.385105267411736]",14.020602133536544
8358.0,24.0,0.979962968219537,0.9948681677324512,0.0701489230989351,0.8405832485824137,0.8534706554801642,"[-0.6133761974508952, 0.7536740436487653]",0.8771717295434165,0.8589712506152448,0.9718046448331139,"[-8.798579716576205, 10.552923175663038]",20.649450799264756
8359.0,24.0,0.8233829262989598,0.952879211085476,0.17245918895215576,0.5312256670783071,0.6147733677564021,"[-0.3673815775509375, 0.7122999554552489]",-0.18369288970789022,0.9116482771980373,0.9853526558560715,"[-3.4283964900561568, 3.0610107106403763]",0.7016551537882818
8360.0,24.0,0.85102034865797,0.9629105551685563,0.16722311603770967,0.5688078512873231,0.6435934049415287,"[-0.4079727726782213, 0.7424190047536406]",2.648389979672467,0.13957224269266452,0.5354870071966664,"[-0.8650787950237895, 6.1618587543687235]",13.883895444001984
8361.0,24.0,0.452440572651313,0.7154568030617405,0.4449710329876888,0.1999842907343673,0.31626659744910157,"[-0.23552967005784908, 1.1254717360332267]",0.6629758588576493,0.3999098142537213,0.8206211468997754,"[-0.8806640904289988, 2.2066158081442975]",21.46761875789305
8362.0,24.0,0.6739680871342949,0.8873352013781105,0.31830563771360326,0.37040468559438944,0.4874387229824838,"[-0.3781962406224943, 1.0148075160497008]",0.8593448786920099,0.4388696086483358,0.8451378487968474,"[-1.3164430991659648, 3.0351328565499847]",20.717544353651075
8363.0,24.0,0.9594706551385132,0.9918311520199155,0.09391354408315918,0.7734520149993668,0.799764259124565,"[-0.5455138991447724, 0.7333409873110909]",1.2753397397625914,0.7046569580445858,0.9423077547908834,"[-5.319239406258012, 7.8699188857831945]",19.12856103108605
8364.0,24.0,0.7826720306460238,0.9391313062707268,0.23398874512211243,0.48146108342773564,0.577707083546599,"[-0.4174872891396274, 0.8854647793838523]",1.6734246572628635,0.22123922832648424,0.660857272862046,"[-1.0078588541537665, 4.354708168679494]",17.60798865371411
8365.0,24.0,0.9929417787588506,0.9974302147251135,0.03901864010228701,0.9052927622830576,0.9093849947594751,"[-0.6037481786170867, 0.6817854588216609]",-2.629982260533433,0.7590672001601935,0.9564591353912479,"[-19.436537540621337, 14.176573019554473]",10.045792248189427
8366.0,24.0,0.6960484857687712,0.8988656491868143,0.364540005015881,0.39070996153571436,0.5045976514732201,"[-0.4678727243964633, 1.1969527344282254]",-0.04264077143163281,0.971901779919204,0.9946639642340541,"[-2.415350442066136, 2.33006889920287]",0.16287574921430487
8367.0,24.0,0.903095428239221,0.9807517539335464,0.18172139290239092,0.6508877683969545,0.7069114639866343,"[-0.605338008622653, 0.9687807944274347]",3.015839205988774,0.18856743653706787,0.620366733572685,"[-1.4797545174498232, 7.511432929427372]",12.480342787117195
8368.0,24.0,0.746582846672746,0.923874330742168,0.23523071877031385,0.4415656930561984,0.5464885482209427,"[-0.3638759595818103, 0.834337397122438]",2.9515053194127545,0.028407434626454276,0.22744143015575882,"[0.31196854453696776, 5.591042094288541]",12.726080132482481
8369.0,24.0,0.9264955329075181,0.9869006238971448,0.11721098488310475,0.6955159991145161,0.7409353351598127,"[-0.4697607860342049, 0.7041827558004145]",-1.3413661012156268,0.5868470209757832,0.9076681456842388,"[-6.179380834397798, 3.4966486319665444]",5.1236410921048945
8370.0,24.0,0.9946507369605716,0.9984605798120694,0.033270371937388445,0.9175356234266376,0.9211280227152271,"[-0.596531617027228, 0.6630723609020049]",-2.6948139085730003,0.7853365850711631,0.9608848990282411,"[-22.086502356186227, 16.696874539040227]",10.293430902292414
8371.0,24.0,0.8911845976159496,0.9767241063199419,0.1741243324570376,0.6304763161143054,0.6910086761445697,"[-0.535308744986612, 0.8835574099006872]",2.009449001551755,0.3218204011344704,0.7649641101366066,"[-1.9658740313746446, 5.984772034478155]",16.32447020428715
8372.0,24.0,0.8102756746103934,0.9482278699781302,0.22891766723345852,0.5145534931020004,0.6022395752598318,"[-0.4594763709498244, 0.9173117054167415]",1.6476064054859574,0.26464823069344556,0.7145777164116436,"[-1.2473558622975518, 4.542568673269466]",17.706607111128964
8373.0,24.0,0.8086839161450172,0.9479515751594272,0.2328791330863838,0.5128697913875566,0.6011836729428632,"[-0.4646325859790405, 0.9303908521518081]",-0.6919186291918811,0.6530354015493837,0.9301211184160023,"[-3.708574155561559, 2.3247368971777966]",2.6429344812781457
8374.0,24.0,0.9582054875849427,0.9913252039045252,0.10645310854768818,0.7699174197347954,0.7966967574296145,"[-0.606902260218893, 0.8198084773142694]",-1.4638261616667512,0.6566450540319548,0.9301211184160023,"[-7.917649461980531, 4.989997138647029]",5.591404066955985
8375.0,24.0,0.975702951130573,0.9944981775987023,0.07459968884752845,0.8245026924174003,0.8405573375648897,"[-0.5847364146093083, 0.7339357923043651]",-2.3574619453826386,0.6011594999350648,0.91161020243821,"[-11.196646125723143, 6.481722234957866]",9.004841322208385
8376.0,24.0,0.6527030243957406,0.8776136598629726,0.27635214562659544,0.3512599204419944,0.47223420649775827,"[-0.3047145013481953, 0.8574187926013861]",-0.6060603737577868,0.577280463974639,0.9031296370066316,"[-2.737274143411236, 1.5251533958956625]",2.3149801030961608
8377.0,24.0,0.6818722541102435,0.8905214236779986,0.2864672678438657,0.37770336215131173,0.49321410570816365,"[-0.35001694826003865, 0.9229514839477702]",0.8190779439141416,0.4688134945156618,0.8577935978397636,"[-1.3970168368505065, 3.0351727246787896]",20.871352714764434
8378.0,24.0,0.6405747969769409,0.8701947430839957,0.27110175426011396,0.34043868249953635,0.46252960636798524,"[-0.28627821513732965, 0.8284817236575576]",-1.8074635528879153,0.07457280321790158,0.3985719038904414,"[-3.794226697332753, 0.17929959155692243]",6.904002213613227
8379.0,24.0,0.36730599690167015,0.6232920361474124,0.3894472312752507,0.14783121649212475,0.25077390414270523,"[-0.13797418583767196, 0.9168686483881734]",-0.5909244173918564,0.39932766616140647,0.8206211468997754,"[-1.9651051465968652, 0.7832563118131524]",2.2571650085186956
8380.0,24.0,0.5509590429497274,0.8040850013860587,0.3321900773438919,0.2683978547091589,0.3917644938098947,"[-0.25608632330670106, 0.9204664779944849]",0.1540114698854893,0.8694818136363888,0.9742530297363818,"[-1.6830317688380718, 1.9910547086090504]",23.411719518597017
8381.0,24.0,0.9024688607808077,0.9807071911568184,0.15608643889697993,0.6500016112074397,0.7063493343320819,"[-0.5181110028666139, 0.8302838806605738]",-0.7634577148600767,0.7294610514274147,0.9506036395610776,"[-5.090136596822, 3.5632211671018466]",2.9161936598789753
8382.0,24.0,0.8726414803063868,0.9711122638619929,0.1992658759893922,0.6007117116696485,0.6684973421651998,"[-0.5469528341186741, 0.9454845860974584]",-1.1429940232949676,0.5395455802087001,0.8896052435427867,"[-4.794544147512223, 2.5085561009222883]",4.365915569565289
8383.0,24.0,0.916211164255031,0.984432324331182,0.18335658576597968,0.6750843166475293,0.7253511514424942,"[-0.6739648193206061, 1.0406779908525654]",0.05051004756828892,0.983742186886653,0.9971100704756963,"[-4.80767158234009, 4.908691677476668]",23.807065830088803
8384.0,24.0,0.45624781018635313,0.7195202810067074,0.3753919802629413,0.2021786128641001,0.31894401776952214,"[-0.20150354975034124, 0.9522875102762238]",-0.14892184238639938,0.8547425233850661,0.9710102122541093,"[-1.7432862228299861, 1.4454425380571874]",0.5688395364035425
8385.0,24.0,0.5479394198438265,0.8019753196290194,0.4524210594263778,0.266449023929341,0.38999394740406074,"[-0.34551570515460794, 1.2503578240073634]",0.6824283593979183,0.45179496406591413,0.8509982370802677,"[-1.0952017984295361, 2.460058517225373]",21.39331567909749
8386.0,24.0,0.5213937178628151,0.7788900967344006,0.4027427349501091,0.24681884277569677,0.36869365316365343,"[-0.2788511921833366, 1.0843366620835548]",-0.2931850072738049,0.7422828787844089,0.9537299711909787,"[-2.0406807727634577, 1.454310758215848]",1.1198842355534242
8387.0,24.0,0.8024803821127422,0.9464161733347914,0.24552216035095523,0.5049774910471616,0.5955625557815327,"[-0.47628687473494713, 0.9673311954368575]",1.7329799052689623,0.23081737991399476,0.6711758648269693,"[-1.1016216074815444, 4.5675814180194685]",17.38050436314048
8388.0,24.0,0.4338170150048162,0.697223271285083,0.4670624596521779,0.18775977421355117,0.3018160652846024,"[-0.22789736936921262, 1.1620222886735685]",1.4309665858715581,0.050472581045829176,0.32380876915018353,"[-0.002946179509626168, 2.8648793512527426]",18.534110267021003
8389.0,24.0,0.898935230096461,0.9792822092434281,0.12691218696252576,0.643799324056364,0.7014592765922467,"[-0.41103533809822806, 0.6648597120232795]",-0.8029452779689459,0.7100582418078418,0.9447289007555106,"[-5.035967073431211, 3.430076517493319]",3.067025040505288
8390.0,24.0,0.8813149611632829,0.9738286863682684,0.19641813306432643,0.6143094577673273,0.6787949809583727,"[-0.567519833856055, 0.9603560999847078]",-1.1755349556971666,0.5427630189309087,0.890788466764078,"[-4.961033441495278, 2.6099635301009454]",4.49021277543639
8391.0,24.0,0.9520884934663191,0.991078205928571,0.1080832176323624,0.7537954002575534,0.7850399919366313,"[-0.5673409500885865, 0.7835073853533113]",1.277068898257805,0.6791868508763175,0.9353902367116341,"[-4.775088887047412, 7.3292266835630215]",19.121956132160392
8392.0,24.0,0.5065415842335595,0.7663261486135545,0.40408882604579405,0.23636643276152736,0.3575350669513347,"[-0.26476315976886905, 1.072940811860457]",-1.163833072692281,0.1570671865744325,0.5698539169342354,"[-2.7758922294643678, 0.4482260840798058]",4.445514874867336
8393.0,24.0,0.9752172020556117,0.994409301576029,0.07820050741715419,0.8226956882607784,0.838931514454303,"[-0.6057995605589026, 0.7622005753932111]",1.9550414960824076,0.6524434011432374,0.9300689966403954,"[-6.553091181884679, 10.463174174049495]",16.532291566769054
8394.0,24.0,0.7529732462396681,0.9262400611026866,0.19280059291992635,0.44849894480075125,0.5517270818068044,"[-0.30577745657245337, 0.6913786424123061]",0.3718912410301023,0.7840880220277547,0.9608848990282411,"[-2.2883467497149375, 3.032129231775142]",22.579480096739513
8395.0,24.0,0.9564940978094634,0.9911597957501838,0.09542384988584987,0.7654397311648702,0.7933662221858108,"[-0.5314584556382598, 0.7223061554099595]",0.8083403400453122,0.8090976645529603,0.9651125328399317,"[-5.749531272817294, 7.366211952907919]",20.912367340348922
8396.0,24.0,0.6030143025440442,0.8439668335116084,0.2916093889501296,0.30902642587001783,0.4325072440448115,"[-0.270233169790597, 0.8534519476908562]",1.296791859787417,0.17281118271479345,0.5952848181701462,"[-0.5676566419521916, 3.1612403615270255]",19.046619968484013
8397.0,24.0,0.31385478613761836,0.55402433563569,0.485089672794064,0.11796521670243473,0.20827192214412912,"[-0.12305639400991109, 1.0932357395980392]",0.007379967360859219,0.9911419578390058,0.999042938587908,"[-1.2954745674862673, 1.3102345022079858]",23.971810601151898
8398.0,24.0,0.8721250290502668,0.9711122638619929,0.205106415310871,0.5997683434384687,0.6679678621655738,"[-0.5609987641847283, 0.9712115948064703]",1.498504475923239,0.4140227500265171,0.8280792891742401,"[-2.0970992191052025, 5.094108170951681]",18.276134529875673
8399.0,24.0,0.9390414609094523,0.9880486751993395,0.09423661601075706,0.7226493315498166,0.7603633539034266,"[-0.4261630209763082, 0.6146362529978223]",0.8531560287925597,0.7608384867142852,0.9565482608929913,"[-4.640489062164594, 6.346801119749713]",20.741184018936305
8400.0,24.0,0.5650159722740986,0.8160253787898594,0.35905749273454707,0.27921726427018734,0.40326005816029364,"[-0.2913012307578577, 1.0094162162269518]",-2.694082569013573,0.0044285926364326465,0.07005867828873863,"[-4.54948946726209, -0.8386756707650558]",10.290637390949337
8401.0,24.0,0.7007755119002176,0.900866244279702,0.24048395470543768,0.3952604353073479,0.5082428125335579,"[-0.31395770841672677, 0.7949256178276022]",1.455430998229283,0.198962475794479,0.6328323021452894,"[-0.7653266516756232, 3.676188648134189]",18.44066309526331
8402.0,24.0,0.5734595188813814,0.8231403942148471,0.3854879435753361,0.2855346459533671,0.40988332965648944,"[-0.32196959654821833, 1.0929454836988906]",-0.16071552412083,0.8685614995948697,0.9740221701188653,"[-2.0641799545869635, 1.7427489063453034]",0.613888082290436
8403.0,24.0,0.2852220573100052,0.5130912915314197,0.4128899721845742,0.10326947975992781,0.1857637705421427,"[-0.08382414611564681, 0.9096040904847952]",0.5839371798145709,0.34870047653532055,0.7883800057321287,"[-0.6373626422499645, 1.8052370018791064]",21.76952427305688
8404.0,24.0,0.6612527672248529,0.8810787287045051,0.30490238300158534,0.3585838581931933,0.47792064266719086,"[-0.34602807640336786, 0.9558328424065385]",1.7421651877644653,0.09722646342828346,0.4523225761098117,"[-0.31673251646950895, 3.8010628919984395]",17.345419168431967
8405.0,24.0,0.9565002779807145,0.9911597957501838,0.10069345322800426,0.7652894645337706,0.7932926967282788,"[-0.5603709501636784, 0.761757856619687]",1.5254679665503135,0.636064984375678,0.9241223256083614,"[-4.79281910491521, 7.8437550380158365]",18.173141582284213
8406.0,24.0,0.9881292184545587,0.9964998169166586,0.057113695390959285,0.8771898781377546,0.8846206919501357,"[-0.6672697010822122, 0.7814970918641309]",-1.1980987185964809,0.8489534540417164,0.9708072590103425,"[-13.527750015225664, 11.1315525780327]",4.576400001040695
8407.0,24.0,0.6346937697708394,0.8658850979538747,0.3069276764230083,0.3354365425054907,0.4576839166400474,"[-0.3176092516830438, 0.9314646045290604]",2.825392768647149,0.008331834688405655,0.1066816221306742,"[0.7264541549374028, 4.924331382356895]",13.207794592649048
8408.0,24.0,0.532461540574433,0.7889487932648287,0.37971686389771275,0.25502511043800113,0.3777359114324835,"[-0.2741337677715049, 1.0335674955669303]",-0.6277252783631475,0.4801744412435335,0.8640893310122971,"[-2.370332301692903, 1.1148817449666082]",2.3977339429255418
8409.0,24.0,0.8211318661044268,0.952702964066887,0.1850426998844013,0.5283202794162257,0.6130427934743858,"[-0.39011273229153826, 0.7601981320603408]",1.7515190515075485,0.25223613034713943,0.7000725238610587,"[-1.2468298448423303, 4.749867947857427]",17.309690040790695
8410.0,24.0,0.9923727204284087,0.9971144483581366,0.04785378943070149,0.9015109208560291,0.905859044268518,"[-0.7100411726930621, 0.8057487515544651]",-1.3665227358789203,0.8609309020071407,0.9723255868115467,"[-16.65475978780217, 13.92171431604433]",5.219732358302176
8411.0,24.0,0.5606873827100375,0.8124813722315395,0.4029685724275325,0.2758690600355721,0.39981023193561177,"[-0.321857475566957, 1.127794620422022]",1.1924389197129814,0.18148546698752777,0.6112323308967923,"[-0.5566597666406343, 2.941537606066597]",19.445218838220462
8412.0,24.0,0.9558131607707373,0.9911597957501838,0.12150365542510143,0.763607214048082,0.7922115753234432,"[-0.6703332321338594, 0.9133405429840623]",-0.9330541055802586,0.7765848171250306,0.9595896677274527,"[-7.377488193113402, 5.511379981952885]",3.5640041538068488
8413.0,24.0,0.5532332334380826,0.8058750669163621,0.3373158666631067,0.27009308336996385,0.3934384047532647,"[-0.262156424826488, 0.9367881581527013]",-0.12713533981532343,0.8925444551988868,0.9795465253756226,"[-1.9717530743899387, 1.7174823947592919]",0.4856212265586379
8414.0,24.0,0.5927266324724008,0.8356128398983712,0.33373633589480556,0.30073325530249606,0.42398597956082906,"[-0.2983392960586496, 0.9658119678482607]",-1.3183029460301974,0.15824943096647148,0.5719169893981622,"[-3.149526340837684, 0.5129204487772892]",5.035546328479537
8415.0,24.0,0.5832670381678196,0.8293502717358707,0.35816583706913757,0.29348376279015287,0.4171930921351808,"[-0.3100736262775093, 1.0264053004157845]",2.215094656281712,0.018670946875907743,0.1758249803107462,"[0.36924494203472813, 4.060944370528697]",15.538961664871742
8416.0,24.0,0.27394110014085693,0.4963549603620181,0.5462162767559042,0.09745147233725196,0.17660651021611448,"[-0.09973840050294824, 1.1921709540147567]",1.89710985669997,0.001188023389822592,0.029925022413667308,"[0.7501125800628559, 3.044107133337084]",16.75357412922822
8417.0,24.0,0.7449960895354837,0.9237571446140801,0.30575392858339245,0.43990884694262444,0.5455895410425703,"[-0.4701493535044493, 1.081657210671234]",-2.9066380294219547,0.03006562894553304,0.23714240288684302,"[-5.5328785748812095, -0.2803974839626995]",11.10253944387336
8418.0,24.0,0.9938941715633459,0.9979859138099668,0.04839065826501996,0.9118858570803278,0.9156399810024377,"[-0.8086835252937221, 0.9054648418237621]",-0.33043450948522146,0.9717033706210618,0.9946639642340541,"[-18.588206314949762, 17.927337295979317]",1.2621668532652506
8419.0,24.0,0.13044058437061293,0.258759342135713,0.5680494419764166,0.03451014734265027,0.06843178136555675,"[0.041405697567439836, 1.0946931863853933]",0.6269661246411395,0.19031301853837956,0.6227520240130222,"[-0.31132087335730363, 1.5652531226395827]",21.60516581069264
8420.0,24.0,0.8057187857038617,0.9472193921409253,0.17973378578330987,0.509192479404025,0.5985860033597507,"[-0.3539339809499824, 0.7134015525166022]",0.6297450333124344,0.6812021585604013,0.9356843168376249,"[-2.3746556338459524, 3.634145700470821]",21.59455116145814
8421.0,24.0,0.9547500978683937,0.9911597957501838,0.09712252311504496,0.7607342031450994,0.7901269247456372,"[-0.5279879916881499, 0.7222330379182399]",2.72213392728666,0.4191501312746937,0.8307712672074292,"[-3.8817863231108567, 9.326054177684176]",13.602214313140177
8422.0,24.0,0.5858741924535866,0.8306360712489077,0.2776152204791429,0.29521479944041495,0.41858156886452635,"[-0.24219918064024892, 0.7974296215985347]",-3.0768970948221392,0.0019341669365598466,0.04159498788300745,"[-5.022154490546665, -1.1316396990976136]",11.752881168624855
8423.0,24.0,0.3200475580439389,0.5628348604522168,0.536265326677011,0.12155014548809809,0.2136957550775283,"[-0.14258302221597607, 1.215113675569998]",-2.307670683075022,0.0003353948967028179,0.01271602237067329,"[-3.5688433110709914, -1.0464980550790532]",8.81465270975137
8424.0,24.0,0.8316862678705357,0.9548988819733071,0.19952853050141897,0.542083243425083,0.6226588836408568,"[-0.44191923011989076, 0.8409762911227286]",1.6474134118340054,0.296808192430405,0.7463117737752201,"[-1.4474424073648344, 4.742269231032845]",17.70734429257761
8425.0,24.0,0.7877469717913208,0.9405933991538159,0.25340261839690964,0.4875543286206625,0.5821544222336269,"[-0.46203557559153646, 0.9688408123853558]",2.029195088957593,0.14929359672140724,0.5554077258980924,"[-0.7288239695595848, 4.787214147474771]",16.24904570627042
8426.0,24.0,0.9767689940411644,0.9944981775987023,0.07670511031054034,0.8283699641601969,0.843486542137845,"[-0.6167652400808814, 0.7701754607019622]",-0.9606309061107989,0.8328668478953978,0.9699159751897027,"[-9.882756295564931, 7.961494483343333]",3.6693397726651216
8427.0,24.0,0.7210281006758428,0.9119698259094708,0.28781121692864176,0.41516357558551265,0.5251911139601678,"[-0.40447098040698715, 0.9800934142642707]",1.625443358571287,0.16878424610473164,0.5874920082054731,"[-0.6896226666055698, 3.940509383748144]",17.791263714419703
8428.0,24.0,0.4906545522893327,0.7527047796205684,0.4508901452970207,0.2254561379213682,0.3457840462961681,"[-0.2781703473848138, 1.1799506379788551]",0.991249245141562,0.22239765257537059,0.6620948275539464,"[-0.6009888224750146, 2.5834873127581384]",20.213706787190652
8429.0,24.0,0.7875760729573195,0.9405933991538159,0.19875629784830742,0.4874481610000392,0.5820971590638155,"[-0.3622606797812039, 0.7597732754778187]",2.2139704656754606,0.12018315428806023,0.5042854342245806,"[-0.5783638960735837, 5.006304827424505]",15.54325575667884
8430.0,24.0,0.6873155147471954,0.8933280599697424,0.3563649713425372,0.38261841567476984,0.4973591780511762,"[-0.4436315413805978, 1.1563614840656722]",-1.9700910873092754,0.07725413394195965,0.40478983322809736,"[-4.155515866927786, 0.21533369230923505]",7.525193637277391
8431.0,24.0,0.6739301763020333,0.8873352013781105,0.29988149882274884,0.37018195470471793,0.4874387229824838,"[-0.3560001708365448, 0.9557631684820425]",-0.3663175761452999,0.7497163561203677,0.9551730187504387,"[-2.6169104031056487, 1.8842752508150489]",1.3992300716391899
8432.0,24.0,0.3754935600817406,0.6336374621696601,0.47866836353444325,0.15247821441850087,0.25730377053408854,"[-0.17701476229561702, 1.1343514893645035]",1.9799588369069223,0.0036320960326759544,0.06251456166395791,"[0.6456983085099639, 3.314219365303881]",16.437114335706802
8433.0,24.0,0.9542978788045634,0.9911597957501838,0.1160492327051218,0.7594843478058876,0.7891566373710386,"[-0.62687538573147, 0.8589738511417135]",-2.920969940157243,0.3877528001402447,0.8128805960587455,"[-9.549425336788183, 3.7074854564736954]",11.157283310372712
8434.0,24.0,0.8993727809691644,0.9792822092434281,0.1733563550100816,0.6443459104571124,0.7015961568566119,"[-0.5626690885301637, 0.909381798550327]",1.7478352501115149,0.40286952611679083,0.8217863309641231,"[-2.3473995542393995, 5.843070054462429]",17.323761125627836
8435.0,24.0,0.6955972858061139,0.8987045036254702,0.2832975881523624,0.39035202059416163,0.5043307759614492,"[-0.36311282964932123, 0.929708005954046]",1.8115459069992141,0.10738467643089566,0.4795749035878054,"[-0.3936911067823461, 4.016782920780774]",17.08040434231642
8436.0,24.0,0.38326397757936587,0.6432762295726181,0.5495252467036352,0.15693207745341156,0.2634414595491213,"[-0.21139032884895692, 1.3104408222562274]",-1.8074691456861753,0.008107906787206092,0.10451684302914481,"[-3.1455303371643284, -0.46940795420802206]",6.904023576528958
8437.0,24.0,0.7078088597268447,0.9053821939325685,0.233206438750653,0.4023815109545613,0.5146859950813012,"[-0.3126373311714214, 0.7790502086727273]",2.196284853029649,0.062674996902963,0.36375506037703426,"[-0.1161847129051159, 4.508754418964414]",15.610809820859387
8438.0,24.0,0.6443754647488724,0.8732558134555799,0.29315873586643076,0.3437669952620044,0.46596119686006665,"[-0.31374015849294373, 0.9000576302258052]",-2.847441146719371,0.009030607475594248,0.11075940688667328,"[-4.984978585111247, -0.709903708327495]",10.876424007927426
8439.0,24.0,0.7308594245406704,0.9159479863222322,0.2416311578815709,0.4253118162993669,0.533093444005422,"[-0.3524039227716503, 0.8356662385347922]",-0.40784452361190304,0.7514796954032832,0.9552799279805988,"[-2.931964109060088, 2.116275061836282]",1.5578513266990464
8440.0,24.0,0.7222420019103373,0.9126130931391676,0.3314536133660236,0.4164401818008089,0.5262069519848482,"[-0.46798896500896975, 1.130896191741017]",-0.21632165900109346,0.8652058108608329,0.9734244302898619,"[-2.713992805670913, 2.281349487668726]",0.8262878718687221
8441.0,24.0,0.419543928667703,0.6829626056775241,0.41332229206759746,0.17899245731891755,0.29137629386117136,"[-0.18948942900042992, 1.016134013135625]",-2.693533351484793,0.0004096339196898833,0.014474696808829799,"[-4.187458093369761, -1.1996086095998248]",10.288539534520424
8442.0,24.0,0.3430753422923626,0.5939881281384879,0.3194201814097289,0.1339705730468796,0.2320172522460378,"[-0.09833039361825296, 0.7371707564377108]",-1.2440643021485283,0.05457827969544829,0.3394171622851262,"[-2.5125576212189453, 0.024429016921888813]",4.75197559706658
8443.0,24.0,0.209253830644597,0.395864227477482,0.43226574252571914,0.06675784661508914,0.1262918021473499,"[-0.02986533549585163, 0.8943968205472899]",2.9377226283475393,2.005691664781347e-07,4.5583901472303334e-05,"[1.8301939195792354, 4.045251337115843]",12.778726134373782
8444.0,24.0,0.9724016393848061,0.9937497270692525,0.06649281172619484,0.8129470739774491,0.8308094777490538,"[-0.4842649483650818, 0.6172505718174714]",1.112847306990683,0.7874901887452918,0.9612917343082175,"[-6.978302454930055, 9.20399706891142]",19.749236404462295
8445.0,24.0,0.9944592323392684,0.9984530445173377,0.050062638680991665,0.9160819069153715,0.9197609507182445,"[-0.8811379050702228, 0.9812631824322062]",1.050707757838059,0.9101179074785565,0.9847157609726442,"[-17.191409822455764, 19.29282533813188]",19.986591998281696
8446.0,24.0,0.46895342386466965,0.7315966050930883,0.39048567063595147,0.21052183575238748,0.328485426058697,"[-0.2207421893606069, 1.0017135306325098]",-1.6132383009741043,0.03582210525180356,0.2627281442919216,"[-3.1196594073712953, -0.10681719457691341]",6.162116399644788
8447.0,24.0,0.5426324751352434,0.7973228569019281,0.3694051070780609,0.2621951996922083,0.38529786876151106,"[-0.27633986647160197, 1.0151500806277238]",1.7040976014631886,0.047376292596365846,0.3114812136513205,"[0.01972868380725501, 3.388466519119122]",17.49082663718618
8448.0,24.0,0.8984161632305323,0.9792423899246274,0.14441602639410633,0.6426785450843338,0.7005434326186328,"[-0.46566250101450957, 0.7544945538027222]",-0.16693442689605664,0.940465064790972,0.9892015094756179,"[-4.547786470510583, 4.2139176167184695]",0.6376425411052814
8449.0,24.0,0.7726320995929972,0.9345665441914526,0.26076591415380507,0.4702747217025586,0.5689265929138139,"[-0.44708596190618105, 0.9686177902137911]",-0.5998361349513797,0.6693054952010977,0.9332201550489372,"[-3.3524782567686935, 2.152805986865934]",2.291205262143583
8450.0,24.0,0.6082691555610432,0.8468177022985426,0.3180366283687156,0.3132327232367791,0.43607507063452466,"[-0.3000732652695348, 0.936146522006966]",1.44722939852074,0.12978306644985085,0.5211700080803147,"[-0.4251114115710031, 3.3195702086124834]",18.47199089850033
8451.0,24.0,0.42721556188178894,0.6908401712189343,0.3651604115307692,0.18386849025704577,0.29732938269250614,"[-0.17339094352210255, 0.9037117665836409]",0.6196418843675637,0.4160914032017261,0.8288815882747501,"[-0.8737724343990831, 2.1130562031342106]",21.633142347747015
8452.0,24.0,0.8265344128479301,0.9537405397513428,0.2636508050298662,0.5353121394786629,0.6177868292614205,"[-0.5699216101316205, 1.0972232201913528]",-2.993450365453223,0.07367284607433888,0.3959736121910263,"[-6.273627264238327, 0.28672653333188025]",11.434138141490905
8453.0,24.0,0.6528559777242446,0.8776136598629726,0.41309435100075215,0.3511373549126131,0.47223420649775827,"[-0.4552697350990635, 1.2814584371005677]",-1.368709877971206,0.18612797693723604,0.6176940176301067,"[-3.3977395709901197, 0.6603198150477079]",5.228086625707735
8454.0,24.0,0.87609123111813,0.9724665269479806,0.14829613985449827,0.6059733706980339,0.6726311141059317,"[-0.4151749128187391, 0.7117671925277357]",1.3261433903081805,0.47913471189227297,0.8639493090300455,"[-2.3466159956664243, 4.998902776282785]",18.9345053804114
8455.0,24.0,0.30213486034961284,0.53779790023071,0.567906886917143,0.11199935705070505,0.1993580581180225,"[-0.1324629435711676, 1.2682767174054534]",-1.0046260404476772,0.10460879542757326,0.47206135120746057,"[-2.2178983153953653, 0.20864623450001085]",3.8373888071060693
8456.0,24.0,0.2540040054297695,0.4651236136783912,0.5152723867681516,0.08756202423770072,0.16034064134352813,"[-0.07587425808532244, 1.1064190316216256]",1.6851437617517355,0.0028003645845552697,0.052837067633118295,"[0.5800935293239156, 2.7901939941795555]",17.563224971921763
8457.0,24.0,0.7662147052829947,0.9323337646753985,0.2825624674629776,0.462875039680843,0.5633139097977887,"[-0.4718258608490477, 1.0369507957750028]",0.22498910698961527,0.8732398016255642,0.9752862410683755,"[-2.5389431922060592, 2.98892140618529]",23.140604915538514
8458.0,24.0,0.4632250234079382,0.7265135247928768,0.42840669233666434,0.20673382712707267,0.3242883562777611,"[-0.2366204555299119, 1.0934338402032406]",3.071909267594406,0.00018878879020859909,0.008428070991455316,"[1.459286405933446, 4.684532129255366]",12.266170927981115
8459.0,24.0,0.9676996461546287,0.9927600920698563,0.10104146317590743,0.7976206051197796,0.8183242075713344,"[-0.6712527651277395, 0.8733356914795544]",-1.733734811556455,0.6447390397020001,0.9280826827436305,"[-9.103465646660268, 5.635996023547359]",6.622379166472932
8460.0,24.0,0.3938949467811605,0.6555083154953578,0.5974845513755119,0.16345729791284602,0.2720207986567582,"[-0.24285749833249748, 1.4378266010835214]",-0.9486340111191529,0.1807775073159037,0.6107348220131882,"[-2.337857879323222, 0.44058985708491627]",3.6235150093129245
8461.0,24.0,0.37443121322654577,0.6322290986365428,0.506537423644716,0.1517363983314128,0.25622492119455054,"[-0.18606599760288645, 1.1991408448923184]",-0.18193989348121065,0.8013611690494159,0.9644549957475566,"[-1.5993311632967329, 1.2354513763343116]",0.6949592014355419
8462.0,24.0,0.2646441977781802,0.4821355397671346,0.6336105351529298,0.09293247755245591,0.16930675451349225,"[-0.10553200045294309, 1.3727530707588027]",-2.1086222034979194,0.0003084450573357115,0.011955234780453934,"[-3.254050854757593, -0.9631935522382455]",8.05434352320044
8463.0,24.0,0.1984799807148896,0.37784119686824597,0.6424643238380247,0.06207962095884155,0.11817936599817543,"[-0.03245069914581744, 1.3173793468218666]",-1.1363933719528303,0.02974065072130464,0.23582329276289216,"[-2.1611286235820613, -0.11165812032359956]",4.340702938635834
8464.0,24.0,0.7310180878837735,0.9159479863222322,0.2199401771701793,0.42563406959374717,0.533309196333476,"[-0.32114556310518894, 0.7610259174455476]",-0.8149572999010939,0.515213524188247,0.8807058948957643,"[-3.269522663469551, 1.6396080636673633]",3.112907584513999
8465.0,24.0,0.33485779294735746,0.5822601164099417,0.5676985253298125,0.1293313584347309,0.22488544947604966,"[-0.16589181320295576, 1.3012888638625806]",0.08551513198497851,0.9006197997159059,0.9823514394807003,"[-1.2566428911473482, 1.4276731551173052]",23.673356256850436
8466.0,24.0,0.8253197611341561,0.953575691662803,0.16871139588632697,0.5337587453816777,0.6167056561313433,"[-0.3626716603199682, 0.7000944520926222]",0.22497242577964194,0.8924315318149671,0.9795465253756226,"[-3.0357245537656565, 3.4856694053249404]",23.14066863306709
8467.0,24.0,0.9947149768178039,0.9984605798120694,0.03980477005171639,0.9179952544750634,0.9214969428579235,"[-0.7179305478023507, 0.7975400879057833]",-0.010901031817240003,0.9991382816077943,0.9998296237857246,"[-19.793817300529255, 19.772015236894774]",0.041638874364378554
8468.0,24.0,0.22893965313891973,0.426092784550381,0.4659912178884568,0.07568946282668977,0.14091439857285815,"[-0.048192572834390546, 0.9801750086113041]",0.10629668628220124,0.8557074839340247,0.9710616029549124,"[-1.0394165595131928, 1.2520099320775953]",23.59397656665358
8469.0,24.0,0.9654390958648866,0.9924001547942788,0.09312191924288668,0.7907349830557129,0.8129279151390078,"[-0.5946913912764913, 0.7809352297622647]",0.3491850045948892,0.9283126303181262,0.9892015094756179,"[-7.257851966439137, 7.956221975628916]",22.66621153116377
8470.0,24.0,0.6763347395306069,0.8877717807912047,0.2844093777538921,0.3722489520937068,0.48864393816448776,"[-0.34032638489069944, 0.9091451403984836]",-1.456825138147467,0.17716708295115025,0.6032313583807511,"[-3.5726185823896675, 0.6589683060947333]",5.564662126960864
8471.0,24.0,0.1842868269057424,0.3537714982353102,0.579859304252418,0.05585900440352493,0.1072355623027931,"[-0.014504548801164252, 1.1742231573060002]",-0.08520581159070595,0.8753535437061822,0.9754479263760243,"[-1.149837362015782, 0.9794257388343701]",0.3254622262756215
8472.0,24.0,0.3680433267167881,0.6240137787670195,0.5185915360107953,0.14829685014048247,0.25143582594181496,"[-0.18453473112886098, 1.2217178031504516]",2.3098113733496533,0.0008054364114983399,0.022752441002777964,"[0.9587951012022189, 3.6608276454970876]",15.17717045571656
8473.0,24.0,0.5393375694947805,0.7952485542535838,0.4259833662063178,0.25974882054842163,0.38311035479118233,"[-0.3148535139763867, 1.1668202463890225]",-1.4939444685586416,0.08030671775925338,0.4128880090450045,"[-3.1681751088953884, 0.18028617177810524]",5.706447525021659
8474.0,24.0,0.16479695606966727,0.3199940894556646,0.6885063509763796,0.04791339854758321,0.09303572533511303,"[0.006324819432474649, 1.3706878825202846]",-0.9117610591186223,0.06860433821681902,0.3815544498517154,"[-1.893091415214129, 0.06956929697688452]",3.4826707074583334
8475.0,24.0,0.7927033197614411,0.9429258609541356,0.26586733193141854,0.49335988598815417,0.5869139733382752,"[-0.494876670832723, 1.02661133469556]",-1.9745414927999319,0.16484371305495082,0.5822808656126839,"[-4.760812667471008, 0.8117296818711441]",7.5421929340598215
8476.0,24.0,0.3197440497851409,0.5625382909455842,0.5475286703600473,0.12112628883806849,0.21321426583277206,"[-0.14478910408277224, 1.2398464448028668]",1.4645780598011857,0.01841294894824377,0.17427537697329978,"[0.24681504758199213, 2.682341072020379]",18.40572389372889
8477.0,24.0,0.7578830978687512,0.9287935165833112,0.3218187717458826,0.45367929989406164,0.5560476772816052,"[-0.5199765602788073, 1.1636141037705725]",0.12977336446005427,0.9253564999246654,0.9884175389069273,"[-2.585082341234676, 2.8446290701547845]",23.50430226154839
8478.0,24.0,0.7036872273682053,0.9027417926468317,0.2854025701417875,0.3981872203615884,0.5108238875709922,"[-0.3766913112465353, 0.9474964515301103]",1.2414006208283874,0.27960317471693774,0.7296533786976455,"[-1.0089464854797812, 3.491747727136556]",19.258198916107546
8479.0,24.0,0.7023505724883888,0.9017211098836677,0.2854515860010011,0.39680957908354597,0.5095133207750998,"[-0.3748258690060761, 0.9457290410080783]",-2.953589663483077,0.01574871999141892,0.15972332648497892,"[-5.3509722010101, -0.5562071259560537]",11.281881475403026
8480.0,24.0,0.29610895713579133,0.5288604342486004,0.557922587855298,0.10877837791672071,0.1943176903397143,"[-0.12393970387075381, 1.2397848795813498]",1.9670754369487033,0.001191218532083516,0.029930113871445126,"[0.7774958672351289, 3.1566550066622776]",16.486325298599134
8481.0,24.0,0.9293374090345468,0.9878137795754037,0.12110318123177467,0.7015599327318938,0.7457849821748632,"[-0.4982815483831441, 0.7404879108466934]",-0.6498261671477961,0.8053174043782292,0.964880279922775,"[-5.817307286213036, 4.517654951917444]",2.4821531196487667
8482.0,24.0,0.9695658835299765,0.9934076675512055,0.09622034987527042,0.8035706161931931,0.8233312220869711,"[-0.6619888562477183, 0.8544295559982591]",-1.2397718379494265,0.7505852335735277,0.9552799279805988,"[-8.884170867535246, 6.4046271916363935]",4.735579591578611
8483.0,24.0,0.973656465770583,0.9939054670015901,0.062272395172308856,0.8171758270555436,0.8343637196809716,"[-0.46568087220232324, 0.590225662546941]",-2.9192733752809223,0.51450788241959,0.8803357696922911,"[-11.697068741400823, 5.858521990838978]",11.15080290990049
8484.0,24.0,0.6519621863992722,0.8774230720944142,0.3879933439557611,0.35064714086276016,0.4719278142645352,"[-0.426776439959478, 1.2027631278710003]",2.4085198231771905,0.025159701417916732,0.21125008155450606,"[0.3001076929005686, 4.516931953453812]",14.800131950556779
8485.0,24.0,0.9967619731179053,0.9987202807390857,0.03153073871569259,0.9358134018883542,0.937782745654228,"[-0.7358461272090121, 0.7989076046403972]",-0.23455416000683904,0.9854377794644206,0.9971100704756963,"[-25.421735895679916, 24.95262757566624]",0.8959308957085388
8486.0,24.0,0.6519609077521791,0.8774230720944142,0.3515763470483727,0.35041051450766436,0.4717406918372487,"[-0.3863567278670077, 1.089509421963753]",1.8759787997016666,0.0706243807522389,0.38825937741747607,"[-0.15780687876059574, 3.909764478163929]",16.8342888214051
8487.0,24.0,0.21197575931027932,0.3997280017165365,0.5238706711677888,0.06803585675379331,0.1282969201466968,"[-0.03881288089042856, 1.0865542232260061]",1.2039457176491046,0.02378393396564286,0.20415393961925202,"[0.16011288657359168, 2.2477785487246176]",19.401266107723814
8488.0,24.0,0.8586111044224723,0.9655995326388578,0.1891468672988755,0.5797854783897526,0.6520304525300862,"[-0.4803895645985444, 0.8586832991962955]",0.6445768930691926,0.7240089847980207,0.9485258871013498,"[-2.933236972652494, 4.22239075879088]",21.537897630365325
8489.0,24.0,0.14309037904469282,0.2812310908897264,0.5889557437491051,0.03917527889187616,0.07701057379963859,"[0.02923646021292825, 1.148675027285282]",-3.067282712971688,1.132124764607889e-09,6.659557438869936e-07,"[-4.05450529593088, -2.080060130012497]",11.716156935114322
8490.0,24.0,0.4488957389579103,0.71253291898081,0.361982481927827,0.19769381966385957,0.3136311771134683,"[-0.18878624293187196, 0.912751206787526]",2.2572539130111275,0.003392341235487703,0.05930666495607872,"[0.7471812358463767, 3.7673265901758786]",15.377925166338143
8491.0,24.0,0.09111528893617835,0.18651310891047113,0.8509692733839348,0.02076578892891128,0.0425005913403833,"[0.1296399488187523, 1.5722985979491173]",-0.9889847569919379,0.02024123700827408,0.18572110439808867,"[-1.8238267851597367, -0.15414272882413915]",3.7776435052272914
8492.0,24.0,0.35430152768786405,0.6089795892088777,0.3935509867058982,0.1403366955651015,0.24116978100206482,"[-0.1295590099706238, 0.9166609833824202]",0.4501175777028168,0.5169608247379924,0.8811227277424873,"[-0.9112457873655717, 1.8114809427712053]",22.280677500865114
8493.0,24.0,0.9979466782107089,0.9990343549979958,0.01843229427318796,0.9489113385939512,0.9500514002742803,"[-0.5453947997051933, 0.5822593882515692]",-2.4690342120021045,0.8753669691298441,0.9754479263760243,"[-33.322530691979054, 28.384462267974847]",9.431015988075302
8494.0,24.0,0.6059707859483139,0.8459734551840205,0.3328932332253093,0.31148367797222476,0.43485086970853654,"[-0.3117564024858269, 0.9775428689364455]",-1.2192851428653348,0.20379552508329446,0.6386618865055044,"[-3.099779578935606, 0.6612092932049363]",4.65732618061262
8495.0,24.0,0.3461954573173727,0.5983329715129152,0.5413811295085803,0.1356983879292403,0.23452884191019754,"[-0.16980215535006593, 1.2525644143672265]",-1.877060389333323,0.003850669703647256,0.06448782502380641,"[-3.149997792199657, -0.6041229864669893]",7.169842546665503
8496.0,24.0,0.6472917206252189,0.8749550157140022,0.34577142985208886,0.3463239588043534,0.46813187186314326,"[-0.37385076258383, 1.0653936222880076]",2.8236434602796,0.009934568748172733,0.11812804694616806,"[0.6770072544426058, 4.970279666116594]",13.214476458417549
8497.0,24.0,0.30986463341235243,0.5487243375462235,0.6013136767084193,0.11600196299464538,0.20542228261846182,"[-0.1485077888414824, 1.3511351422583209]",-1.1419611577329034,0.06567207906264462,0.37334894293714965,"[-2.3579425878333335, 0.07402027236752695]",4.361970313731244
8498.0,24.0,0.1208660292738169,0.2412014154336797,0.5692634832184853,0.030886499506758768,0.06163739674068802,"[0.05236775656078385, 1.0861592098761867]",1.5133897645499887,0.0006888131969033085,0.02056158796726294,"[0.6394371756372107, 2.387342353462767]",18.219276915532554
8499.0,24.0,0.11043945844996797,0.22198886120596578,0.5871252244118843,0.027285565337325037,0.05483433548497797,"[0.06581503863994675, 1.1084354101838219]",-2.167961248975434,1.2116204369520178e-06,0.0001954226511212932,"[-3.0433968282015402, -1.292525669749328]",8.28100198094687
8500.0,24.0,0.4783790561621322,0.7410984603596162,0.47748585963104884,0.21690999117426812,0.33608613445036895,"[-0.28042259262087066, 1.2353943118829682]",1.830218685333132,0.019454062927935004,0.18078897446670097,"[0.2950873895751511, 3.3653499810911125]",17.009079582961967
8501.0,24.0,0.7724449583092797,0.9345665441914526,0.2154393610647912,0.470067002502062,0.5688613289028808,"[-0.36909953999962475, 0.7999782621292072]",0.6069178624890261,0.6653299539914215,0.9324876720272199,"[-2.1430361804464058, 3.356871905424458]",21.681744531218502
8502.0,24.0,0.2097093646877488,0.39635109561094084,0.5672822177920126,0.06712921419630016,0.1268264012777256,"[-0.04001944894237164, 1.1745838845263967]",0.7294876329556566,0.18357362677981215,0.6144148396036303,"[-0.34566282000364734, 1.8046380859149604]",21.213562494976824
8503.0,24.0,0.6223334751291469,0.8569725628327554,0.2932887919195373,0.32485565483049184,0.4474110598198397,"[-0.2905799180286984, 0.877157501867773]",1.5334553607428134,0.11669693733020246,0.49852374971028296,"[-0.38236368202354654, 3.4492744035091736]",18.142631983848375
8504.0,24.0,0.5773476978570325,0.8254268084892892,0.40502385087045634,0.2888485141881242,0.41293568861776153,"[-0.34341472562226183, 1.1534624273631744]",-2.49917628809974,0.008737711124446122,0.10935808666390641,"[-4.367222199128584, -0.6311303770708958]",9.54615023781908
8505.0,24.0,0.6458609386367776,0.8739325473771645,0.2750114030801344,0.3451566909483733,0.46699024197926436,"[-0.29596102016784354, 0.8459838263281123]",1.1381613120056633,0.2706389051481607,0.7202045575339596,"[-0.8868664019621693, 3.163189025973496]",19.6525440278002
8506.0,24.0,0.09294598246048802,0.1899570456989332,0.6714022350072214,0.021337960963475046,0.04360915790614152,"[0.09974608052905998, 1.2430583894853828]",1.1334355974362413,0.007489170781470646,0.09959003698764156,"[0.3027448348120083, 1.9641263600604744]",19.67059492780096
8507.0,24.0,0.8577618986421004,0.9652149455546273,0.18458285037798808,0.578306928268234,0.6508068065138803,"[-0.4662574421754129, 0.835423142931389]",-3.01727138635253,0.10614213308929303,0.47618722785685524,"[-6.677266812863518, 0.6427240401584582]",11.525127738905786
8508.0,24.0,0.5884653800936671,0.8319883784725959,0.3223605265846314,0.29745840145287183,0.42049583037857835,"[-0.28404650811252546, 0.9287675612817883]",0.42109763377924025,0.6689089068130736,0.9332201550489372,"[-1.5088544604476493, 2.3510497280061298]",22.391525521433596
8509.0,24.0,0.8306458700939947,0.9547653679241318,0.20610257191042963,0.5408551734645102,0.6216726131775979,"[-0.45447011572766133, 0.8666752595485205]",-0.40802419129509726,0.8079862666076207,0.964880279922775,"[-3.6986886159072436, 2.882640233317049]",1.5585376066965078
8510.0,24.0,0.8759786923192542,0.9724665269479806,0.18373606635548706,0.6057464071314742,0.6726311141059317,"[-0.5139542065473475, 0.8814263392583215]",3.0548317750251406,0.1289838293283871,0.5193573340339577,"[-0.8890957392114198, 6.9987592892617005]",12.331402144573444
8511.0,24.0,0.25076435415056053,0.4601180810102028,0.49421333225417613,0.0861612469156378,0.1580940310378675,"[-0.07026095589929521, 1.0586876204076474]",1.046120818169733,0.06726833705108799,0.37791200590498875,"[-0.07436933191608186, 2.166610968255548]",20.00411281720678
8512.0,24.0,0.13909739047455894,0.27413754527898887,0.7797610181706429,0.03769829451875857,0.07431163910656136,"[0.04433505410017702, 1.5151869822411088]",-1.9036264703184012,4.552255017070359e-05,0.002958770421299731,"[-2.8186575963783542, -0.9885953442584482]",7.2713175012420175
8513.0,24.0,0.9527817869823794,0.991078205928571,0.11590231629808571,0.7556903026557897,0.7861946552806801,"[-0.6141890532662938, 0.8459936858624652]",-0.8573965833114832,0.788505939121986,0.9618547806734763,"[-7.121921025716584, 5.407127859093618]",3.2750137061789903
8514.0,24.0,0.956004997632963,0.9911597957501838,0.10360690262176135,0.7641264758321997,0.7924979006764155,"[-0.5731292107985665, 0.7803430160420891]",-0.6909063251970684,0.8369274413841455,0.9708072590103425,"[-7.270039453682377, 5.88822680328824]",2.639067764845679
8515.0,24.0,0.7637035407694261,0.9306648071769755,0.23875560407801932,0.4602604121629681,0.5608827835278676,"[-0.3949671852116591, 0.8724783933676977]",-2.655930741798038,0.05497408765873201,0.3400730386483406,"[-5.368441931195228, 0.05658044759915315]",10.14490814560517
8516.0,24.0,0.8613296763138975,0.9669170142724488,0.1841874722831244,0.5837342682746534,0.6552921736356683,"[-0.4746473109041489, 0.8430222554703977]",-0.5517299526904154,0.7663746718110437,0.9575323787835143,"[-4.191235099346439, 3.0877751939656086]",2.107453181340892
8517.0,24.0,0.9950658138407084,0.9984605798120694,0.03152401632704542,0.9207647400958122,0.9239060205657357,"[-0.589624572847405, 0.6526726055014958]",-3.035440093114181,0.7712119188830268,0.9589249382121035,"[-23.4947160615668, 17.423835875338433]",11.59452708668268
8518.0,24.0,0.9788610999894821,0.9948458548782764,0.06234359539735952,0.8362201366593047,0.8499035843676235,"[-0.5287208606124573, 0.6534080514071764]",-0.41892379034977445,0.9327354096395273,0.9892015094756179,"[-10.146872405172116, 9.309024824472568]",1.6001710083110268
8519.0,24.0,0.8953739957218426,0.9784438812390368,0.18010419821847448,0.6376203182793078,0.6967901290006048,"[-0.5693147313966463, 0.9295231278335953]",2.145386164266454,0.30462246348330213,0.7514276816848787,"[-1.9506570360066737, 6.241429364539582]",15.805228490784788
8520.0,24.0,0.8788855702336857,0.9730838056604282,0.1552665538540579,0.6105719573463262,0.6759348581272293,"[-0.4423035079110134, 0.7528366156191293]",-2.299977995703089,0.23945677988103686,0.6828322934667496,"[-6.132077879347719, 1.5321218879415412]",8.785268808449679
8521.0,24.0,0.6709291613245906,0.8866514620385761,0.3072152550378322,0.36763542863542176,0.48571202092141863,"[-0.3611421820770654, 0.9755726921527298]",-0.8148363778649141,0.4618775897441435,0.8550833639977362,"[-2.985452997528438, 1.3557802417986098]",3.112445696359117
8522.0,24.0,0.5852383712748702,0.8300076177490714,0.2917506251758354,0.29470853788240636,0.4180855977903339,"[-0.25395886021730196, 0.8374601105689727]",1.5378016860652792,0.09404067799574961,0.4435881037535359,"[-0.26220549957014816, 3.3378088717007066]",18.126030244023834
8523.0,24.0,0.7100694284419914,0.9063849689492711,0.29176043219256576,0.4044847067565057,0.5163195133475947,"[-0.3941962729313616, 0.9777171373164931]",-2.706915678891675,0.02771770967020739,0.2231699651385458,"[-5.117108112692872, -0.2967232450904773]",10.33965625988553
8524.0,24.0,0.45946035049106326,0.7227606044192751,0.4597189017583919,0.20457154569261116,0.3217397869780064,"[-0.2505192904074214, 1.1699570939242052]",-2.2483847973616635,0.004028168670056299,0.06625277417855754,"[-3.78066361038856, -0.716105984334767]",8.588197307346677
8525.0,24.0,0.8181826438316979,0.9514516116315948,0.25111007440497674,0.5247124229299294,0.610201678020618,"[-0.5226174837767208, 1.0248376325866744]",-0.4793896845362884,0.7654944015184791,0.9575323787835143,"[-3.629473101587644, 2.6706937325150673]",1.8311337110691512
8526.0,24.0,0.7985707112565585,0.9448615852465463,0.23081812029802576,0.5002118139684538,0.5918662493735326,"[-0.44023555087911637, 0.9018717914751678]",0.05290353457777286,0.9726169464288686,0.9946639642340541,"[-2.967783171470425, 3.0735902406259705]",23.797923383157947
8527.0,24.0,0.8104778264261491,0.9482278699781302,0.19679628375733518,0.5150379115679332,0.6025949591294409,"[-0.3956856789711384, 0.7892782464858087]",-1.0349033746045704,0.49255364175329697,0.8700823913677741,"[-3.990626154308003, 1.9208194050988623]",3.9530397045792203
8528.0,24.0,0.4025727264468359,0.6651895678235887,0.3771994141791286,0.1684435233047391,0.27839610740618687,"[-0.15960372671831768, 0.9140025550765749]",1.3777813623952042,0.04925583163137232,0.31904675613962424,"[0.004488849088467806, 2.7510738757019406]",18.737262856198015
8529.0,24.0,0.7628368202502053,0.9298352270236534,0.2895671065060518,0.45940372288777953,0.5599752838710136,"[-0.4775575302801395, 1.0566917432922431]",0.7097270432704299,0.601641973958988,0.91161020243821,"[-1.9548915779627798, 3.3743456645036396]",21.289042387620373
8530.0,24.0,0.629400160037849,0.8619331726274887,0.27354655569892694,0.330860711182263,0.4531547963858674,"[-0.2778227450121552, 0.8249158564100091]",-2.9411218013063487,0.005773918306151826,0.08404539019143853,"[-5.029440115654813, -0.852803486957884]",11.234257749917871
8531.0,24.0,0.9857211184909326,0.9959797094987699,0.0587453358660144,0.8653777174364601,0.874383871310963,"[-0.6204085829501265, 0.7378992546821552]",0.8787076051266229,0.8807358358464213,0.9766268042296392,"[-10.600069316436187, 12.357484526689433]",20.64358418667976
8532.0,24.0,0.9468278278845146,0.9901985232007054,0.12275405101164547,0.7408343129405153,0.7747692040791835,"[-0.6046668536651448, 0.8501749556884358]",-0.9037137708323435,0.762949789890792,0.9565635162989086,"[-6.776362457172569, 4.968934915507882]",3.4519323304364105
8533.0,24.0,0.7164830457446288,0.9099352879662546,0.2555413831237208,0.41063439235537036,0.5215067213047629,"[-0.35319154395965985, 0.8642743102071015]",-0.10807146905436049,0.9317534963653491,0.9892015094756179,"[-2.581436443753715, 2.365293505644994]",0.41280260417290254
8534.0,24.0,0.7354744089889489,0.9190307033624343,0.23057627009823284,0.42988614910828804,0.537223380540225,"[-0.34192046033938744, 0.8030730005358531]",-1.5187710064238669,0.21288516376302313,0.6520219410812347,"[-3.9084358604211515, 0.8708938475734178]",5.801277914328267
8535.0,24.0,0.9505612976902317,0.991078205928571,0.11635221264218419,0.7499216859994824,0.7819569016779484,"[-0.5991032222046807, 0.8318076474890491]",0.2799653313610495,0.9311685604308214,0.9892015094756179,"[-6.072843812890585, 6.632774475612684]",22.930611206868686
8536.0,24.0,0.8005602614978616,0.9455321020522349,0.18669797356368473,0.5028315703510079,0.5939423226447057,"[-0.35941970045762556, 0.732815647584995]",-0.4914878076876059,0.7471751036188039,0.9550093072477082,"[-3.4796971117676443, 2.4967214963924325]",1.8773451375091517
8537.0,24.0,0.6737371831883208,0.8873352013781105,0.3595273172880039,0.36988075391894926,0.4873821414918839,"[-0.42631314803359877, 1.1453677826096067]",0.15761258175767612,0.8916205997863118,0.9795465253756226,"[-2.1095891609411774, 2.4248143244565297]",23.39796428447497
8538.0,24.0,0.6916962085760343,0.896576556516366,0.2883902047591232,0.3865698683981509,0.501192620767731,"[-0.36441498222221164, 0.9411953917404581]",-1.5996848134315842,0.150054223106143,0.5576150988708398,"[-3.7779920122344843, 0.5786223853713159]",6.110345890720152
8539.0,24.0,0.7417479071878341,0.9227551624607732,0.3029096528100126,0.43648727801109444,0.5430972726279637,"[-0.4600546441495077, 1.0658739497695329]",0.23183604475709085,0.8616313829949037,0.9726270526004133,"[-2.375139765153137, 2.838811854667319]",23.114451539760843
8540.0,24.0,0.6280708139128266,0.8608426725778873,0.28146690270725844,0.3299107688940195,0.4521803301727241,"[-0.28475356490995046, 0.8476873703244674]",0.4644674821168824,0.6583264991976159,0.9301211184160023,"[-1.5940769866665385, 2.5230119509003033]",22.22586490357564
8541.0,24.0,0.7591011031253918,0.9292412049271298,0.2190944211885212,0.4550636217251004,0.5571298013284774,"[-0.35576131205233463, 0.793950154429377]",-2.8874154807961454,0.037014040993259646,0.2672493934531382,"[-5.600881868009983, -0.17394909358230715]",11.029114716690437
8542.0,24.0,0.49703486430473715,0.7577167216197819,0.3643107407468087,0.2298340173574951,0.3503567337766693,"[-0.23032944866970761, 0.958950930163325]",2.59388837956457,0.0022107727098481422,0.04548915040839799,"[0.9326649559581204, 4.25511180317102]",14.092076221528133
8543.0,24.0,0.7909033809662823,0.9423369247781274,0.26720957324009903,0.49137973052690676,0.5854017988982232,"[-0.4938846809369733, 1.0283038274171714]",-2.302894847154496,0.11157427164978524,0.4904363589001549,"[-5.139567323587379, 0.5337776292783865]",8.796410360291828
8544.0,24.0,0.6656307235099937,0.8830335944680203,0.32716111658857394,0.36271301502727216,0.4811605993216989,"[-0.37731990125660786, 1.0316421344337559]",2.045112143937387,0.05695181979481975,0.3464556430459154,"[-0.06046510185848719, 4.150689389733261]",16.188247034762426
8545.0,24.0,0.7351905982271052,0.9189882477838814,0.27233321394831433,0.42964641904781486,0.5371898021492609,"[-0.40349031106054467, 0.9481567389571733]",0.21150595389854043,0.8718670513258424,0.9752862410683755,"[-2.358713835854549, 2.78172574365163]",23.192106766648337
8546.0,24.0,0.7356449377580501,0.9190307033624343,0.2330706835190159,0.4302904976793296,0.5375271676193999,"[-0.3461270422760016, 0.8122684093140333]",-2.6578149211143147,0.04027142960306411,0.28280498316758507,"[-5.197716645164212, -0.11791319706441739]",10.152105180449738
8547.0,24.0,0.2912981221020936,0.5223204627973707,0.626951197729095,0.10641604065929286,0.19078514237017982,"[-0.13414593204637737, 1.3880483275045674]",-0.8590980272270334,0.16305120676257845,0.5802534048490335,"[-2.0662254511260283, 0.3480293966719612]",3.2815127432082734
8548.0,24.0,0.7469815040762791,0.9239706299451096,0.3025274219973907,0.44196248084911693,0.5466838739149795,"[-0.4686464438974568, 1.0737012878922383]",-1.446671959692531,0.24825631032232331,0.6956431059120598,"[-3.902446416883332, 1.00910249749827]",5.525879842020132
8549.0,24.0,0.9414485697904497,0.9883907024577523,0.099851508893726,0.7279812381001257,0.7642847644095808,"[-0.46282389383516614, 0.6625269116226181]",-1.362482523183373,0.6235261260322364,0.9192483061067912,"[-6.802774504653369, 4.077809458286623]",5.204299882582841
8550.0,24.0,0.9610704371605395,0.9918311520199155,0.07404694580193111,0.7780474171778943,0.803045157535012,"[-0.4408435457712539, 0.5889374373751162]",0.9052093498484446,0.79680350237162,0.9628316126547152,"[-5.985171724116996, 7.795590423813885]",20.542354978526863
8551.0,24.0,0.835824143111181,0.9562317494767936,0.1530073375997617,0.5478775837366678,0.6268059221540374,"[-0.34602267913225665, 0.6520373543317801]",2.518351829687133,0.13492714858867919,0.5283995738321321,"[-0.7833469199756058, 5.820050579349871]",14.380604588658572
8552.0,24.0,0.7596950066481535,0.9293421569600563,0.2308314585631529,0.45567199558634763,0.5574651279500216,"[-0.37563763518644, 0.8373005523127458]",-2.9672475103363256,0.03276701808333825,0.2501299090331164,"[-5.691321795211488, -0.2431732254611627]",11.334050607531506
8553.0,24.0,0.588183684223587,0.8319429762709859,0.3626649011870156,0.29722220945044076,0.42039916471066585,"[-0.31922705512369504, 1.0445568574977262]",0.4030407318749747,0.6824729630413364,0.9356843168376249,"[-1.5279368139938458, 2.3340182777437954]",22.46049780611334
8554.0,24.0,0.8767806015447657,0.9725797022127185,0.1491265413298189,0.6072239998375586,0.6735707152940196,"[-0.41947245822725127, 0.717725540886889]",2.1670878842210346,0.25851631532954755,0.707294980381799,"[-1.5920022390661472, 5.926178007508216]",15.722334026679968
8555.0,24.0,0.46534010035277507,0.7288020365744324,0.5206526942968941,0.20832378459854606,0.3263217177295521,"[-0.29040300931805385, 1.331708397911842]",0.4397367338969653,0.5892888933141489,0.9077706636973603,"[-1.156709198016882, 2.036182665810813]",22.320329403389103
8556.0,24.0,0.890709183420898,0.9766429825594324,0.1939895542021285,0.6295603699010046,0.6904588395492482,"[-0.5942677468025469, 0.9822468552068039]",0.17203238420952527,0.9362156980262244,0.9892015094756179,"[-4.041256039644735, 4.385320808063786]",23.34288469634808
8557.0,24.0,0.9876806893398709,0.99644944445104,0.050973825374300834,0.8748608086420284,0.8826279344653233,"[-0.5834065713870282, 0.6853542221356299]",0.15374787557246705,0.9813779265294377,0.9969357229189564,"[-12.756358067980624, 13.063853819125558]",23.41272637470634
8558.0,24.0,0.7626664686033532,0.9298352270236534,0.23678905872999575,0.4591553806129981,0.5598408619225191,"[-0.39016849651835894, 0.8637466139783505]",2.591799711210133,0.059384125332930075,0.35305663099244994,"[-0.10258836219126533, 5.286187784611531]",14.100054346962251
8559.0,24.0,0.7817353499475737,0.9388462552556966,0.2542281009489084,0.4805102445004499,0.5772878155014293,"[-0.45206607081118294, 0.9605222727089997]",-1.2067478476110152,0.3809530856887704,0.809161184555587,"[-3.9062914457180824, 1.492795750496052]",4.60943724030716
8560.0,24.0,0.4701652784801271,0.7330297450578845,0.387014253179438,0.21156914992618536,0.3298552384256086,"[-0.2201712787937698, 0.9941997851526458]",2.634776897095917,0.0012586172554152543,0.03084846214253074,"[1.0336407842836652, 4.2359130099081685]",13.935893589188609
8561.0,24.0,0.8496248592056218,0.9626386349485857,0.1991053253210724,0.5669142085024037,0.6423229192186762,"[-0.482413897539521, 0.8806245481816658]",0.8639464196440647,0.6187073354386083,0.9174210890671123,"[-2.538426397815492, 4.266319237103621]",20.699967761930452
8562.0,24.0,0.993651232796991,0.9979423850527176,0.04542519066095472,0.9101558478528335,0.9140864194564965,"[-0.7435697368832533, 0.8344201182051628]",-2.776515752838028,0.7607818830451741,0.9565482608929913,"[-20.650701541017654, 15.097670035341599]",10.605508959280495
8563.0,24.0,0.8037267139041572,0.9465322931489172,0.23694847135453082,0.506601227685146,0.5967426305278892,"[-0.46231830166701604, 0.9362152443760776]",0.35682863738937876,0.8179435950048785,0.966095377463714,"[-2.6813970801719567, 3.395054354950714]",22.63701500454564
8564.0,24.0,0.9009562410819655,0.9801525686270295,0.14206077063573466,0.6472981930052224,0.7041973379082054,"[-0.4665131161972009, 0.7506346574686702]",0.5915531002435159,0.7896697030215607,0.9619560275570237,"[-3.7550943570117283, 4.93820055749876]",21.740433599877814
8565.0,24.0,0.17307399545587782,0.3342487359132441,0.6454869738954767,0.0513163899946858,0.09909592305151327,"[-0.0036896134910309186, 1.2946635612819843]",-0.6693040849249572,0.19605848561907824,0.6285458267749615,"[-1.6839607162011279, 0.3453525463512135]",2.5565532851377117
8566.0,24.0,0.713808948094886,0.9082757419548877,0.2545961868940387,0.40816577955819067,0.5193609613922772,"[-0.34869701872561015, 0.8578893925136875]",2.000864341989004,0.08969223123537416,0.4354199819809796,"[-0.310018337773438, 4.311747021751446]",16.357261188387298
8567.0,24.0,0.7838579587323828,0.9395359504810574,0.22186445198018714,0.48311969118028764,0.5791413224410065,"[-0.39819855768963486, 0.8419274616500091]",-0.9248956027775943,0.5121262752190361,0.8792582667193836,"[-3.690231699209059, 1.8404404936538703]",3.5328409686242943
8568.0,24.0,0.9637328270030231,0.9923284751869268,0.09547145665584289,0.7856862762081492,0.8091516747766727,"[-0.5926834121483665, 0.7836263254600523]",1.1171080082962979,0.7557687736794743,0.9553874318273853,"[-5.92210924389712, 8.156325260489716]",19.73296172429045
8569.0,24.0,0.8581726080926191,0.9652149455546273,0.18518599911082864,0.5789384772806805,0.6512058038034556,"[-0.4688676706340431, 0.8392396688557004]",0.21996055541012804,0.9061566695239007,0.9836767310696306,"[-3.437035944533403, 3.876957055353659]",23.159812567709746
8570.0,24.0,0.7016705566678452,0.9015215829973948,0.2903038581684336,0.3961080105641339,0.5089834807671869,"[-0.38020056045854, 0.9608082767954073]",-0.04261255823431398,0.9722388081655736,0.9946639642340541,"[-2.4425504325593863, 2.3573253160907583]",0.16276798273877563
8571.0,24.0,0.9475014169556195,0.9903030923991356,0.12648121463927448,0.7424532444102332,0.7761376169874903,"[-0.6279126734907903, 0.8808751027693393]",-0.5882396380230341,0.8489456499835658,0.9708072590103425,"[-6.641505726985994, 5.465026450939925]",2.246909906734875
8572.0,24.0,0.43143457165295046,0.6948535539586898,0.4026166194854742,0.18641609851494545,0.3002353011997833,"[-0.1946288916272373, 0.9998621305981857]",-1.143120698971476,0.1213931261741193,0.5066249294290442,"[-2.5895661662257154, 0.30332476828276334]",4.366399435007349
8573.0,24.0,0.7487425677684074,0.924826405972736,0.3414755713267847,0.44415005721230305,0.5485028973939658,"[-0.5331667340036714, 1.216117876657241]",0.825731451259764,0.5262020070150901,0.8839273529919359,"[-1.7277039253698492, 3.379166827889377]",20.845938188773538
8574.0,24.0,0.05996211271294452,0.12642233336062517,0.6274743919946747,0.011384468894990884,0.024002675300423538,"[0.14150550186061595, 1.1134432821287334]",-0.8715475009972788,0.026405739058381682,0.2166180398554691,"[-1.640941199622107, -0.10215380237245064]",3.3290662301545324
8575.0,24.0,0.9738109477128888,0.9939054670015901,0.07949234991416576,0.8176919094208,0.8346349999191589,"[-0.5963960053979792, 0.7553807052263107]",-0.10270740761421138,0.9818095909260693,0.9971100704756963,"[-8.931673062757199, 8.726258247528776]",0.39231339873494186
8576.0,24.0,0.05791333939359117,0.12256791406051042,0.8220034778736045,0.010784911314088716,0.022820379420416242,"[0.19009949557811956, 1.4539074601690896]",-1.8683576298977185,8.754037517978776e-07,0.00014350881177014384,"[-2.6129881217847473, -1.1237271380106897]",7.136600454280316
8577.0,24.0,0.5210864474898252,0.7786707224892786,0.3328921306513207,0.2466947633089478,0.3685937359319943,"[-0.23034008370481956, 0.896124345007461]",-1.1374880882627716,0.17672337496357482,0.6030671835249213,"[-2.78780609885765, 0.5128299223321067]",4.344884446924086
8578.0,24.0,0.3245504594433932,0.569286896059276,0.5711947815819809,0.12382587677102459,0.2172002749886416,"[-0.15628117859257984, 1.2986707417565415]",-0.3604868866501807,0.5899179118914284,0.9077706636973603,"[-1.671433676751721, 0.9504599034513597]",1.3769584783244169
8579.0,24.0,0.8595730139771742,0.9659991967044447,0.19834102428960512,0.5809396967096905,0.6528879486510345,"[-0.505884277222744, 0.9025663258019542]",0.08272503417168053,0.9649326699115408,0.9938808419181301,"[-3.605203680332752, 3.770653748676113]",23.684013645459146
8580.0,24.0,0.7315160404262121,0.9164076431503643,0.27979864860626635,0.4259563863557898,0.5335793390401977,"[-0.4090275038261403, 0.968624801038673]",-1.9367627804223861,0.11258504103055166,0.49271352748600283,"[-4.329169736752103, 0.4556441759073304]",7.397888882415021
8581.0,24.0,0.8807848716846012,0.973696909584247,0.1543556610936438,0.6135416336782846,0.6782463339357557,"[-0.4446876353195441, 0.7533989575068316]",-2.128200750982826,0.2743263908215914,0.7251556722748913,"[-5.943947269414107, 1.6875457674484546]",8.129128065859213
8582.0,24.0,0.9074983711608736,0.9823142978726804,0.15919066679094745,0.6589554140830218,0.7134203941623226,"[-0.5477400060486246, 0.8661213396305196]",-2.0460069968429373,0.35577860404446227,0.7930865003220291,"[-6.388579811331404, 2.2965658176455293]",7.815171051555777
8583.0,24.0,0.8910083385053786,0.9766615570594965,0.18898567539698402,0.6302747859250215,0.6908635163049671,"[-0.5805431890513157, 0.9585145398452839]",0.8857498990113468,0.6674657779016596,0.9332201550489372,"[-3.155036995395373, 4.926536793418067]",20.61668460550073
8584.0,24.0,0.48250871847201815,0.7451872099953949,0.4337925482659632,0.2197072291300125,0.3393161839845753,"[-0.2589581472176428, 1.1265432437495693]",-0.2712371221967338,0.74737644703264,0.9550093072477082,"[-1.9216994646390593, 1.3792252202455917]",1.0360494899431352
8585.0,24.0,0.35123792070692417,0.6047484860656408,0.5765220729463642,0.1387134669011882,0.23879061267204027,"[-0.186657230323644, 1.3397013762163723]",2.4377897639033113,0.00033462623645638554,0.01271602237067329,"[1.1057276623335552, 3.7698518654730675]",14.688329012543123
8586.0,24.0,0.41113355765230464,0.6752070252131789,0.5148186587365793,0.1738202003818985,0.2854659227818993,"[-0.22709548280786918, 1.2567328002810276]",1.1010080505270086,0.12557514153340502,0.5127608882540017,"[-0.3077628193184778, 2.509778920372495]",19.79445903299173
8587.0,24.0,0.8593873762588253,0.9659293877248795,0.14207617541846526,0.5809223792543597,0.6528879486510345,"[-0.3623532870468653, 0.6465056378837959]",0.6568903138125197,0.719520136547499,0.9476077984645422,"[-2.9284081034212774, 4.242188731046317]",21.490863827701226
8588.0,24.0,0.279456382931945,0.5051633820172542,0.41873563317796025,0.10037755458254499,0.18137831342245683,"[-0.08077366344149439, 0.9182449297974149]",-0.8539411495557383,0.15840936951029627,0.5720443207310499,"[-2.040586566324336, 0.33270426721285973]",3.2618149214729093
8589.0,24.0,0.3248847144632385,0.5697732628257427,0.5152508445001464,0.12416093855607399,0.21774980455291823,"[-0.14155976910656254, 1.1720614581068554]",-0.836535301674842,0.19661085586730753,0.6294027337542577,"[-2.106278998587695, 0.433208395238011]",3.1953294799781036
8590.0,24.0,0.34963742653791163,0.6025115053212332,0.4941517242859028,0.1376242676824636,0.2371605508917174,"[-0.1581833841804, 1.1464868327522058]",-0.3030473180264597,0.6628886840223397,0.93180039273632,"[-1.6655688658689176, 1.0594742298159983]",1.1575554877116647
8591.0,24.0,0.9188040096909997,0.9856991265873718,0.145939010330401,0.6801500395191018,0.7296964269060205,"[-0.5478860451103627, 0.8397640657711647]",-2.883125818813874,0.2503524867084388,0.6979439272607716,"[-7.799049281442074, 2.032797643814326]",11.012729414882312
8592.0,24.0,0.8712048620650721,0.9711122638619929,0.16678860780478239,0.598460484047512,0.6672847026800113,"[-0.4539670240626594, 0.7875442396722241]",-1.9172137572655128,0.29835416886255595,0.7474056670384028,"[-5.530464603515049, 1.6960370889840233]",7.323217114382197
8593.0,24.0,0.8564795863826986,0.9647684330924018,0.21458522195983795,0.5765638759377798,0.6494323790376558,"[-0.5385866015079748, 0.9677570454276507]",0.37992430861418125,0.836541954213671,0.9708072590103425,"[-3.229238982446801, 3.9890875996751634]",22.548796038798777
8594.0,24.0,0.33945020248531305,0.5889142999398214,0.49654849893984865,0.13199121846817016,0.22899239845275876,"[-0.14955107883353658, 1.1426480767132339]",-0.38224432550433907,0.5754753842894974,0.9020009203830158,"[-1.7200606846841906, 0.9555720336755125]",1.460065772948232
8595.0,24.0,0.47944943644380317,0.7420669191205744,0.41954905810360205,0.21764925730123375,0.3369183549554702,"[-0.24746831425667032, 1.0865664304638745]",-0.28854797494081463,0.7305185095370159,0.9506810952450392,"[-1.9304896885626066, 1.3533937386809773]",1.102172076743688
8596.0,24.0,0.9238271307704711,0.9862215899768196,0.12519275301149116,0.6900877603712958,0.7367705126565038,"[-0.49018510353740863, 0.7405706095603909]",2.9227865498212267,0.26037578402015926,0.7090843791398672,"[-2.1669861272742197, 8.012559226916673]",12.835777751842693
8597.0,24.0,0.7599150121281899,0.9293421569600563,0.24615385992629787,0.45602736445821357,0.5576951992885087,"[-0.4010824395584027, 0.8933901594109985]",1.1975072483986642,0.3585177671238098,0.7953189390774161,"[-1.3586772984106519, 3.7536917952079802]",19.42585924869548
8598.0,24.0,0.4640638873625377,0.7272588737855159,0.44672813679967843,0.20752968813680062,0.3252306662541931,"[-0.24795600758167186, 1.1414122811810288]",-0.517909840001832,0.5221139198996332,0.8833474069819929,"[-2.10375592262578, 1.0679362426221155]",1.978269866693381
8599.0,24.0,0.5886045498871579,0.8319923542761942,0.39266555067093734,0.2973698609306631,0.42049583037857835,"[-0.3458600933403948, 1.1311911946822695]",1.583199224832569,0.08642960412826599,0.4269018172144919,"[-0.22662354262455908, 3.393021992289697]",17.95262441924735
8600.0,24.0,0.5147492795934465,0.7730128842070078,0.3433016516411537,0.24199892314670812,0.363470896886014,"[-0.23178890359761012, 0.9183922068799175]",-1.433832649996436,0.08170068819978948,0.41705302807447414,"[-3.048087622589847, 0.18042232259697477]",5.476837291523623
8601.0,24.0,0.9063132264053066,0.9817084341478625,0.16323312553357588,0.656783100580608,0.7114201696063778,"[-0.556750258304805, 0.8832165093719568]",-1.1406559411225006,0.6032454319123668,0.9117978112339281,"[-5.4421306042521245, 3.1608187220071233]",4.356984753522814
8602.0,24.0,0.674766712712218,0.8877341306567794,0.2710617210768531,0.37090229102688554,0.48796512436111766,"[-0.32268035153635155, 0.8648037936900578]",1.2722343085060928,0.23992378988294305,0.6835435609200657,"[-0.849601625789743, 3.3940702428019285]",19.140422904723742
8603.0,24.0,0.940051892644615,0.988176067113019,0.11254837299387405,0.7248551110787234,0.7619626942906794,"[-0.514169915351862, 0.7392666613396099]",2.7256233229924294,0.34987961873693607,0.788972827902179,"[-2.9889607153303, 8.440207361315158]",13.588885803340734
8604.0,24.0,0.7156033777421547,0.909395574713629,0.2810714607133136,0.4099701836468955,0.5209940064136428,"[-0.38752802515730184, 0.949670946583929]",-0.46950197019244744,0.7053156827896079,0.9424842885065265,"[-2.902916064882667, 1.9639121244977722]",1.7933654243402812
8605.0,24.0,0.9412652643491204,0.9883907024577523,0.10229219804407899,0.7275364864138649,0.7639922988488067,"[-0.47315694884589854, 0.6777413449340565]",-1.4604099491515914,0.5973048971683995,0.9106645786985813,"[-6.878654090766576, 3.957834192463393]",5.578355096353423
8606.0,24.0,0.6803520109542708,0.8892327943461911,0.28462355070216744,0.3759665633488769,0.4914595599331724,"[-0.3454666480566025, 0.9147137494609374]",1.7076484296076337,0.11666398662581688,0.49852374971028296,"[-0.42560608359749263, 3.84090294281276]",17.477263472755983
8607.0,24.0,0.8352056584724226,0.9560504332330844,0.19875416687637507,0.5469913270395114,0.6261517157593814,"[-0.44804543513049, 0.8455537688832401]",-2.6380611860792786,0.11958621283198242,0.5039445290928164,"[-5.959913132717613, 0.6837907605590554]",10.076651470641252
8608.0,24.0,0.978310773982189,0.9948248667705806,0.07421274831663038,0.8340952063196474,0.8481749098227043,"[-0.6202381958660925, 0.7686636924993533]",-1.2028467996928658,0.7954602536251424,0.9628316126547152,"[-10.297340111789335, 7.891646512403604]",4.594536334881275
8609.0,24.0,0.8227621176104478,0.952756738845726,0.24304720316425868,0.5306876042437645,0.614511623143819,"[-0.5167560622920893, 1.0028504686206066]",-0.7750773662611143,0.6272831664908214,0.920090014308269,"[-3.9037152021030073, 2.3535604695807786]",2.9605774588584906
8610.0,24.0,0.605866892941584,0.8459734551840205,0.28253158900266456,0.31135453201512475,0.4347312650308919,"[-0.2644464274397454, 0.8295096054450746]",-2.8550979934315244,0.005134031222550815,0.0776706690249745,"[-4.854699924537096, -0.8554960623259524]",10.905671007993092
8611.0,24.0,0.720213672015519,0.9117731807377712,0.22905204238374974,0.4145126261515989,0.5248775203959621,"[-0.3211265957617847, 0.7792306805292842]",-0.3886373208290834,0.7576705124119307,0.9559877159165165,"[-2.8574000431436826, 2.0801254014855157]",1.4844852163185467
8612.0,24.0,0.6737581905294033,0.8873352013781105,0.39461842941589903,0.36986995863678673,0.4873821414918839,"[-0.4679033340676146, 1.2571401928994126]",1.5172979860073985,0.1574641280379766,0.5703155669611611,"[-0.5863665433748175, 3.6209625153896146]",18.20434860920508
8613.0,24.0,0.8229992808550327,0.952756738845726,0.2395760263667295,0.5308548183315951,0.614511623143819,"[-0.5096806238100685, 0.9888326765435275]",-1.157283935242135,0.4566278218636334,0.8520462075951002,"[-4.204303135016872, 1.8897352645326024]",4.420499012511041
8614.0,24.0,0.36626649329638367,0.6220768094558872,0.3881426599944877,0.14703443200389693,0.24979091538535506,"[-0.13647824785594143, 0.9127635678449169]",-1.3428909470546007,0.0438250630316659,0.29782820915864144,"[-2.6486107266009205, -0.037171167508280645]",5.129465574170314
8615.0,24.0,0.25271592773703294,0.46302482016296276,0.6202026055744088,0.08704294404493794,0.15947772818786726,"[-0.0901585096564802, 1.3305637208052978]",-0.3900458206230759,0.5160517272175865,0.8807846513356998,"[-1.5671700976409186, 0.7870784563947668]",1.4898652892279343
8616.0,24.0,0.365417632329033,0.6212472497943439,0.3820411216265168,0.14651047223139146,0.24912510156672585,"[-0.13366361957199357, 0.8977458628250272]",-3.0049409607531117,2.617984419610636e-05,0.002045300327820809,"[-4.405760021131353, -1.604121900374871]",11.478028982476003
8617.0,24.0,0.7685088894100095,0.9330582022989097,0.19997789816740238,0.4655253092168118,0.5652633106331821,"[-0.3371018222792407, 0.7370576186140455]",-1.9556712935244684,0.14232574120694286,0.5401541402043991,"[-4.5681880165888105, 0.6568454295398736]",7.470114082256163
8618.0,24.0,0.9128169161147015,0.9839570077769769,0.11631122259968515,0.6686395645140124,0.720749773109855,"[-0.4162994164029524, 0.6489218616023228]",-3.113316283912845,0.1997287921071369,0.6334879202496502,"[-7.8718521931998, 1.6452196253741103]",11.89199222383728
8619.0,24.0,0.14850217566698276,0.29095253853248976,0.6430718250747146,0.04133713710121037,0.08098968867792,"[0.025269962880199226, 1.26087368726923]",-1.2013352623283176,0.011682832817671789,0.12995364647020902,"[-2.1351036371232963, -0.2675668875333387]",4.588762687443613
8620.0,24.0,0.5521432551043091,0.8050124138613749,0.32899287248425463,0.2693534633227198,0.39270077755171284,"[-0.25478569310117943, 0.9127714380696887]",-0.2813258724394636,0.7635751271181631,0.9565635162989086,"[-2.1144644822817353, 1.5518127374028081]",1.0745856772411353
8621.0,24.0,0.35396725610422697,0.6089235439604799,0.492013120528344,0.14015582485687333,0.2410660902251003,"[-0.16167506085919514, 1.1457013019158833]",0.46435482696950725,0.5032272194071677,0.873546981136186,"[-0.8952070799110174, 1.823916733850032]",22.22629521454131
8622.0,24.0,0.5269068510525683,0.7837376930723907,0.30104403285905496,0.2510172655915428,0.3733709141626399,"[-0.21297695914592468, 0.8150650248640345]",0.6933820958454051,0.42933009734253513,0.8378976819897299,"[-1.026139227484947, 2.4129034191757572]",21.35147548787485
8623.0,24.0,0.30171707045401996,0.5372706855709506,0.3397888037060899,0.11182776341789452,0.19908806020632816,"[-0.07905442452189065, 0.7586320319340705]",-0.8126519873164435,0.1953711318422897,0.6279387127314469,"[-2.042729296991086, 0.41742532235819896]",3.1041019390767413
8624.0,24.0,0.8997642191408277,0.9793291495808661,0.12699585128557495,0.6451295639573762,0.7021593701544141,"[-0.41347396708456746, 0.6674656696557173]",1.1630422285070807,0.5823611161202187,0.9046577798681021,"[-2.9819998440231625, 5.308084301037324]",19.557505927403625
8625.0,24.0,0.7705723091549859,0.933637426242303,0.24288849708864382,0.46789091439994523,0.5667969889763116,"[-0.4129083151932046, 0.8986853093704922]",2.044761701582046,0.12901209084258075,0.5193573340339577,"[-0.5953141370418389, 4.6848375402059315]",16.189585625957335
8626.0,24.0,0.4365324922835008,0.6996834304912658,0.37881509151319076,0.18957832231266458,0.3039088206358842,"[-0.18716168504985148, 0.944791868076233]",-1.2419856118402075,0.09302643376559448,0.4415928946827927,"[-2.691248563073808, 0.20727733939339288]",4.744035584961145
8627.0,24.0,0.2746120359499516,0.4973053892610496,0.5803051620067128,0.09771040943028576,0.17697954977410932,"[-0.10649346231101808, 1.2671037863244436]",0.12254644457363373,0.8449955142326528,0.9708072590103425,"[-1.1059812503653943, 1.3510741395126618]",23.531907062106463
8628.0,24.0,0.544835271456164,0.7991198819880112,0.4312003788569919,0.26414224832760136,0.38735115859258357,"[-0.3256474301079888, 1.1880481878219726]",0.8827793845961249,0.3206493688032457,0.7639529235289347,"[-0.859415171065494, 2.624973940257744]",20.628031134765727
8629.0,24.0,0.8600137356636381,0.9663075681613912,0.2003077393383688,0.5818403012542447,0.6537441335344146,"[-0.5125975623077738, 0.9132130409845113]",2.231420927767415,0.21476512299679107,0.6540864276562998,"[-1.2939821193877017, 5.756823974922531]",15.476599901450706
8630.0,24.0,0.6478780389236936,0.8753807020033882,0.30827374153674997,0.3467162438811242,0.4685354647042219,"[-0.33383007936665005, 0.95037756244015]",-1.634822863704045,0.1100034999856942,0.48481048913924285,"[-3.639727898994396, 0.3700821715863061]",6.24456335611552
8631.0,24.0,0.4123886959227738,0.6761578880517688,0.4270161337660213,0.17458875512215,0.2862580015119692,"[-0.18946337213038889, 1.0434956396624315]",-2.0381756994915268,0.004640331106456328,0.07221507974687864,"[-3.449251893021488, -0.6270995059615656]",7.785257699132591
8632.0,24.0,0.9038927046314917,0.9808891106307509,0.11726540082772455,0.6523575100421455,0.7079833837799004,"[-0.3929261856242371, 0.6274569872796861]",1.3008298287899498,0.5447322940811944,0.8913963247933143,"[-2.908672670179584, 5.510332327759484]",19.031196063040696
8633.0,24.0,0.46011628885161865,0.7232437886853423,0.4364459899550498,0.20495725888379923,0.3221585332973896,"[-0.2384115738154866, 1.1113035537255862]",-0.5665838844641851,0.47983778579538383,0.8639493090300455,"[-2.1382529940865975, 1.0050852251582276]",2.164191021328377
8634.0,24.0,0.13308638020475544,0.26338092262963675,0.6223292387511079,0.035394849090743294,0.07006106312498672,"[0.04255172489875325, 1.2021067526034626]",-1.379243697658742,0.0026375656513039233,0.051115613397362855,"[-2.278206713354168, -0.4802806819633162]",5.268322853057578
8635.0,24.0,0.7617715039544899,0.9294675252910781,0.23185537691900168,0.457998172690654,0.5589748088302553,"[-0.38046008601865233, 0.8441708398566558]",1.8450773650020516,0.15706267402608015,0.5698539169342354,"[-0.7105653462100934, 4.4007200762141965]",16.952323607350902
8636.0,24.0,0.49593905675148875,0.7569517524242741,0.45106413422205294,0.2288482180964715,0.3493332591916829,"[-0.2836209882588925, 1.1857492567029984]",1.3875053817861103,0.08350632278470106,0.4207321238751489,"[-0.18380663786188856, 2.958817401434109]",18.700119838131194
8637.0,24.0,0.42818227176391527,0.6912855533805542,0.4837787346922533,0.18431185799038696,0.29756515658764443,"[-0.23043661357605327, 1.1979940829605598]",0.33804719321648147,0.6631837193805866,0.93180039273632,"[-1.1832551270577567, 1.8593495134907196]",22.708754836830142
8638.0,24.0,0.5748227488922601,0.8240005001322537,0.3195566854624598,0.28675728452212046,0.41103952542711203,"[-0.26839206852639436, 0.907505439451314]",-0.42463571546853895,0.6592138623129462,0.9301780744111013,"[-2.3118759980929093, 1.4626045671558316]",1.6219889551243578
8639.0,24.0,0.6468532151179449,0.8746052112366347,0.2516411766518682,0.3458152896540936,0.4676339278621955,"[-0.2715243365849724, 0.7748066898887087]",1.5829042184620574,0.12095260999225735,0.5054434182710295,"[-0.41765046705083053, 3.5834589039749454]",17.953751260578002
8640.0,24.0,0.5677685240774357,0.8182281655533012,0.41778559125500064,0.28136526915691606,0.40548388695333054,"[-0.34233420907735385, 1.1779053915873552]",-0.50503006005499,0.594012232684181,0.9090257716643009,"[-2.3620346761977045, 1.3519745560877245]",1.929072731225962
8641.0,24.0,0.743358278362149,0.9234264327480111,0.26767011297787585,0.43828209444530075,0.5444599546395062,"[-0.40917871381306586, 0.9445189397688176]",2.747888408362505,0.03818751732305744,0.2729629544178516,"[0.14963097460253927, 5.34614584212247]",13.50383944186048
8642.0,24.0,0.5788858213856722,0.8268446175232964,0.3143710651824565,0.2899792577248911,0.41413775739058994,"[-0.26791499617645365, 0.8966571265413666]",2.080660313952312,0.024673260018116948,0.20920018316918432,"[0.2653676180069273, 3.895953009897697]",16.052463027344512
8643.0,24.0,0.9120109944620222,0.9837402730272814,0.1296719878318126,0.6671628480764906,0.7198563315456308,"[-0.461318205871125, 0.7206621815347503]",-1.3721077055620636,0.5409485099653222,0.8901534294097935,"[-5.770820141619867, 3.0266047304957393]",5.241065371072352
8644.0,24.0,0.8057995368942852,0.9472193921409253,0.1694368908772555,0.5092171130581399,0.5985860033597507,"[-0.33368646844272204, 0.672560250197233]",0.47842234393837213,0.7574243468823412,0.9559877159165165,"[-2.5575029388774655, 3.5143476267542098]",22.172561257838332
8645.0,24.0,0.7303914197781671,0.9159479863222322,0.22547316598869574,0.4248586590237562,0.5328409986925736,"[-0.3282962509651014, 0.7792425829424928]",2.6952664038920755,0.035764858147031564,0.2627281442919216,"[0.17924031250954897, 5.211292495274602]",13.704840692905425
8646.0,24.0,0.9801952889343367,0.9948681677324512,0.0783143378318882,0.8414664108488324,0.8541938999582098,"[-0.6890825494688784, 0.8457112251326548]",-1.1234970342570616,0.8179398064794747,0.966095377463714,"[-10.689336001614809, 8.442341933100685]",4.2914425572263
8647.0,24.0,0.4113155757072627,0.6752841499052088,0.4929847002923942,0.17392350923006406,0.2855014361590892,"[-0.21763468981596906, 1.2036040904007574]",-1.1145281756871128,0.12077853620960438,0.5053223217187014,"[-2.522465824974878, 0.2934094736006525]",4.257184041019113
8648.0,24.0,0.4387446860181866,0.7012105937703086,0.409801371231033,0.19108963314900118,0.30540136351126923,"[-0.20456223466957202, 1.0241649771316381]",-1.080267227259382,0.14906547569813713,0.5549719869625359,"[-2.547709550080688, 0.38717509556192375]",4.126316857884157
8649.0,24.0,0.8340079646795004,0.9557184058748653,0.20798915186792793,0.5454627634182947,0.6251002742400449,"[-0.4662904789955213, 0.8822687827313771]",0.8650654510635949,0.5987516861117821,0.91161020243821,"[-2.3571094034979008, 4.087240305625091]",20.69569337676501
8650.0,24.0,0.4402388056365809,0.7030322670657632,0.4721280911397199,0.19208514424833645,0.3066982983367978,"[-0.2372623448744865, 1.1815185271539264]",0.5662360698732893,0.4674354429306886,0.8568927430895292,"[-0.9610328662445062, 2.093505005991085]",21.837137532545714
8651.0,24.0,0.5343264825444032,0.7905407346418157,0.38620093479666984,0.25609706648044195,0.37895393086777446,"[-0.28031635405989197, 1.0527182236532315]",0.14738079837557105,0.8718377933793816,0.9752862410683755,"[-1.6431778496982632, 1.9379394464494053]",23.43704681812075
8652.0,24.0,0.6834373458157548,0.8914012597049104,0.3548832680639453,0.37881109199815477,0.49411471509851507,"[-0.4354440918604463, 1.145210627988337]",-0.039957244271384695,0.9730026707293515,0.9946639642340541,"[-2.3540458447629393, 2.27413135622017]",0.15262543051490862
8653.0,24.0,0.964629983734779,0.9923284751869268,0.08949485052944561,0.7883661134617159,0.8110762484174032,"[-0.5639521749934181, 0.7429418760523093]",2.1115407873611005,0.56383962393756,0.897274934025387,"[-5.059142314293276, 9.282223889015476]",15.934508307631877
8654.0,24.0,0.6741085576174304,0.8873352013781105,0.33450824953626174,0.37034036178216334,0.4874387229824838,"[-0.39734905971832585, 1.0663655587908494]",-1.929997576079197,0.07511335837026144,0.3999646345594326,"[-4.055397197054251, 0.19540204489585689]",7.372047705321133
8655.0,24.0,0.730160257862259,0.9159479863222322,0.26644719271858297,0.42467735186654776,0.5327780101198692,"[-0.3876996242360463, 0.9205940096732123]",1.0369176109449407,0.3990609662438208,0.8204378417841711,"[-1.3730460958867092, 3.4468813177765907]",20.039266479337773
8656.0,24.0,0.665629821593245,0.8830335944680203,0.2743252769954969,0.3625314393427498,0.4810661350089567,"[-0.31616008480381164, 0.8648106387948055]",0.19996330005873286,0.8605006026352601,0.9722072112024179,"[-2.0301929605612714, 2.430119560678737]",23.236196456608436
8657.0,24.0,0.795658501847621,0.9442897007448623,0.25870444349218435,0.49697486621073084,0.5898111395807392,"[-0.4877747107667877, 1.0051835977511563]",-2.139651186710668,0.13966882242584017,0.5354870071966664,"[-4.978897687382526, 0.6995953139611903]",8.172865508578624
8658.0,24.0,0.5416754222620948,0.7966986648949769,0.30807528039331483,0.261790216524303,0.3849856125357397,"[-0.23000408249610566, 0.8461546432827354]",-2.494814710182572,0.005600676006524082,0.0824841827175859,"[-4.259882861812308, -0.7297465585528369]",9.529490237374336
8659.0,24.0,0.5204234498715057,0.7779673831821071,0.36534033441966757,0.24605548625442608,0.3679851397583554,"[-0.25195623945427187, 0.9826369082936071]",0.16924590162110142,0.8498383376553837,0.9708072590103425,"[-1.582854441686236, 1.9213462449284389]",23.35352827581497
8660.0,24.0,0.5171392572455412,0.7753553012754759,0.3411012585404658,0.2437075875078325,0.3654882836050278,"[-0.23237925421097727, 0.9145817712919089]",1.7321317567747911,0.036231804077112496,0.264272823319566,"[0.11111792401028686, 3.353145589539295]",17.38374405174824
8661.0,24.0,0.6535439675322219,0.8776364626378719,0.4047524650877319,0.35183669321384914,0.472454267777426,"[-0.44731248002595037, 1.256817410201414]",-1.9197952509202976,0.06564212974621242,0.37334894293714965,"[-3.9638020078691523, 0.12421150602855713]",7.333077693799462
8662.0,24.0,0.7659457512825827,0.9322963639658198,0.2883601149680588,0.4628221411239464,0.5633139097977887,"[-0.48141581415182066, 1.0581360440879384]",-0.9189703862799758,0.49549148134830956,0.871424115982267,"[-3.56149833283034, 1.7235575602703883]",3.5102083087566394
8663.0,24.0,0.8816312816814511,0.9740654286013208,0.19976539797973736,0.6148393896289183,0.6792431629643867,"[-0.5783554096398286, 0.9778862055993033]",-0.44072969783290983,0.8286719556826732,0.9685389604382321,"[-4.4323830951581815, 3.5509236994923614]",1.6834634394601198
8664.0,24.0,0.9895435969299023,0.9967292107757114,0.04997358335135154,0.8846893818944878,0.8911951061695252,"[-0.6253922183993881, 0.7253393851020911]",3.118840300944653,0.6633741989529629,0.93180039273632,"[-10.92523454309366, 17.162915144982968]",12.086907585370657
8665.0,24.0,0.4938732950890178,0.754927079011033,0.4103643503699243,0.22770591593723255,0.34801454369132284,"[-0.2563905215750583, 1.0771192223149069]",2.2426746033166465,0.0063557900068651465,0.08926671357956667,"[0.6318932758641742, 3.853455930769119]",15.433614027252004
8666.0,24.0,0.8045736578973945,0.9466419936487732,0.2111081593513034,0.5077823779513426,0.5973910328839325,"[-0.413635469365595, 0.8358517880682017]",-0.6159724186888162,0.687115544999573,0.9372486972514004,"[-3.6134053592204807, 2.381460521842848]",2.3528413258222964
8667.0,24.0,0.6586509502632307,0.8801370318216546,0.33792115533444544,0.35627821526743275,0.47618045344484466,"[-0.38004913720000666, 1.0558914478688974]",-1.3623108595570876,0.19301785650272707,0.6244437368203832,"[-3.4135312667430617, 0.6889095476288865]",5.2036441758307035
8668.0,24.0,0.9145812340691244,0.9842673633976802,0.14368758932267514,0.6721853107592327,0.7234021854920714,"[-0.5218495292128533, 0.8092247078582036]",-0.9136544425859672,0.696237317426204,0.9389579466300795,"[-5.500509645579798, 3.6732007604078634]",3.489902899570247
8669.0,24.0,0.22799131323358776,0.4249605092890732,0.6626460192361753,0.0752617108721503,0.1402827788856483,"[-0.06746081935196968, 1.3927528578243202]",1.4132192318073695,0.00911796328533246,0.11133044304435238,"[0.3509935867361893, 2.4754448768785497]",18.601900166047827
8670.0,24.0,0.2956892093159893,0.5285827839041639,0.5144335553247913,0.10852907423423468,0.19400978590317247,"[-0.11383555185474015, 1.1427026625043228]",0.3349613238955982,0.6019561279167324,0.91161020243821,"[-0.923714406545532, 1.5936370543367284]",22.720541989377843
8671.0,24.0,0.9558178361627353,0.9911597957501838,0.095118861957595,0.7636127374542669,0.7922115753234432,"[-0.5247837842458333, 0.7150215081610233]",-2.175164179724062,0.5072458903428156,0.8754924137551734,"[-8.604113731997028, 4.253785372548904]",8.308515149748295
8672.0,24.0,0.6132387313257179,0.8510112841045211,0.33493340344389966,0.31730869596709754,0.4403395725327471,"[-0.3215215467278173, 0.9913883536156166]",0.10006544563344466,0.9232327265529545,0.9878688510655973,"[-1.9352159536810944, 2.1353468449479838]",23.617778152673853
8673.0,24.0,0.9348651393028669,0.9878137795754037,0.13088130766660916,0.7131884374794693,0.7542976599465566,"[-0.5669927002788282, 0.8287553156120466]",1.482625933245055,0.5713793237930402,0.9008246509973031,"[-3.6512685040845865, 6.616520370574697]",18.33678609522756
8674.0,24.0,0.48279397799097534,0.7455126281515988,0.37652493243353496,0.220149791640872,0.33993514195837654,"[-0.22534873565032526, 0.9783986005173952]",-0.756188589865026,0.3549109380423092,0.7924334095395654,"[-2.358278417393427, 0.8459012376633748]",2.888427647681011
8675.0,24.0,0.22140970492466513,0.41439211103250073,0.5313361865790263,0.07242702864185585,0.13550426312788746,"[-0.04837077212776064, 1.1110431452858132]",0.8005081325302452,0.14994532961572213,0.5574175822145804,"[-0.28926077538280603, 1.8902770404432965]",20.942284169341185
8676.0,24.0,0.6727512410302018,0.8871149670238285,0.27039256292189745,0.36910466110610596,0.4867637305497563,"[-0.3196632870384239, 0.8604484128822187]",1.2025354306745308,0.266446023335296,0.7160047171367336,"[-0.9183676302898904, 3.323438491638952]",19.406653007160173
8677.0,24.0,0.6924508374030913,0.8968537150065471,0.24485532884230213,0.3872856051932496,0.5018603151396263,"[-0.31023969503301885, 0.799950352717623]",0.03565712404138566,0.97633297704965,0.9955285224381598,"[-2.320081659706753, 2.391395907789524]",23.863799818856943
8678.0,24.0,0.7289780790856346,0.9151118241095088,0.32391751150455217,0.4232238595220623,0.5314218538400806,"[-0.4688327036430914, 1.1166677266521958]",0.1148416502720524,0.9294096541369709,0.9892015094756179,"[-2.4259820066704143, 2.655665307214519]",23.56133720847293
8679.0,24.0,0.8383083328363482,0.9580666660986836,0.215783103978,0.5509749561469092,0.6296856641678962,"[-0.4934693613854479, 0.9250355693414478]",-0.06236222764093391,0.9714470033032078,0.9946639642340541,"[-3.477162842649653, 3.352438387367785]",0.23820616299063982
8680.0,24.0,0.5299031165448546,0.7864397692859225,0.39360555268846625,0.2531667770057302,0.3756741015072417,"[-0.2815135256346975, 1.06872463101163]",-2.5093775511492438,0.004591574354187236,0.07185562369620088,"[-4.244607916987537, -0.7741471853109505]",9.585116192381701
8681.0,24.0,0.7277280399222019,0.9150478185522077,0.2497728367931424,0.42195739172515023,0.530964378665094,"[-0.3598504163255616, 0.8593960899118465]",-1.432958748621024,0.232433433566145,0.6742147546764915,"[-3.7849518376541145, 0.9190343404120664]",5.473499234155503
8682.0,24.0,0.6555692038710008,0.8781904941339596,0.2729507680127561,0.3535231858596062,0.473728118521872,"[-0.30366796229843196, 0.8495694983239441]",0.17537363037445441,0.8752975946442844,0.9754479263760243,"[-2.014897634519449, 2.3656448952683578]",23.33012207611043
8683.0,24.0,0.6066539448305561,0.8461851335237257,0.3883016956666771,0.3120137623493455,0.43528705684897534,"[-0.36447094851433065, 1.1410743398476848]",-1.8831322550257008,0.04950569641002734,0.32021795866770597,"[-3.7621933701063814, -0.004071139945020175]",7.193035365195071
8684.0,24.0,0.4376630226651552,0.7007092902099827,0.4256787323999542,0.1901750117027966,0.3045724082363815,"[-0.21117300887185303, 1.0625304736717613]",-1.5471645461876973,0.03517780572571862,0.26059600417286444,"[-2.986835328858458, -0.1074937635169364]",5.909733247255225
8685.0,24.0,0.39921408664173524,0.6613884801884281,0.41850385833046155,0.1664887115390118,0.27591765253399364,"[-0.17434629578699523, 1.0113540124479183]",-1.9012137592300702,0.00669603681378564,0.09235912846600884,"[-3.275427318384038, -0.5270002000761023]",7.262101623738966
8686.0,24.0,0.4948898105536104,0.7559031778732404,0.4290996020356019,0.22816468415037094,0.3485459567767118,"[-0.2687841731206639, 1.1269833771918676]",0.2597727807264443,0.7620656742804583,0.9565635162989086,"[-1.421855044803016, 1.9414006062559046]",23.007741068799824
8687.0,24.0,0.6001039679452957,0.8411886290234031,0.3984720139033119,0.30676833019230365,0.42996932333235083,"[-0.3656869886651637, 1.1626310164717875]",1.9860835696543964,0.037234283729320805,0.2684519374860909,"[0.11747822548479414, 3.8546889138239986]",16.41371957990175
8688.0,24.0,0.8596426851472854,0.9659991967044447,0.15551337380974836,0.5812189543065618,0.6531283900511987,"[-0.39705697428027564, 0.7080837218997724]",-0.47433898725489776,0.7980685504995311,0.9636679530259626,"[-4.1080939562212855, 3.1594159817114904]",1.8118414685476925
8689.0,24.0,0.7726370240037669,0.9345665441914526,0.24013446687602305,0.470163888338231,0.5688613289028808,"[-0.41155040221798644, 0.8918193359700325]",-1.1709993332777948,0.3850145603525589,0.8109971092567351,"[-3.813030582842196, 1.4710319162866066]",4.472887973963395
8690.0,24.0,0.9719820968672866,0.9937451148832294,0.07128174371961511,0.8114498359887817,0.8296184807164725,"[-0.514365282237048, 0.6569287696762783]",3.1132870189402673,0.4747936612180068,0.8615157119619586,"[-5.42444867929782, 11.651022717178355]",12.108119560123807
8691.0,24.0,0.9598059341956724,0.9918311520199155,0.09716172226166613,0.7743771476020402,0.8004725528241061,"[-0.5671701080598689, 0.7614935525832011]",-1.306693232768657,0.6985890261615726,0.9396049854761145,"[-7.92058995272705, 5.307203487189736]",4.991200490396648
8692.0,24.0,0.44585851653510467,0.7092550071198451,0.4722859148011525,0.1957047580312995,0.31118581337462153,"[-0.2431274171627688, 1.1876992467650738]",-2.172403201620387,0.004372406510457218,0.06973535104397476,"[-3.66639779626307, -0.6784086069777042]",8.297968990237054
8693.0,24.0,0.43821766690017794,0.7011482670402847,0.43420398052562653,0.1907135193839219,0.30509281616368883,"[-0.21619178702003022, 1.0845997480712832]",2.715019467605186,0.0005326433367543803,0.017521162393236193,"[1.1787378734265213, 4.251301061783851]",13.629389547357809
8694.0,24.0,0.38023175811474896,0.639844310493628,0.4822285910082823,0.15517222997322971,0.26114478285632736,"[-0.18266936724954153, 1.147126549266106]",1.2909036574841135,0.05798273219314581,0.3480356074018356,"[-0.04367103591021926, 2.6254783508784465]",19.06911124454391
8695.0,24.0,0.34072522359604734,0.5907164070666563,0.409698561307575,0.13268625504994158,0.23003858365107765,"[-0.12435190974519261, 0.9437490323603426]",-0.362978933526362,0.5959085775239841,0.9098026124541037,"[-1.70454898574983, 0.9785911186971059]",1.3864773962146801
8696.0,24.0,0.8418449979505783,0.9590396422312353,0.18300844019180773,0.555803292230973,0.6332497347965967,"[-0.42588344729527194, 0.7919003276788874]",1.5241404038170172,0.35086271899836163,0.789522443778543,"[-1.6779232804340527, 4.726204088068087]",18.17821249839466
8697.0,24.0,0.9872247077702032,0.9961904215642817,0.04194120180705587,0.8725722672516514,0.8804967378926856,"[-0.47057332188814216, 0.5544557255022539]",2.9636354534861327,0.6465897363329858,0.9293251815215532,"[-9.704972090765994, 15.632242997738258]",12.679746433326986
8698.0,24.0,0.936653476100843,0.9880486751993395,0.13624867075373961,0.7172493921807102,0.7566763369273668,"[-0.6011579677493458, 0.873655309256825]",1.0906944785669683,0.6863674853111277,0.9372486972514004,"[-4.203454225335268, 6.384843182469204]",19.833853975992714
8699.0,24.0,0.7492018714785135,0.924826405972736,0.2621990695521179,0.444323981461771,0.5485481252614456,"[-0.40964392822035056, 0.9340420673245864]",3.0207945055845693,0.026020566422700796,0.21433744993987477,"[0.36091042672909124, 5.680678584440047]",12.461414936913064
8700.0,24.0,0.7175155140223684,0.9103585790504857,0.23597547630985308,0.4116782071228886,0.52254399854141,"[-0.327404577195365, 0.7993555298150711]",-2.987370275056056,0.018070151470422173,0.17242510945059325,"[-5.4639770839539485, -0.5107634661581635]",11.410913906903192
8701.0,24.0,0.8045152100066827,0.9466419936487732,0.19542198045899925,0.5075028180923591,0.59720617494243,"[-0.3825199189789902, 0.7733638798969887]",-1.8194006419018631,0.21230704281056811,0.6510092372221534,"[-4.678465847157311, 1.039664563353584]",6.949598534957973
8702.0,24.0,0.8861837901484837,0.9752215144145303,0.14431378529397232,0.6221301660336547,0.684637576795042,"[-0.42961181660661363, 0.7182393871945583]",-0.2914420003942162,0.889377451267178,0.9794905850960111,"[-4.39819028003095, 3.8153062792425176]",1.1132264396959108
8703.0,24.0,0.9143560457404326,0.9842673633976802,0.15459084952746097,0.6716236341214423,0.7230684062765595,"[-0.5601477432794657, 0.8693294423343876]",1.8858940196388847,0.4095361630708244,0.8259508199336671,"[-2.596025257999221, 6.3678132972769905]",16.79641547104866
8704.0,24.0,0.9519550759902816,0.991078205928571,0.10607690068575898,0.7534133733163006,0.7847238551362365,"[-0.555748208082417, 0.767902009453935]",0.13595386156128164,0.9671725320209361,0.994148983552796,"[-6.3387473604530165, 6.61065508357558]",23.48069450160218
8705.0,24.0,0.5489976112475367,0.802580336089381,0.5160913534434647,0.2671482308304167,0.39056148562175774,"[-0.39547264022194706, 1.4276553471088764]",-1.073304809944462,0.2239062556500423,0.6628367544406226,"[-2.802977126876334, 0.6563675069874102]",4.099722382727242
8706.0,24.0,0.90602287180131,0.9815828747877501,0.1754906742873029,0.6561265906446199,0.7108630451187647,"[-0.5969787958961558, 0.9479601444707616]",3.066488648983139,0.1887003294847811,0.620366733572685,"[-1.5059806722063458, 7.638957970172624]",12.286876165899493
8707.0,24.0,0.17001326692970115,0.32878218319416197,0.6762804517682112,0.04995575445619602,0.0966075313405454,"[0.0001306314253238794, 1.3524302721110986]",1.9053709404478667,0.00011830493814548512,0.006326467280507226,"[0.9352840491501114, 2.875457831745622]",16.722019113697648
8708.0,24.0,0.9462703431653775,0.9901985232007054,0.09304103922309427,0.7393838862025132,0.7740005689533126,"[-0.45512212806796404, 0.6412042065141526]",1.904441813847587,0.5137639981476336,0.8803357696922911,"[-3.811799860726139, 7.620683488421313]",16.725568115886272
8709.0,24.0,0.5136390950890707,0.7718093089242234,0.3428473069997373,0.2414350558574826,0.3627874618444517,"[-0.23079459515508982, 0.9164892091545644]",1.06730139390109,0.20188056521115483,0.635844299877653,"[-0.5718245412393181, 2.706427329041498]",19.923208977402513
8710.0,24.0,0.7640697199658859,0.9308841617518103,0.25037244428199484,0.4604479451353928,0.5610429452118835,"[-0.41446253012812234, 0.915207418692112]",0.08649594737914867,0.9509859077505619,0.9914048350576351,"[-2.6714739853525353, 2.8444658801108327]",23.66960981801261
8711.0,24.0,0.8067974260309221,0.9473744041918614,0.19419398376019126,0.5103493466733309,0.5993120260043762,"[-0.3839873710299774, 0.7723753385503599]",-1.248464237021662,0.39670384331393405,0.8177212773481959,"[-4.135637593450709, 1.6387091194073848]",4.76878211029078
8712.0,24.0,0.6859698526624991,0.8931899123209623,0.30687304981112423,0.38146537664867197,0.49667476230739227,"[-0.3803532795844134, 0.9940993792066619]",-0.5679268886960323,0.6248004095579491,0.9195245607783346,"[-2.8439667910491404, 1.708113013657076]",2.1693209196185808
8713.0,24.0,0.7516692054552409,0.9254053558204037,0.22458581359140764,0.4472069496404185,0.5505047565256885,"[-0.35453780929997625, 0.8037094364827915]",-0.5423800591477965,0.6855431054356229,0.9370360597528979,"[-3.1677619326921285, 2.0830018143965354]",2.0717392187483132
8714.0,24.0,0.8229037899275744,0.952756738845726,0.25129774281947825,0.5307906311656732,0.614511623143819,"[-0.5344949663276954, 1.037090451966652]",1.054981064004699,0.5000245834282087,0.8731021700276606,"[-2.010808258258072, 4.12077038626747]",19.970269171087317
8715.0,24.0,0.7501330508441082,0.9250558844638718,0.29756179049539866,0.44557815224556774,0.5495249213517944,"[-0.46699587522427743, 1.0621194562150746]",2.142780257042764,0.09676056613932688,0.45109821043975235,"[-0.3860369063222633, 4.6715974204077915]",15.815182323166129
8716.0,24.0,0.7413218293346415,0.9226657201331814,0.30423559064828,0.43628453599831873,0.5429388040511001,"[-0.4617298511487975, 1.0702010324453575]",0.640800888856548,0.6217226346794045,0.9177195404295999,"[-1.904639298236361, 3.186241075949457]",21.552320904019204
8717.0,24.0,0.46597627693152754,0.728999181682615,0.35809456972316756,0.20884590720209173,0.32670018512440285,"[-0.20037380349773026, 0.9165629429440654]",0.9513660446243559,0.22600836328790608,0.6657094647655554,"[-0.5887636259920532, 2.491495715240765]",20.36604939139798
8718.0,24.0,0.415260401295854,0.678973841229323,0.44609110906959176,0.17644898269708686,0.2884567315629996,"[-0.2007072861506653, 1.0928895042898488]",0.9103660214273646,0.2141006717836037,0.6531442092239284,"[-0.5258300578141459, 2.346562100668875]",20.522657944006383
8719.0,24.0,0.7201937834203693,0.9117731807377712,0.21307647196953594,0.4146531500173464,0.5248775203959621,"[-0.29888328694019906, 0.7250362308792709]",-0.6803746300509399,0.5819280887890912,0.9046577798681021,"[-3.102425219352013, 1.7416759592501334]",2.5988396526462405
8720.0,24.0,0.5705819355188468,0.8209812021853912,0.3824738672431029,0.2836234896830214,0.40809135206190134,"[-0.31667231925639955, 1.0816200537426053]",-0.7112802034171315,0.44825627128105594,0.849596270386384,"[-2.5496516793793473, 1.1270912725450846]",2.7168902471338874
8721.0,24.0,0.7504053334770928,0.9250558844638718,0.24396992213533827,0.4457004517191554,0.5495249213517944,"[-0.3830568934258517, 0.8709967376965283]",2.837051053689051,0.03605234895475357,0.2633333020373425,"[0.18455808572005283, 5.48954402165805]",13.163263224031617
8722.0,24.0,0.465895819444198,0.7289873563514285,0.42112802600212046,0.20869227507614263,0.3265919797748711,"[-0.23542288627356805, 1.077678938277809]",-0.44089979459377915,0.5885807431609731,0.9077706636973603,"[-2.0385287971631145, 1.1567292079755565]",1.6841131612272304
8723.0,24.0,0.6172998833468941,0.8534176663290782,0.3290161741674379,0.32084929181741695,0.44357938159000493,"[-0.3205765319820596, 0.9786088803169354]",1.9832094519980563,0.04329636535681025,0.29562425114907276,"[0.059742109202935545, 3.906676794793177]",16.42469790067057
8724.0,24.0,0.762706478062609,0.9298352270236534,0.26330774965735526,0.45907453735971837,0.5598408619225191,"[-0.4337391059624942, 0.9603546052772047]",2.7899580742623584,0.04486982387230258,0.30013260115252566,"[0.06385429608046822, 5.516061852444249]",13.34314515508801
8725.0,24.0,0.759751114481714,0.9293421569600563,0.22651893485722452,0.4557785807720479,0.5575273159291106,"[-0.36876054626422583, 0.8217984159786749]",-0.2631878902057494,0.8494132655352804,0.9708072590103425,"[-2.9800290757861227, 2.453653295374624]",1.005303688516129
8726.0,24.0,0.26061165277478754,0.47539520754248,0.477537748888787,0.0909510437278796,0.16590850734746368,"[-0.07615108085336186, 1.0312265786309358]",-0.5390624252727747,0.37089208974679155,0.8033183663564902,"[-1.7198164456833116, 0.6416915951377622]",2.059066790814421
8727.0,24.0,0.9480832114405677,0.9903721001154995,0.12185496764541519,0.7439019174050866,0.7770833776298826,"[-0.6092078620964749, 0.8529177973873052]",-2.364111885782617,0.4401956341693447,0.8462360780650421,"[-8.3672170560796, 3.6389932845143664]",9.03024222347054
8728.0,24.0,0.46423388478206407,0.7274112892229145,0.4621571448282402,0.2076459412014583,0.3253618633680011,"[-0.25670371661488556, 1.181018006271366]",-1.046070433194835,0.17907370588369464,0.6074413361047987,"[-2.5720016693215566, 0.4798608029318865]",3.9956947263657185
8729.0,24.0,0.9525644352763271,0.991078205928571,0.09498037561859511,0.7551295138572628,0.7858565031296314,"[-0.5019042619347236, 0.6918650131719137]",2.262676522929019,0.4772358992309871,0.8629943928227614,"[-3.9768332488101494, 8.502186294668189]",15.357212322188744
8730.0,24.0,0.792470227159929,0.9429258609541356,0.2741262103276772,0.4931602308429186,0.5868260669829205,"[-0.509887298103239, 1.0581397187585933]",1.0402934346595245,0.4675860389838281,0.8568927430895292,"[-1.7665665273385551, 3.847153396657604]",20.026371782589386
8731.0,24.0,0.4864527632568257,0.749161830830262,0.36338756404628214,0.22255436585878896,0.3427095101543083,"[-0.22051764964764153, 0.9472927777402058]",0.5261062270735772,0.5289521960981793,0.8840013597459259,"[-1.1116620824958197, 2.1638745366429744]",21.990422240875514
8732.0,24.0,0.9443835020559628,0.9898440468770747,0.09133193023057305,0.7348728576277628,0.7703069786454537,"[-0.4372577801835307, 0.6199216406446768]",1.8882337480189104,0.5095297643056407,0.87774087227094,"[-3.722800303186081, 7.499267799223902]",16.7874783669565
8733.0,24.0,0.558247279624537,0.8101106945647032,0.4418151375826533,0.2740998571900428,0.397707279730184,"[-0.34996115298395164, 1.2335914281492582]",2.6460920905224934,0.0046026795269157855,0.07191686760805914,"[0.8158253600429788, 4.476358821002008]",13.892672734007476
8734.0,24.0,0.25626659350071557,0.4683234530349334,0.4290916097851677,0.08873164969409815,0.1621557925696238,"[-0.06499862464889683, 0.9231818442192322]",-0.32096332242195835,0.5962908752164915,0.9098026124541037,"[-1.508478453870528, 0.8665518090266113]",1.2259895835516585
8735.0,24.0,0.6025513108870335,0.8434368853401925,0.381217986254534,0.30862740756847373,0.43200924911600463,"[-0.3526675329601486, 1.1151035054692167]",2.906080888480485,0.004250124170151152,0.06842113342290614,"[0.9138234941163765, 4.898338282844593]",12.899588677762651
8736.0,24.0,0.43429943098862156,0.6976697686564202,0.3233014241585189,0.18804657213542686,0.30213138196566014,"[-0.1580635353680122, 0.8046663836850501]",-0.07043006324875911,0.9288856967430221,0.9892015094756179,"[-1.6171548704973062, 1.476294743999788]",0.2690230249995563
8737.0,24.0,0.08768984685693086,0.1800612871805562,0.7088792255051917,0.01958605900026454,0.04021778028801754,"[0.11364876963520054, 1.304109681375183]",-1.6124592524531227,9.194917029630077e-05,0.005230215467112023,"[-2.4205479974320827, -0.8043705074741626]",6.159140653492244
8738.0,24.0,0.6983135397651539,0.8997460460666605,0.27582938354322223,0.3931330922056758,0.5064842723597988,"[-0.3572476264812285, 0.9089063935676729]",-0.5157960509498123,0.6658507871554863,0.9325641276687483,"[-2.8567542812120474, 1.8251621793124229]",1.9701957872626015
8739.0,24.0,0.384370121365779,0.6443757273525214,0.3988439402836862,0.15752521279327947,0.2641710762926035,"[-0.15421635237799924, 0.9519042329453716]",0.06322499517985314,0.9314521465937987,0.9892015094756179,"[-1.3773895601553685, 1.5038395505150748]",23.75849830776396
8740.0,24.0,0.2717119977279756,0.4931252227367978,0.5535226850271245,0.09625143380000475,0.17472893074854573,"[-0.09872368157017997, 1.205769051624429]",-3.0756414453039898,8.468014860558082e-07,0.00014350881177014384,"[-4.299814489979667, -1.851468400628312]",11.748084940762348
8741.0,24.0,0.3651686598159843,0.6210523858667073,0.36906913619391624,0.146589588165578,0.2492172529166576,"[-0.12922277188735687, 0.8673610442751893]",0.5636811502188106,0.42088131721531774,0.8314526219188418,"[-0.8089168090892662, 1.9362791095268874]",21.846896606758825
8742.0,24.0,0.5595930823219263,0.8112396090488929,0.3948206757512436,0.2751920412380787,0.39894468141211764,"[-0.3143488954117246, 1.1039902469142118]",-2.5138147474425345,0.006717853881978893,0.09253242261678916,"[-4.331544564997281, -0.6960849298877883]",9.602065033746813
8743.0,24.0,0.4944617579299957,0.7554801496256619,0.37884728293516046,0.22808309000587024,0.3484844767087399,"[-0.23719849389368453, 0.9948930597640054]",0.5986579810850969,0.4767660278057003,0.862768779959646,"[-1.05042938174267, 2.2477453439128636]",21.713294954133417
8744.0,24.0,0.21113986428900727,0.398301951120557,0.48094141572268917,0.06757274661376879,0.12749574832786564,"[-0.03476293024121818, 0.9966457616865965]",-1.6331107425703344,0.0019270334670754522,0.04153089368697096,"[-2.6652219216890964, -0.6009995634515723]",6.238023535117068
8745.0,24.0,0.8499256960457584,0.9627484139121946,0.2140088590720319,0.5673433925767504,0.6426775796664995,"[-0.5193352670643121, 0.947352985208376]",-2.402801674399299,0.17086949082505198,0.59165336158259,"[-5.8417910773905, 1.0361877285919028]",9.17802633000315
8746.0,24.0,0.4386369322788098,0.7012105937703086,0.4928564294913217,0.19087361005032222,0.3052512554778862,"[-0.24566154162843623, 1.2313744006110796]",-1.827958024466886,0.01342028715057667,0.14323499189933242,"[-3.2770387774856324, -0.37887727144813943]",6.982285328601616
8747.0,24.0,0.6171972666756165,0.8534176663290782,0.3234799241049641,0.3206679486186945,0.44346511137364647,"[-0.31494300544979975, 0.961902853659728]",-0.2737903934789152,0.7924651749166219,0.9628316126547152,"[-2.313308715108464, 1.7657279281506337]",1.0458022678378651
8748.0,24.0,0.4783049606739676,0.7410984603596162,0.39257738416693866,0.21707279483727837,0.33628628169988906,"[-0.23077742412005497, 1.0159321924539322]",-2.539811453707666,0.0019880105717898482,0.04241360627519405,"[-4.1497437404551425, -0.9298791669601896]",9.701365137095701
8749.0,24.0,0.48558127728560707,0.7483144972809478,0.3286395150898944,0.22177854875318148,0.34177615773336645,"[-0.1985458141409715, 0.8558248443207603]",-2.896432671115053,0.0006243903389459227,0.019271306757590208,"[-4.55596165804526, -1.2369036841848464]",11.063557846579744
8750.0,24.0,0.8236141772069454,0.9530365392350676,0.23899513488398036,0.5317078010544765,0.6152601261912479,"[-0.509999089742879, 0.9879893595108398]",-0.5123150882534677,0.7534722114785659,0.9552799279805988,"[-3.709492089389999, 2.6848619128830635]",1.9568994891863998
8751.0,24.0,0.2436745366699929,0.44916965284791316,0.4997425911493798,0.08261327448851011,0.15228253361937347,"[-0.06456341565553092, 1.0640485979542906]",-0.14333063714338756,0.8105108410948738,0.9654338727701918,"[-1.3149798268503499, 1.0283185525635747]",0.5474827055491428
8752.0,24.0,0.8690999597907646,0.9708881403122882,0.18842318763362745,0.595140588169087,0.6648872619473657,"[-0.5065365885721939, 0.8833829638394487]",-1.6181409844633192,0.37160983396785363,0.803654485224597,"[-5.167814265886612, 1.9315322969599742]",6.180843271126154
8753.0,24.0,0.8523742428110269,0.9630259211513128,0.1957159390382835,0.5707774610517964,0.6448734166216206,"[-0.4809317021291481, 0.872363580205715]",0.9816211668730874,0.5722543038102447,0.900878138176577,"[-2.425186509994714, 4.388428843740889]",20.250483337164333
8754.0,24.0,0.24461882579128522,0.4505780545059591,0.5155943570515368,0.08311632867235509,0.15309693990118822,"[-0.0675644127901428, 1.0987531268932162]",-1.868923952106293,0.000827614488792306,0.02305666199721251,"[-2.96452555880933, -0.7733223454032561]",7.1387636457733725
8755.0,24.0,0.4658639085335631,0.7289873563514285,0.458664830115647,0.20880345538288192,0.32670018512440285,"[-0.2565817453497698, 1.1739114055810638]",0.7320953426367698,0.35946491606991526,0.7958303853764245,"[-0.833709700409262, 2.2979003856828015]",21.203601777715278
8756.0,24.0,0.8783100066897837,0.9730838056604282,0.15478428271437958,0.609623177014897,0.6754827446148444,"[-0.439349743762406, 0.7489183091911652]",0.9920732111471464,0.6069364843127601,0.9135497973457457,"[-2.787541448907169, 4.771687871201461]",20.21055946888517
8757.0,24.0,0.7752271153994901,0.9353525900550844,0.23059497992229558,0.47322560741882536,0.5708534077336916,"[-0.3995391903260518, 0.860729150170643]",-0.6440522344523032,0.647663268933232,0.9294020283387066,"[-3.4061732397274223, 2.118068770822816]",2.4600983213391445
8758.0,24.0,0.7448553631471317,0.9237571446140801,0.22928235528351662,0.4400183679059405,0.5456576982960571,"[-0.3527004976742062, 0.8112652082412394]",-0.6952907656505376,0.5939029296273943,0.9090257716643009,"[-3.251130258324238, 1.8605487270231627]",2.6558150937463596
8759.0,24.0,0.8449374284536084,0.9603230413825136,0.18427930443423424,0.5600798265045291,0.6366713953672037,"[-0.4355363469148631, 0.8040949557833316]",0.08227394641278796,0.9631850346102844,0.9938808419181301,"[-3.411315751455832, 3.575863644281408]",23.68573667377745
8760.0,24.0,0.922501848149419,0.9861488829547715,0.1325845514785309,0.6874289472863293,0.7350355902837397,"[-0.5132788192341857, 0.7784479221912475]",1.7866486776526571,0.45662366282550837,0.8520462075951002,"[-2.9173849376987366, 6.490682293004051]",17.17550475319155
8761.0,24.0,0.9149189405544254,0.9843055544897815,0.13158121005288573,0.6727272878362378,0.7239075517445795,"[-0.47895285438975965, 0.742115274495531]",0.39216393244436887,0.8719335810679687,0.9752862410683755,"[-4.375908394016405, 5.160236258905143]",22.50204411957894
8762.0,24.0,0.9124395990858645,0.9837402730272814,0.15034718797776073,0.6679735078912058,0.7203525422475342,"[-0.5366517423870889, 0.8373461183426103]",0.22252010063699945,0.9265487488856669,0.9889661639392809,"[-4.508375900665146, 4.953416101939145]",23.150035825111573
8763.0,24.0,0.7685600412336119,0.9330582022989097,0.19714935447085932,0.46542265029319174,0.56524489955452,"[-0.33221194670558163, 0.7265106556473003]",-0.014724399905424512,0.9917480505322821,0.999042938587908,"[-2.8050922170576276, 2.7756434172467785]",0.05624306469624354
8764.0,24.0,0.503874906491102,0.7637940071109626,0.48622082699496183,0.23462860314544043,0.3556056428394065,"[-0.31559597503720405, 1.2880376290271278]",-0.6254785690730102,0.4626697998087149,0.8552647739381687,"[-2.294622185411453, 1.0436650472654323]",2.3891521455843616
8765.0,24.0,0.6505000118153905,0.8767775010560399,0.35731854479310177,0.34932259740979765,0.47075601713104204,"[-0.3909755639696022, 1.1056126535558057]",2.532466234295674,0.019341874798721456,0.18009194412217372,"[0.41027439992484327, 4.654658068666505]",14.326691534364613
8766.0,24.0,0.27966507317411554,0.5053579204447335,0.544939100737139,0.10036729528175516,0.18137831342245683,"[-0.10509856025201747, 1.1949767617262954]",0.40339039520849873,0.5186724416278636,0.8816839468333598,"[-0.8216468504666081, 1.6284276408836056]",22.45916219056258
8767.0,24.0,0.6760179566365738,0.8877583536413529,0.28212594842929023,0.37194356580065024,0.4885637275721138,"[-0.3371983557506472, 0.9014502526092276]",3.0878885874606388,0.007966169506255004,0.1037261654460287,"[0.8070709164534895, 5.368706258467788]",12.205134422126136
8768.0,24.0,0.8902356031848644,0.9766429825594324,0.13827122201534833,0.6287462184621471,0.6897966474602871,"[-0.42224775520383884, 0.6987901992345356]",0.06998145165097025,0.9740171071086468,0.995113513596901,"[-4.141227744281468, 4.281190647583409]",23.73269054508004
8769.0,24.0,0.5792005640909074,0.8270749165941844,0.31968729601691614,0.28997756153596455,0.41413775739058994,"[-0.27244354065271315, 0.9118181326865454]",0.09046405073424602,0.9265623989947123,0.9889661639392809,"[-1.8332084166079594, 2.0141365180764517]",23.65445277968469
8770.0,24.0,0.6700754794631717,0.8860352415258278,0.32432729436076796,0.3666895011263025,0.48484662320018845,"[-0.3798663532963275, 1.0285209420178634]",-0.4027295600196279,0.7233541265983247,0.9484629638926688,"[-2.632618794819198, 1.8271596747799421]",1.5383136049523503
8771.0,24.0,0.8572102249200192,0.9649685293156162,0.1680299345192812,0.5777231374996895,0.6504426227197585,"[-0.4235356966789158, 0.7595955657174781]",2.1454383285480336,0.2249998149067387,0.6638126097063651,"[-1.3201867104716163, 5.6110633675676835]",15.8050292379064
8772.0,24.0,0.9890635252458216,0.9966598717068705,0.05706770396687493,0.8821561013236401,0.8891806282871083,"[-0.6974739894634412, 0.811609397397191]",-2.2249649174724633,0.7390369205131944,0.9523671656097865,"[-15.315543327220372, 10.865613492275447]",8.498739955723044
8773.0,24.0,0.08996370129566603,0.18442743193043465,0.427099263437348,0.0203182543663328,0.04165283797936203,"[0.06634571422033392, 0.787852812654362]",-3.0398387533267766,1.0996176016829507e-11,1.3788849373522847e-08,"[-3.9169374500799523, -2.162740056573601]",11.611328731062269
8774.0,24.0,0.3541531837571435,0.6089795892088777,0.483727321016014,0.14015116814878145,0.2410660902251003,"[-0.15894480648230103, 1.126399448514329]",-1.8425828811967522,0.004965993576153053,0.07604890621980175,"[-3.128128836046013, -0.5570369263474915]",7.038148166375271
8775.0,24.0,0.6226114711314483,0.8570890393405438,0.29334361848370033,0.3252251341935982,0.44770044308056445,"[-0.29108037624396527, 0.8777676132113659]",-1.9064665661016713,0.053248948576666746,0.3334311119390529,"[-3.839630498337998, 0.026697366134655454]",7.2821658680283035
8776.0,24.0,0.7766511201423392,0.9361754100076413,0.22070155732287275,0.47486621364382164,0.5723348362586738,"[-0.38463970614244225, 0.8260428207881878]",-2.313018585909217,0.09724935386360951,0.4523225761098117,"[-5.0467401515695745, 0.42070297975114057]",8.835080193861064
8777.0,24.0,0.6698372916600608,0.8860281635715089,0.3009725789971206,0.36663925885831183,0.4848442989398464,"[-0.3524437782557889, 0.9543889362500301]",-2.408349282188497,0.03034670621437514,0.2383873229723106,"[-4.5880771313601025, -0.2286214330168912]",9.199216630850813
8778.0,24.0,0.396907474098296,0.6588769490343559,0.4618948079666978,0.16515207230229456,0.27415682653103346,"[-0.1903597853299751, 1.1141494012633708]",-1.1579299071771514,0.09902043004945316,0.45748205407765297,"[-2.5337008256249125, 0.21784101127060973]",4.422966443548397
8779.0,24.0,0.2296983225441987,0.4271867631471057,0.5627133664956807,0.07624700845731447,0.14180213587002877,"[-0.05937723350557256, 1.184803966496934]",2.3111763562135175,3.9283284556013264e-05,0.0026929530941198323,"[1.2094734375562697, 3.4128792748707655]",15.171956605236085
8780.0,24.0,0.34767932141420893,0.6002750715024325,0.44444619474414393,0.13643785239874578,0.23564395923790293,"[-0.140502445715336, 1.029394835203624]",3.0718959797036853,1.0647630600548115e-05,0.001043885352994913,"[1.7046452421598948, 4.439146717247476]",12.266221683984908
8781.0,24.0,0.15807769684619058,0.30814365856957227,0.5912120632568899,0.04520808723583857,0.08812492638565024,"[0.012619789515493585, 1.1698043369982862]",-2.2991690973132384,3.7500524674176084e-06,0.00046875655842720104,"[-3.273549174880441, -1.3247890197460361]",8.782179044196788
8782.0,24.0,0.36749949917723945,0.6233030854430791,0.4931708584816092,0.14798429663824023,0.2509910051530533,"[-0.17497393069102168, 1.1613156476542401]",-2.3202770511577544,0.0007626773841693117,0.021893963051866645,"[-3.67133601959732, -0.9692180827181889]",8.862805488826636
8783.0,24.0,0.8244933095580198,0.9530427085657405,0.16728272073013176,0.5327762939976692,0.6158042064052971,"[-0.3583376635307087, 0.6929031049909722]",1.9604478485934838,0.20882387805343394,0.6464889619872984,"[-1.0968315180158035, 5.017727215202771]",16.511640821339412
8784.0,24.0,0.5925514923065669,0.835520998740224,0.3211066737309756,0.30084495575366443,0.4240836703603953,"[-0.28718972708005547, 0.9294030745420068]",0.6586135063272645,0.4997561207421908,0.8731021700276606,"[-1.2541282143980061, 2.571355227052535]",21.484281717142334
8785.0,24.0,0.8845493436273366,0.9749979007123574,0.15488691724322745,0.6196435933012474,0.6829932094973369,"[-0.4567165811375157, 0.7664904156239706]",0.7179831368141825,0.722936363967121,0.9484629638926688,"[-3.2511948977499485, 4.687161171378314]",21.257506433265558
8786.0,24.0,0.06463843757465924,0.13539681100682707,0.6283726143917877,0.012684494316433797,0.026569950390519056,"[0.13425650988022825, 1.1224887189033472]",-1.000947190874375,0.011235356068032989,0.12706847194712956,"[-1.774751659682749, -0.22714272206600106]",3.823336636838488
8787.0,24.0,0.5452116232843364,0.79943053267498,0.3532163194381,0.264173490160142,0.38735115859258357,"[-0.2667935345418226, 0.9732261734180225]",0.268023309258715,0.7721741292165086,0.9589249382121035,"[-1.5463379316322343, 2.0823845501496643]",22.976226371223067
8788.0,24.0,0.1387154568327996,0.2736005065735692,0.5193882320742409,0.03750514680466704,0.07397464852991525,"[0.030026001979864214, 1.0087504621686176]",-1.675823534530144,0.000294853109392202,0.011517699585632889,"[-2.5832138683305477, -0.7684332007297402]",6.4011743824848955
8789.0,24.0,0.9483460594069695,0.9904220944041642,0.10987919288585572,0.7445369177996399,0.7775640197156223,"[-0.5510336477971465, 0.7707920335688578]",-2.238183241936885,0.46178925134833937,0.8550833639977362,"[-8.19923224289613, 3.72286575902236]",8.54923023599277
8790.0,24.0,0.6799225261898698,0.8890200394742022,0.23889082068562517,0.37554987077564694,0.4910432410769442,"[-0.28949638049158655, 0.7672780218628369]",1.6417849652809666,0.1307081189983585,0.5223251886007398,"[-0.48737977388293263, 3.770949704444866]",17.72884337475788
8791.0,24.0,0.4890894089389334,0.7515202964642491,0.43750868044956465,0.2240991842209471,0.34439708655439855,"[-0.26784723190628906, 1.1428645928054184]",0.047775703323226004,0.9554228894611678,0.9927885629812778,"[-1.627387819542119, 1.722939226188571]",23.817510255754
8792.0,24.0,0.5830554581092071,0.8293502717358707,0.4132450623849794,0.29333927621920497,0.4171930921351808,"[-0.3575264270155396, 1.1840165517854984]",-0.8492073905136612,0.369854064594037,0.8020186876808832,"[-2.7052675188057895, 1.0068527377784673]",3.243733293850049
8793.0,24.0,0.9997236538096492,0.9997277393137969,0.008835928146385055,0.9812433682128878,0.9813415023631241,"[-0.7277874011095382, 0.7454592574023082]",-1.4458393723100276,0.9718539783413308,0.9946639642340541,"[-81.76165622378957, 78.8699774791695]",5.522699592480579
8794.0,24.0,0.37762903913577367,0.6363819331576906,0.5357832222669814,0.15365317131563627,0.25898056854143986,"[-0.2002384289921295, 1.2718048735260923]",1.859630741195386,0.006141456554308797,0.08723659878279541,"[0.5294723231876883, 3.189789159203084]",16.89673380511462
8795.0,24.0,0.8791946291409986,0.9731880414281983,0.1897612983134187,0.6108639193207015,0.6761832181986955,"[-0.541165576207655, 0.9206881728344924]",-0.2558782119254248,0.8998064337348899,0.9819188762660309,"[-4.239108446226454, 3.7273520223756043]",0.9773827741787261
8796.0,24.0,0.4580962349253351,0.7211821646735787,0.4214947354752831,0.20351414703058024,0.3204442560708239,"[-0.22816902400541578, 1.071158494955982]",0.37575678067806706,0.6422398496377029,0.9267530297802351,"[-1.209517145188384, 1.961030706544518]",22.564714822914922
8797.0,24.0,0.4801234124453195,0.7425817890315689,0.45889406824751405,0.21834315819151628,0.33767887131382046,"[-0.2717765179082105, 1.1895646544032386]",-0.8007116519763589,0.32374356928925985,0.7657132670039258,"[-2.391079835356644, 0.7896565314039259]",3.058493217679558
8798.0,24.0,0.429794315257918,0.6927415747614272,0.46005923446058156,0.18536905424659422,0.2988536439490234,"[-0.2207751881265903, 1.1408936570477535]",1.1644600474763696,0.11329567539145358,0.4939560215002053,"[-0.2767932684330905, 2.6057133633858296]",19.552090257866702
8799.0,24.0,0.33160007309479755,0.5780025677092514,0.4394989797418279,0.12780770189265475,0.22273911100148963,"[-0.12616939595201365, 1.0051673554356695]",0.6799951339843187,0.3043267699762394,0.7514276816848787,"[-0.6174807935045494, 1.9774710614731867]",21.40260991555104
8800.0,24.0,0.7294654394049627,0.9153788924645032,0.2599363959134288,0.42373821828076974,0.5317332391526788,"[-0.3769337485345751, 0.8968065403614327]",2.9803257242631034,0.021523069129751334,0.192332575599974,"[0.43915908105397694, 5.52149236747223]",12.615994295030257
8801.0,24.0,0.2561933053364654,0.468275096575517,0.7352382667609644,0.08861178824335339,0.1619959565692018,"[-0.11105544734261064, 1.5815319808645394]",0.020755432112574468,0.9728702530972723,0.9946639642340541,"[-1.1754078847275804, 1.2169187489527293]",23.920720089198614
8802.0,24.0,0.5625865499984838,0.8135741865487834,0.31375389168730755,0.27714628979469413,0.4008479748259967,"[-0.2521030408535579, 0.879610824228173]",-1.5688811550270518,0.07641578861530055,0.4042144658105994,"[-3.304305815848948, 0.1665435057948439]",5.992684582710659
8803.0,24.0,0.25637800246475656,0.46835586858742523,0.44224631801100883,0.08870789255397833,0.1621420079582861,"[-0.06695336972412486, 0.9514460057461425]",-1.4856419549783757,0.00862207807488908,0.10886462215769038,"[-2.594188768690608, -0.37709514126614363]",5.674734259188373
8804.0,24.0,0.6701970566901361,0.8860352415258278,0.26693884545185176,0.3669602069120219,0.4850762814435188,"[-0.3129779963270878, 0.8468556872307913]",-0.7008092505433865,0.5298884894063356,0.8843265844565014,"[-2.887394463916429, 1.4857759628296558]",2.676894153324156
8805.0,24.0,0.4970621693825769,0.7577167216197819,0.46890729843469986,0.22976279367312413,0.35033318705279615,"[-0.2963418985906457, 1.2341564954600455]",1.1635171811882357,0.15136466665380363,0.5597805719445401,"[-0.4259492676662804, 2.7529836300427517]",19.55569174179705
8806.0,24.0,0.8127817837117691,0.9485141600090665,0.2493571732316146,0.5179755322572361,0.6044760558492661,"[-0.5066433795696998, 1.005357726032929]",2.254390765195126,0.14189440380146734,0.5393173842701153,"[-0.7539196305936584, 5.2627011609839105]",15.388861585403408
8807.0,24.0,0.8181710549965941,0.9514516116315948,0.19708443443709997,0.5245232319947488,0.6101356743366276,"[-0.40990074997772297, 0.804069618851923]",1.408516003059738,0.35254877308547583,0.7911915453943417,"[-1.56101042309256, 4.3780424292120355]",18.619865176536084
8808.0,24.0,0.8981680236186047,0.9791431632166191,0.1480995197793392,0.6422504746123283,0.7001531392263473,"[-0.4767349901153417, 0.7729340296740201]",-2.967321921734278,0.18367606329058483,0.614498959438946,"[-7.3417116830321625, 1.4070678395636063]",11.33433483813486
8809.0,24.0,0.7760281337972276,0.9358757040487549,0.1755428501159766,0.4741552559990756,0.5717855804257397,"[-0.305162812198504, 0.6562485124304571]",-0.723310798663956,0.6063865496156301,0.9135497973457457,"[-3.4747818702424538, 2.028160272914542]",2.762843735978767
8810.0,24.0,0.5609223873192327,0.8126088015168977,0.46705896360447,0.27620278107318663,0.4000677276334607,"[-0.3736315379475184, 1.3077494651564585]",-0.9395317835941981,0.30064327416054915,0.7497338507744368,"[-2.7186146731865675, 0.8395511059981715]",3.5887470612230765
8811.0,24.0,0.8363656289551866,0.9566117224696176,0.20363557117542772,0.5486019932017621,0.6274756870659522,"[-0.4617210656118048, 0.8689922079626603]",-0.9614065884667085,0.5589478422267555,0.8959434689226791,"[-4.185749613429154, 2.262936436495737]",3.6723026610142133
8812.0,24.0,0.9677425377496959,0.9927600920698563,0.08312150868040014,0.7977427000662414,0.8183655109419793,"[-0.5525964566328505, 0.7188394739936508]",-1.4961944636118432,0.6904085298992415,0.9373185088522442,"[-8.858689975872142, 5.866301048648455]",5.715041873053242
8813.0,24.0,0.4712600987263779,0.734049998016165,0.4439482155421973,0.21228512135924182,0.3306621828025573,"[-0.2536529654683819, 1.1415493965527765]",0.4846358353919049,0.5542038000921428,0.8948702936230022,"[-1.121302905171804, 2.090574575955614]",22.148827468749797
8814.0,24.0,0.5103256170930635,0.7687947529067657,0.3015151654477304,0.2389377882783872,0.3600629720891911,"[-0.20029853468806635, 0.8033288655835271]",0.2729076773575114,0.7558069973186445,0.9553874318273853,"[-1.44703972888406, 1.9928550835990828]",22.957569459379773
8815.0,24.0,0.6128342794803415,0.8505680492440548,0.31588250240143034,0.31703475542241333,0.4400815594425504,"[-0.302883149148406, 0.9346481539512667]",-1.3353391748883254,0.16675449742203496,0.5847239461865604,"[-3.228159047524546, 0.5574806977478952]",5.100619929305518
8816.0,24.0,0.7532004409705819,0.9262400611026866,0.27224105622620004,0.4485936087426867,0.5517756565100698,"[-0.4319151598906619, 0.9763972723430621]",1.5147204274645354,0.23305064592170832,0.6742147546764915,"[-0.9747594057516089, 4.00420026068068]",18.214194157602012
8817.0,24.0,0.8672020726543355,0.9701834484814971,0.173327935185047,0.5924148316318781,0.6628046896754063,"[-0.46125301474747604, 0.80790888511757]",1.1557042706195686,0.5254515338866831,0.8839273529919359,"[-2.411642500140929, 4.723051041380066]",19.585534861883573
8818.0,24.0,0.9016102611694916,0.9803320843451189,0.14056549889686884,0.6482950537389958,0.7049750475630663,"[-0.46343358425374803, 0.7445645820474858]",2.8976238045685903,0.20141372508348976,0.6353745270772547,"[-1.5478450014461536, 7.343092610583334]",12.931892358771954
8819.0,24.0,0.7210362092097844,0.9119698259094708,0.1995047669106011,0.41527380535989833,0.5252641099922822,"[-0.2804843083527698, 0.679493842173972]",1.2769368915789556,0.2827774489950692,0.7330971729361542,"[-1.053151701003474, 3.6070254841613854]",19.12246036053143
8820.0,24.0,0.9451202295099655,0.9901985232007054,0.13067974610264851,0.736653370942818,0.771797806345412,"[-0.6309509554373132, 0.8923104476426102]",-0.4007603688007002,0.8956073473584891,0.9799823477491091,"[-6.387056985267615, 5.585536247666215]",1.5307918485590983
8821.0,24.0,0.7797448833166014,0.937644159832373,0.27430805756265525,0.47811151782991823,0.5749296751201518,"[-0.48362393236445084, 1.0322400474897613]",0.16548921035657926,0.9098770249790666,0.9847157609726442,"[-2.699979607186007, 3.0309580278991657]",23.367877779441024
8822.0,24.0,0.09381726678418857,0.1915811043173138,0.6956655401008132,0.021663159244994453,0.04423761332447305,"[0.10187318413441482, 1.2894578960672116]",-0.7862688550747094,0.07098565578369957,0.3892565709223147,"[-1.63977180022187, 0.06723409007245107]",3.003325797224282
8823.0,24.0,0.963912682165743,0.9923284751869268,0.09544667007911839,0.7861273206068935,0.8094391686644291,"[-0.5939837205122172, 0.784877060670454]",-1.679938000575799,0.6360068301924295,0.9241223256083614,"[-8.636821077608879, 5.276945076457282]",6.416890485109289
8824.0,24.0,0.964505532663639,0.9923284751869268,0.08820331470698646,0.7878825944467203,0.8108290567528252,"[-0.5543097113791288, 0.7307163407931018]",1.6723124885692329,0.6403306723628968,0.9259807051547606,"[-5.342704857369447, 8.687329834507914]",17.61223682519755
8825.0,24.0,0.8100670075851462,0.9482278699781302,0.23487273130080233,0.5144114798215234,0.6021818971872673,"[-0.4711907283102913, 0.940936190911896]",1.2276901608547384,0.4095890116051055,0.8259508199336671,"[-1.6903047576579544, 4.145685079367431]",19.310569015552424
8826.0,24.0,0.7502120794414232,0.9250558844638718,0.24360511987862266,0.4457196637084405,0.5495249213517944,"[-0.3825105582211681, 0.8697207979784134]",2.3778500295996836,0.07025534638326734,0.3873223776594489,"[-0.1966410656129418, 4.952341124812309]",14.917281932592017
8827.0,24.0,0.8588673859549291,0.9656770086702663,0.17612280979736328,0.5801191669174808,0.6523011684071582,"[-0.44786076054009727, 0.8001063801348238]",1.0297580769526817,0.5618777850054013,0.8966709607100429,"[-2.4497224320583446, 4.509238585963708]",20.06661388474023
8828.0,24.0,0.46948248249367924,0.7323077249940403,0.47201058105404026,0.21094505766393024,0.32903612176560637,"[-0.26751394703322984, 1.2115351091413102]",-1.814022023381443,0.018884559380682557,0.17698743562026764,"[-3.3283822214464713, -0.2996618253164147]",6.929053725569242
8829.0,24.0,0.22609840929678648,0.42198284676518566,0.6609539788418112,0.07456238967908696,0.1391608616630962,"[-0.06554027491954884, 1.3874482326031712]",0.6322918126456516,0.26507675612966275,0.7149504046858919,"[-0.4796869506076178, 1.744270575898921]",21.58482318098184
8830.0,24.0,0.5482999246898336,0.8021944765030484,0.3138929069953706,0.26655090995179276,0.38999394740406074,"[-0.2398391880131135, 0.8676250020038547]",0.3859865773167863,0.6765419488195351,0.9341755514903409,"[-1.4273982420184044, 2.1993713966519772]",22.525639878069875
8831.0,24.0,0.6222815019731516,0.8569725628327554,0.357363136303888,0.3248651705351856,0.4474110598198397,"[-0.35407645118077674, 1.0688027237885527]",2.940256632220918,0.00520557123190386,0.0784385937982785,"[0.8777168911206381, 5.002796373321198]",12.769046952559487
8832.0,24.0,0.6999104587923679,0.900390689249377,0.2776326384747524,0.39446672393486015,0.5075294056212954,"[-0.36138235930555407, 0.9166476362550589]",-1.7795518070268024,0.11650457155176767,0.49852374971028296,"[-4.001661152528047, 0.44255753847444224]",6.797387197834326
8833.0,24.0,0.8142166524189939,0.9495237929084477,0.21740436963534132,0.5195234299003395,0.6058582272890256,"[-0.4441665580395702, 0.8789752973102529]",-0.18755825242543,0.9072134585444754,0.9841760235891468,"[-3.3415236861054187, 2.9664071812545587]",0.7164197517884316
8834.0,24.0,0.9569933254592808,0.9911597957501838,0.08344881061327807,0.766657804241831,0.794299424204135,"[-0.4677119944493469, 0.634609615675903]",-0.2652416989052657,0.9393069324291801,0.9892015094756179,"[-7.0928939588727, 6.562410561062168]",1.013148659876765
8835.0,24.0,0.34013482926311894,0.5898973799221626,0.35781781579410094,0.13223291884095653,0.22937193207451262,"[-0.1080591299577478, 0.8236947615459497]",1.5682923243313862,0.01414925308395572,0.14862660802474495,"[0.3154466111994585, 2.8211380374633137]",18.009564584869967
8836.0,24.0,0.8082112702738155,0.9479515751594272,0.21788960901710921,0.5122890329625214,0.600896451234812,"[-0.4338277380091553, 0.8696069560433737]",-2.285091041938562,0.13218179570451632,0.5253648477921953,"[-5.259874542213229, 0.6896924583361046]",8.72840483374876
8837.0,24.0,0.2516497826135808,0.46157333568154946,0.49547702950263306,0.08664582228386092,0.15886656084316267,"[-0.07131311774746762, 1.0622671767527336]",-2.3434238051313363,5.842560718226718e-05,0.0036978232393839986,"[-3.486228930371092, -1.2006186798915808]",8.951219576300897
8838.0,24.0,0.20766885970174848,0.39338673934788493,0.5319448258763255,0.06618679580586408,0.1253775256788484,"[-0.035558651605028135, 1.0994483033576792]",-0.9956387489297631,0.06315612720687651,0.3649352826587283,"[-2.0458652151360335, 0.05458771727650724]",3.8030598822240558
8839.0,24.0,0.821753679784307,0.952756738845726,0.24328619359466455,0.529170218729067,0.6135350759564449,"[-0.5144644675743183, 1.0010368547636475]",1.2875687311408068,0.4026101013912635,0.8216532681454358,"[-1.727583467012873, 4.302720929294487]",19.081849724841142
8840.0,24.0,0.2728636530739366,0.49458700937817046,0.40959978124691465,0.0969461561031059,0.17572259580044572,"[-0.07406108097552822, 0.8932606434693575]",1.1762507525302892,0.04485315244072091,0.30013260115252566,"[0.027010589634895332, 2.325490915425683]",19.507053082061827
8841.0,24.0,0.8908014168692959,0.9766429825594324,0.1665623502549135,0.6299338439012903,0.6905654943009102,"[-0.5109857590764528, 0.8441104595862798]",-2.4281310186858702,0.24463150188944072,0.6899722244086041,"[-6.5184600288587164, 1.662197991486976]",9.274777298366773
8842.0,24.0,0.6993261167628311,0.9002615501360574,0.25762817285513906,0.3938666022445161,0.5071026165115439,"[-0.33459138609990413, 0.8498477318101822]",-1.4522115535192057,0.19865883927737282,0.6324700390874652,"[-3.6665590499742007, 0.7621359429357892]",5.547039531785811
8843.0,24.0,0.42099195282610147,0.6845423663964744,0.35596385783311213,0.18000531267700515,0.2926439809413187,"[-0.16440327526721532, 0.8763309909334396]",-2.2596949900112557,0.0022725134011627643,0.04628336865911944,"[-3.7108041614400795, -0.8085858185824317]",8.631399060966778
8844.0,24.0,0.48663498457216625,0.749161830830262,0.42781366158025275,0.2226531057798674,0.34275416530152003,"[-0.25976066009233173, 1.1153879832528373]",-1.086078407313492,0.17585831124670182,0.6016363710116381,"[-2.658659970652433, 0.48650315602544936]",4.148513930623563
8845.0,24.0,0.3466061348099471,0.5989392341626872,0.4228925004993618,0.1358377473796579,0.23472912973847918,"[-0.13283656860622128, 0.9786215696049448]",3.071416637837578,1.0352721288989841e-05,0.001035272128898984,"[1.7062661840745437, 4.436567091600613]",12.268052635043034
8846.0,24.0,0.5735642266889054,0.8231403942148471,0.3869441139178945,0.2855809497000501,0.40988332965648944,"[-0.32325408424890056, 1.0971423120846895]",-0.0237093433536657,0.9805625039008335,0.9969040046072112,"[-1.931033000890602, 1.8836143141832706]",0.09056302061277292
8847.0,24.0,0.9358140654969904,0.9878137795754037,0.1211420963487695,0.7154575326588064,0.7553849385175663,"[-0.5301897772911752, 0.7724739699887142]",-0.8716768183854615,0.7490719483904084,0.9551730187504387,"[-6.212880670313301, 4.469527033542378]",3.3295601861919004
8848.0,24.0,0.7308461444397414,0.9159479863222322,0.29855238103082676,0.4253227019642264,0.533093444005422,"[-0.4354372242217878, 1.0325419862834413]",-1.1268614610691774,0.3573462739880142,0.794102831084476,"[-3.5263915752465476, 1.2726686531081928]",4.304293721013959
8849.0,24.0,0.42303841758398814,0.686862181496977,0.39484843265893926,0.1811550717659206,0.29408670400004194,"[-0.18388671978130983, 0.9735835850991883]",-1.1386100495017715,0.11851049419077206,0.5019504201218639,"[-2.5681772278674684, 0.29095712886392566]",4.3491700231755495
8850.0,24.0,0.4127814609997116,0.6763582844497978,0.4158660264796701,0.17493272786352543,0.28658703778428146,"[-0.18499533416265157, 1.0167273871219917]",-0.6970927416881318,0.3476003622523962,0.7876419756939129,"[-2.15173302246831, 0.7575475390920465]",2.66269813519555
8851.0,24.0,0.6664247456727528,0.8835454649381502,0.24431627020359897,0.363540929910634,0.4819580139342888,"[-0.2826821382421895, 0.7713146786493874]",0.8677505876148954,0.4275100361667279,0.836119601169068,"[-1.2757229687600669, 3.0112241439898577]",20.685436910644622
8852.0,24.0,0.6348393358073976,0.8659655378630441,0.32929055565783416,0.3356071733158601,0.4578542610039019,"[-0.3409870104066757, 0.999568121722344]",2.759675470430597,0.00975407159611674,0.11695529491746691,"[0.66680815607433, 4.852542784786864]",13.458816181236454
8853.0,24.0,0.10553048849353232,0.21306377648603333,0.693338637221763,0.025534162758687688,0.05155292299351441,"[0.08483781865687479, 1.3018394557866513]",-2.8006754891315473,1.2753709558366342e-09,7.085394199092412e-07,"[-3.704925709748626, -1.8964252685144687]",10.697792354198342
8854.0,24.0,0.7480112941566452,0.9244540956875631,0.29601217167559746,0.44336820494341944,0.5479770176040285,"[-0.4608823445092092, 1.052906687860404]",0.7204200683650805,0.5826834120445422,0.9046577798681021,"[-1.8493273781479527, 3.2901675148781138]",21.24819804041031
8855.0,24.0,0.9891312553243746,0.9966598717068705,0.05576127896353724,0.8825267113020857,0.8894645346725315,"[-0.683850086262659, 0.7953726441897334]",-2.3795317287270943,0.7255990962264289,0.9490709376786874,"[-15.667243555955183, 10.908180098500994]",9.08914168490208
8856.0,24.0,0.8697218465084775,0.9711122638619929,0.20545448899009572,0.5962165432194573,0.665791784723012,"[-0.5545418595301612, 0.9654508375103528]",0.38587786898027154,0.8423434801654056,0.9708072590103425,"[-3.41663057629988, 4.188386314260423]",22.526055113328553
8857.0,24.0,0.44636204520370676,0.7094147990472688,0.5155968121846152,0.19575716140073407,0.3112139344603021,"[-0.2655149393741205, 1.2967085637433509]",-1.458451886985615,0.05011584361932167,0.3223291757100677,"[-2.917640890787637, 0.0007371168164069797]",5.57087584981111
8858.0,24.0,0.7917255518348434,0.9427548842996468,0.2261679687395954,0.49233582335529424,0.5862536596276426,"[-0.41945115764638785, 0.8717870951255787]",-0.9081883372761475,0.5290748138079366,0.8840013597459259,"[-3.7362195348600977, 1.9198428603078028]",3.469023915261799
8859.0,24.0,0.521622697783028,0.7788900967344006,0.4715255422238811,0.24687727015838234,0.36869365316365343,"[-0.32657373357210673, 1.269624818019869]",-1.5384151108190034,0.06414483032091307,0.3690726715817783,"[-3.167241827974386, 0.09041160633637935]",5.876312865938648
8860.0,24.0,0.9102866434925054,0.9833163003922769,0.1600330023256142,0.6640174360055586,0.7173138554667372,"[-0.5620624242131105, 0.882128428864339]",0.3515537200351515,0.8821146936738893,0.9768649301292893,"[-4.294998725116575, 4.998106165186878]",22.65716370465747
8861.0,24.0,0.3708685541138711,0.6277395973491386,0.4151413429272242,0.14979504319177242,0.2535461123760535,"[-0.14980141519474038, 0.9800841010491887]",-0.414815992644888,0.5604834592898714,0.8963105579420086,"[-1.8114686399127289, 0.9818366546229529]",1.5844803768721254
8862.0,24.0,0.7582284060053646,0.9289737882937571,0.30101080006393266,0.4543410774169593,0.5565859088778137,"[-0.4875114519562379, 1.0895330520841031]",-0.6436105299970567,0.6337941891209059,0.922680123566674,"[-3.291534823450381, 2.0043137634562678]",2.458411134600628
8863.0,24.0,0.939420296076404,0.9881353698079351,0.13061472175468794,0.7234924882572313,0.7610102958422544,"[-0.5929684803516028, 0.8541979238609786]",2.5056040424894177,0.3807641533186693,0.809043786962812,"[-3.0973101378908665, 8.108518222869701]",14.429297548962571
8864.0,24.0,0.33126347715631554,0.5776172225916575,0.5689627456669074,0.1274043802399923,0.22219110610392795,"[-0.16256013564413718, 1.300485626977952]",0.2179424012933957,0.7483264381118798,0.9551071322423482,"[-1.113406901417135, 1.5492917040039265]",23.167521348596125
8865.0,24.0,0.9672734351701113,0.9927079507475884,0.1062323897095115,0.7962882069867212,0.8172926275138265,"[-0.7003087213682171, 0.9127735007872402]",-0.11890431329416629,0.9764108756815555,0.9955285224381598,"[-8.000436631903794, 7.762628005315461]",0.4541810211771343
8866.0,24.0,0.1976512118567797,0.37655022262674737,0.6921367405830002,0.061766044716336906,0.11766003919381736,"[-0.03408584363273959, 1.41835932479874]",0.9939795043721071,0.05930998826973104,0.3530356444626847,"[-0.03904237446878134, 2.027001383212996]",20.203277965131527
8867.0,24.0,0.5416122605368126,0.7966986648949769,0.3794807734289414,0.261454723891525,0.38460536024054875,"[-0.28284827143938873, 1.0418098182972715]",-0.16656341541186315,0.8568663168609953,0.9711734295148989,"[-1.9765540322335078, 1.6434272014097815]",0.6362253816256033
8868.0,24.0,0.5410312387800684,0.7961535964171124,0.46724766659068706,0.26118966703912505,0.38438439989556905,"[-0.3478127374918848, 1.2823080706732588]",0.4281058164707483,0.6390422713620378,0.9257457212256089,"[-1.3608142150179863, 2.2170258479594827]",22.364756235414927
8869.0,24.0,0.7503991249942618,0.9250558844638718,0.3159598891558588,0.44591035459170925,0.5496548978746718,"[-0.4964630482541946, 1.1283828265659124]",-0.6991955423393694,0.5964882690101247,0.9098356757323441,"[-3.287502705344597, 1.889111620665858]",2.6707302420271017
8870.0,24.0,0.49219468306974995,0.7535129869408297,0.3656268642953688,0.2262589256197588,0.3464384100746575,"[-0.22659186970280726, 0.9578455982935448]",0.16060591010198344,0.8513674409832124,0.9708072590103425,"[-1.5193596841861257, 1.8405715043900925]",23.38653061241992
8871.0,24.0,0.29461294779007297,0.527129983521333,0.5054451149926877,0.10787259544175176,0.1930087590655784,"[-0.11069883425429106, 1.1215890642396666]",-1.5388317345799276,0.0101393766316633,0.11956812065640685,"[-2.7119194282415626, -0.3657440409182926]",5.877904251481703
8872.0,24.0,0.960266446700187,0.9918311520199155,0.0996604642723628,0.7757560621325468,0.8014008906327963,"[-0.5860626675688252, 0.7853835961135509]",-1.0137125387807062,0.7689877635755504,0.9585289470195746,"[-7.7785932334328525, 5.75116815587144]",3.872096674108417
8873.0,24.0,0.5807371408698812,0.8280770846332681,0.40411992687969767,0.2911971996403605,0.41524486081807654,"[-0.3462934381284891, 1.1545332918878843]",-1.4266622841993515,0.1181866607326946,0.5018408404982798,"[-3.2163144359954674, 0.36298986759676444]",5.449448511674429
8874.0,24.0,0.6239750992568078,0.8581695767525895,0.2857752860583472,0.3265669917836861,0.44913628356991625,"[-0.2851517840761268, 0.8567023561928211]",-0.9086638649823531,0.368198136618179,0.8007965373156024,"[-2.887817298047102, 1.070489568082396]",3.470840297302274
8875.0,24.0,0.6620272786725072,0.8812929694788435,0.3424457648847757,0.35950433683016403,0.4785096989620179,"[-0.3900371099135413, 1.0749286396830926]",1.04712895822151,0.32801352098326786,0.7695511873942718,"[-1.0511093629489663, 3.1453672793919862]",20.000262005865117
8876.0,24.0,0.8050957364557807,0.9468372767914627,0.1989662678694772,0.5084411965854689,0.5979550706638468,"[-0.3907604348091311, 0.7886929705480854]",-2.469306385922286,0.10548081016161638,0.47457951325467035,"[-5.458940516688427, 0.520327744843855]",9.432055615869965
8877.0,24.0,0.33749008407512077,0.5860220247874992,0.43890638864821013,0.13102388051938704,0.22751151331722008,"[-0.13076055168280248, 1.0085733289792227]",0.9589000591189416,0.14235479936261933,0.5401541402043991,"[-0.3221561617075732, 2.2399562799454564]",20.337271575842635
8878.0,24.0,0.743975754784594,0.9236198073055171,0.2620528098032737,0.439069037253195,0.5450548276022306,"[-0.40173172794807255, 0.92583734755462]",0.94210071174333,0.46072021404845787,0.8548774738797981,"[-1.5610577602611566, 3.4452591837478166]",20.40144035605575
8879.0,24.0,0.27251019136549437,0.4941926439175219,0.5078241907584485,0.09682304932324284,0.1756267899931849,"[-0.09160031041703165, 1.1072486919339286]",-1.0641818105658585,0.07133176667683466,0.38957819047970865,"[-2.2207775805455108, 0.09241395941379382]",4.064875092000944
8880.0,24.0,0.25865938347627715,0.4720061742267831,0.435383572552777,0.08989412570355833,0.1640403753714568,"[-0.06777564236136663, 0.9385427874669205]",-1.8855866803397534,0.0009707099024815247,0.025632144277601625,"[-3.0058701289285974, -0.7653032317509092]",7.202410579303423
8881.0,24.0,0.7701384122377752,0.9334006571874821,0.25592083203945193,0.467339281704488,0.5664718566115007,"[-0.4342074689150329, 0.9460491329939368]",-1.9440867385389842,0.14609568168758127,0.5471748377812032,"[-4.565649249089498, 0.6774757720115296]",7.425864341709131
8882.0,24.0,0.8461871446660445,0.9607010228499299,0.17661772310011317,0.5619855079948306,0.6380072611999698,"[-0.4203255982662435, 0.7735610444664698]",2.0150361767815594,0.23122789031874225,0.6713934097524455,"[-1.2838213595814958, 5.313893713144615]",16.303128766949293
8883.0,24.0,0.7840300736524629,0.9395359504810574,0.2500206553679252,0.48302101956854926,0.5791112597968847,"[-0.4485752916163566, 0.9486166023522071]",1.5410122068076273,0.2613205955033183,0.7100969622794703,"[-1.147846397587117, 4.229870811202371]",18.113766958118784
8884.0,24.0,0.6157038291242889,0.8527722197744602,0.394210530468442,0.3195575606063332,0.4426618099547489,"[-0.3820238192672375, 1.1704448802041214]",-0.4578167479701323,0.6562190899287927,0.9301211184160023,"[-2.4735999845890864, 1.5579664886488218]",1.748731163272872
8885.0,24.0,0.5589759509523273,0.8106652153720667,0.3713741605205968,0.27474545982536624,0.39841278976996264,"[-0.29506089684604375, 1.0378092178872373]",0.6897527971109261,0.45454538725980465,0.8515275145369138,"[-1.1179290941053435, 2.4974346883271954]",21.365338387880037
8886.0,24.0,0.6580341740392799,0.8798424576003208,0.3793400297226862,0.3557594294415334,0.4756142104833334,"[-0.4257628076944141, 1.1844428671397864]",0.26162133998392,0.8152321922677379,0.966095377463714,"[-1.9326826075611114, 2.4559252875289515]",23.000680092557612
8887.0,24.0,0.819915506540013,0.9524444629551421,0.20237616749586348,0.5267700449928168,0.6119540485511347,"[-0.424298290634343, 0.82905062562607]",0.20599744861976443,0.8998364835283209,0.9819188762660309,"[-3.0017111354282506, 3.4137060326677795]",23.2131477069083
8888.0,24.0,0.6527326855750191,0.8776136598629726,0.2593397620960567,0.3510335438106288,0.47220008583619694,"[-0.28569990238005716, 0.8043794265721705]",-1.3593289817306529,0.18919615089931585,0.6211298453687323,"[-3.3885105135096167, 0.669852550048311]",5.192254241532146
8889.0,24.0,0.672064941367557,0.8871149670238285,0.3134879427998047,0.3683211371677394,0.48628136395483057,"[-0.3694930003973102, 0.9964688859969195]",0.048595396130721724,0.9664390318822099,0.9940815958765544,"[-2.2151140130584612, 2.3123048053199047]",23.814379259862886
8890.0,24.0,0.6938501126848591,0.8973991521833242,0.35646168400050576,0.38879193326217154,0.5028348852330207,"[-0.45421798403278507, 1.1671413520337965]",-0.39801285718894963,0.7384524306953326,0.9523631024368666,"[-2.7342897358204103, 1.938264021442511]",1.5202971272579988
8891.0,24.0,0.9830772257266156,0.9954747198059007,0.06097600977225378,0.8534650156855279,0.864686522556397,"[-0.5860804892182403, 0.7080325087627479]",-2.470967725102347,0.6509744007585108,0.9299133911664488,"[-13.175901284773346, 8.23396583456865]",9.43840146409378
8892.0,24.0,0.9561188514802262,0.9911597957501838,0.10360173936028656,0.7643869039415762,0.7926857865203527,"[-0.5738714674017601, 0.7810749461223333]",-2.6412788365692728,0.4381096794407705,0.8451378487968474,"[-9.317682108258849, 4.035124435120302]",10.088941990176243
8893.0,24.0,0.7012805811892588,0.9013720276973887,0.3071334965976149,0.39607832465490533,0.5089834807671869,"[-0.4021971549163541, 1.016464148111584]",0.8038670864193032,0.4945005552837597,0.8710596358706354,"[-1.5023739019556381, 3.1101080747942444]",20.929453910579713
8894.0,24.0,0.7571089152101484,0.9282631514846816,0.22926868903462774,0.4531445634989154,0.5555965712345702,"[-0.36972974256695923, 0.8282671206362147]",0.8496642200708466,0.5218126857187833,0.8833474069819929,"[-1.750135384954112, 3.449463825095805]",20.754521745777716
8895.0,24.0,0.6623164883604209,0.8813880945797742,0.34254112911545515,0.3596839006779895,0.47862129165401135,"[-0.39041961413932275, 1.075501872370233]",-0.4056093513543182,0.7174925078423919,0.9465980671013572,"[-2.602826891219803, 1.7916081885111668]",1.5493135975760903
8896.0,24.0,0.5773650048426584,0.8254268084892892,0.3104313157856077,0.28860565987800524,0.4127065063320538,"[-0.2629220371168913, 0.8837846686881067]",-1.80395171492252,0.0475617100219247,0.3122560276068934,"[-3.5885099280498833, -0.01939350179515653]",6.8905879806964965
8897.0,24.0,0.39446039261976157,0.6560126270077525,0.42791541927397325,0.16379501271852015,0.27226564614115717,"[-0.1744160143610226, 1.0302468529089692]",0.6201719090884472,0.3937535925690956,0.8163177410562709,"[-0.8050999810639246, 2.045443799240819]",21.631117802444066
8898.0,24.0,0.5743041904375656,0.8235059732601697,0.37418727480665576,0.28616390198770647,0.4105651391502245,"[-0.3134284536164232, 1.0618030032297348]",-1.4861363977090019,0.099691357199543,0.4584775069818085,"[-3.2553657162881113, 0.2830929208701076]",5.6766228913000925
8899.0,24.0,0.567975183479221,0.8184080453591082,0.373177289070027,0.2814225347117746,0.4055079750890124,"[-0.3058629075973649, 1.052217485737419]",-0.35871622034640804,0.707404840423508,0.943613748991825,"[-2.2318548881812834, 1.514422447488467]",1.3701950312489366
8900.0,24.0,0.6171243858735589,0.8534176663290782,0.3120073772104398,0.3206729920694027,0.44346511137364647,"[-0.30377964688977244, 0.927794401310652]",-0.3696803912732669,0.7212179405077472,0.9477398429831227,"[-2.4002192277084586, 1.6608584451619248]",1.4120750792468735
8901.0,24.0,0.2502225171831767,0.45944524319564384,0.6778804265907493,0.08572600709765921,0.15741095684476536,"[-0.09529874677236416, 1.451059599953863]",-1.5587326584327528,0.0053766878778949215,0.08001023627819824,"[-2.6562718675209194, -0.46119344934458617]",5.953920181160244
8902.0,24.0,0.36517880288962384,0.6210523858667073,0.5609212503969743,0.14636479748262873,0.24896206409700414,"[-0.1959746914995777, 1.3178171922935262]",-1.4648272362763874,0.027159752233036464,0.2209906609685636,"[-2.7643882971551488, -0.1652661753976261]",5.595227890296643
8903.0,24.0,0.9121724760464541,0.9837402730272814,0.12085002462080192,0.6674818951108343,0.7200451942943197,"[-0.43049565105225224, 0.6721957002938561]",-1.3248707387665348,0.5559901694980882,0.8951179890946906,"[-5.734966269478566, 3.085224791945496]",5.060633448780124
8904.0,24.0,0.9790278057857118,0.9948458548782764,0.05808856761600305,0.8367997708553504,0.8503198565748912,"[-0.49461904984780897, 0.610796185079815]",-0.005654510976153659,0.9991057323461222,0.9998296237857246,"[-9.893816913503015, 9.882507891550707]",0.021598640942933598
8905.0,24.0,0.744714713266804,0.9237571446140801,0.27452557691400004,0.43955953229853295,0.5453592212140607,"[-0.42159853956656224, 0.9706496933945623]",0.11421008397120325,0.9322376781872737,0.9892015094756179,"[-2.5183679135456294, 2.746788081488036]",23.563749614041022
8906.0,24.0,0.8567983558152166,0.9649685293156162,0.18424790481662154,0.5771436925801282,0.6500097900440682,"[-0.4634279228619419, 0.831923732495185]",-0.9507814207407161,0.5914175302755083,0.9080402567325063,"[-4.422384312017522, 2.52082147053609]",3.631717509859682
8907.0,24.0,0.8300842398621571,0.9545027190323622,0.2109846087216606,0.5401174305459076,0.621098966451074,"[-0.4640044939020017, 0.8859737113453229]",-0.41672574266929363,0.8035291018210347,0.964856561617867,"[-3.699785274347271, 2.8663337890086837]",1.591775084627022
8908.0,24.0,0.28343230096266253,0.5105968311343226,0.5258417817751594,0.10237062706968225,0.18441835177388263,"[-0.10510478000908297, 1.1567883435594017]",0.9507981279524937,0.1158062091619398,0.4985200566592329,"[-0.23418418975025035, 2.1357804456552376]",20.368218673292166
8909.0,24.0,0.06202234270316334,0.13040862637334596,0.7948967229470623,0.011906580399738114,0.025036987534022878,"[0.175401588878223, 1.4143918570159015]",-1.7872992072495464,3.245428549885545e-06,0.00042703007235336116,"[-2.539890164418208, -1.0347082500808846]",6.826980086831789
8910.0,24.0,0.5356958440460559,0.7923322645260403,0.422557991199121,0.25741536134027265,0.3806230390954793,"[-0.3087293502502479, 1.1538453326484899]",-0.7242889105283723,0.41425122812123616,0.8280792891742401,"[-2.4630430065386077, 1.0144651854818634]",2.7665798480936155
8911.0,24.0,0.7824778291661186,0.9390109554375599,0.2039643305847752,0.48123011965315354,0.5775685545525127,"[-0.3636180862663811, 0.7715467474359314]",0.07323274073821473,0.9603988738399891,0.9938808419181301,"[-2.8174969289848915, 2.963962410461321]",23.7202715355683
8912.0,24.0,0.9969284838629762,0.9987202807390857,0.025720154360488797,0.9375103743119427,0.9392950348782113,"[-0.6172770526858765, 0.6687173614068541]",1.0436615343544347,0.9335401301103324,0.9892015094756179,"[-23.485641975933852, 25.57296504464272]",20.013506589422875
8913.0,24.0,0.5993164490951538,0.841013519987131,0.2505941629034629,0.3060988154578935,0.42949181346694754,"[-0.22931133071249848, 0.7304996565194244]",2.773643873782348,0.0058003615351902545,0.08430758045334673,"[0.803176097071145, 4.744111650493551]",13.40546081066367
8914.0,24.0,0.9350314192193091,0.9878137795754037,0.13018996144997047,0.7137480614783018,0.7546242407408303,"[-0.565417589255367, 0.8257975121553081]",2.3638462072821955,0.3861544086083145,0.8110783629664241,"[-2.9823193318742085, 7.7100117464385995]",14.97077259364823
8915.0,24.0,0.10279060085376727,0.2079097913708885,0.5468139901052782,0.024654336999015713,0.049867186486682265,"[0.0698035283046134, 1.023824451905943]",2.5038625043405993,2.651907743534212e-08,8.036084071315794e-06,"[1.6216965924561324, 3.3860284162250665]",14.435949734681794
8916.0,24.0,0.8509419349504733,0.9629105551685563,0.1963100259838028,0.5685100701727421,0.6433292635201336,"[-0.47841595941635784, 0.8710360113839634]",1.4654307847402288,0.3855578449052879,0.8110539041812019,"[-1.844684555593438, 4.7755461250738955]",18.402466724389377
8917.0,24.0,0.8976859282676305,0.9790442366703941,0.15786089135467976,0.6416337657495736,0.6997859807498894,"[-0.5069246673188093, 0.8226464500281687]",-0.7950681072749788,0.711149627932006,0.9453650348600355,"[-5.003148222881526, 3.4130120083315685]",3.0369364648207244
8918.0,24.0,0.9669158757462444,0.9925464158882357,0.07304093980358163,0.795179641691803,0.8163223916351535,"[-0.4784337662834981, 0.6245156458906613]",1.6625839967163811,0.6539854828507166,0.9301211184160023,"[-5.607316092670556, 8.932484086103319]",17.649396926810603
8919.0,24.0,0.7059087829085509,0.9042204855699142,0.2783635118455895,0.40027385784493863,0.5129723940009987,"[-0.3702651277441623, 0.9269921514353413]",1.3578738522733307,0.2368555516175732,0.6786692023426167,"[-0.8920393054734208, 3.607787010020082]",18.813303943571167
8920.0,24.0,0.7468270108551767,0.9239478050911502,0.24548446291260434,0.4418630866916169,0.5466838739149795,"[-0.3801447351105815, 0.8711136609357901]",1.308243244999713,0.29826340315075384,0.7474056670384028,"[-1.156856484429209, 3.773342974428635]",19.00287889900114
8921.0,24.0,0.9046440113353948,0.9811184623469946,0.13874022956496818,0.6538742944112182,0.7091912086889569,"[-0.4677139404558, 0.7451943995857364]",2.4210970038656185,0.28005492158065537,0.7302445122759946,"[-1.9718678399080183, 6.814061847639255]",14.752090659115419
8922.0,24.0,0.6251151340486578,0.85926478907032,0.3577139682396717,0.3273087912706819,0.4499089914373634,"[-0.3580302123370098, 1.0734581488163533]",1.2615874746225355,0.20225949695283008,0.6360361539397172,"[-0.6775446488621009, 3.200719598107172]",19.181090814504056
8923.0,24.0,0.3925839200728785,0.6540885039534797,0.3845747327041246,0.1625271288969603,0.2707882853998006,"[-0.155122028882619, 0.9242714942908683]",2.7858706201124193,0.00015741633322544757,0.007518235023302988,"[1.3410154744325642, 4.2307257657922746]",13.358758079870993
8924.0,24.0,0.6451403556335127,0.873581945764519,0.2989525597041591,0.3443291462427278,0.4662547681011886,"[-0.320662197641726, 0.9185673170500442]",3.0715550391914017,0.005173763245724825,0.0781535233493176,"[0.9184386318619477, 5.224671446520856]",12.267523980812834
8925.0,24.0,0.4381953857360411,0.7011482670402847,0.442293840690013,0.19082641378609333,0.30522459018888887,"[-0.22038839690216905, 1.1049760782821951]",0.8925841013468716,0.23910914304468378,0.6823891068626821,"[-0.5934915993766525, 2.3786598020703957]",20.590579875489794
8926.0,24.0,0.7859423269761007,0.9397892930302288,0.21234012896734805,0.48535000033635345,0.5805622013592745,"[-0.38414097392894136, 0.8088212318636374]",-2.8352183507427875,0.055249923260848384,0.3410489090175826,"[-5.734122607809782, 0.06368590632420679]",10.829736366373577
8927.0,24.0,0.15935058483274495,0.3103829077381086,0.7234068541602447,0.045708410676302894,0.08899612670619723,"[0.01379855540842323, 1.4330151529120663]",-0.9266152594454917,0.0612895206049615,0.35925862019320925,"[-1.8970820580590462, 0.043851539168062725]",3.539409573243098
8928.0,24.0,0.5178644540485108,0.7757106861122091,0.4890026306050427,0.24424691019775002,0.3659129740790263,"[-0.3340796333205186, 1.3120848945306038]",-1.3615039221298417,0.10056681182690007,0.45983910300365827,"[-2.986544590674752, 0.26353674641506863]",5.200561901903215
8929.0,24.0,0.7768112909542818,0.9362556236643146,0.3210223745965528,0.4748311058818184,0.5723348362586738,"[-0.5594093120063137, 1.2014540611994193]",-1.8753556303462897,0.16661286213138815,0.5847239461865604,"[-4.53275168407675, 0.7820404233841707]",7.163330846995902
8930.0,24.0,0.49242665043734885,0.7536567637147207,0.35218311299085203,0.2266285958676485,0.3468451115207354,"[-0.2187145875701303, 0.9230808135518344]",-0.5017749591326277,0.5523249832180719,0.8939184893512985,"[-2.1566534172908773, 1.153103499025622]",1.9166391615765954
8931.0,24.0,0.7649225079042488,0.9314692010524217,0.22764804746334844,0.4615628048736914,0.5620589440741492,"[-0.37835028735450504, 0.8336463822812019]",-0.4173813821862371,0.7645794579748464,0.9575196718532829,"[-3.149024994574768, 2.314262230202294]",1.5942794431072125
8932.0,24.0,0.76628512118671,0.9323337646753985,0.2750636504481939,0.46299185289188194,0.5633875065610635,"[-0.4594960375911037, 1.0096233384874915]",-2.848552173303522,0.04289966870978179,0.2944066590363708,"[-5.606046941797883, -0.09105740480916014]",10.880667816874004
8933.0,24.0,0.38557562558322594,0.6457471538824753,0.4938776404105328,0.15849620718972435,0.2653544402975462,"[-0.19256300354863803, 1.1803182843697035]",-0.591624083343607,0.41094178751616106,0.8267833441897668,"[-2.001876003984531, 0.818627837297317]",2.259837535592317
8934.0,24.0,0.7138139056023463,0.9082757419548877,0.28744652663457493,0.4081533804479677,0.5193609613922772,"[-0.3936710963545075, 0.9685641496236573]",0.4049998386162077,0.74425366469026,0.954538495177966,"[-2.0282398202639236, 2.838239497496339]",22.453014569587456
8935.0,24.0,0.8976071691575805,0.9790442366703941,0.16942337475302238,0.6414265310009781,0.6996362685438243,"[-0.543610780552637, 0.8824575300586818]",2.0724525819081885,0.3244690590455649,0.7664141157578481,"[-2.050015699995944, 6.194920863812321]",16.083814254378016
8936.0,24.0,0.407118830343738,0.6700441579060863,0.40313298940916287,0.17130005112082536,0.2818963009603152,"[-0.17442837878218242, 0.9806943576005082]",-0.36401867199719184,0.6284616279752403,0.9210928154407743,"[-1.8384419676137793, 1.1104046236193956]",1.3904489046264092
8937.0,24.0,0.42572204108814204,0.6895400730290607,0.46019041762694946,0.18276547025374945,0.29602440922214035,"[-0.21680767990492944, 1.1371885151588284]",-1.240274452805334,0.08850169744243781,0.433406941441909,"[-2.6673953951907947, 0.18684648958012695]",4.737499438909549
8938.0,24.0,0.6530509332912678,0.8776136598629726,0.34644254126112795,0.3513936949159344,0.4722398802794442,"[-0.38220070313352605, 1.0750857856557818]",1.9086436785083674,0.06682513110750016,0.3762676301097982,"[-0.13237238887404956, 3.9496597458907843]",16.70951817514308
8939.0,24.0,0.8462815310285032,0.9607010228499299,0.16020726474945535,0.5620205963910534,0.6380072611999698,"[-0.3813195773105543, 0.701734106809465]",0.27258093124285576,0.8784463663656163,0.9766268042296392,"[-3.220633665172237, 3.7657955276579487]",22.958817537602577
8940.0,24.0,0.648219409833509,0.8753807020033882,0.2918973270094847,0.3470381091490674,0.46878859786436444,"[-0.3165019988541067, 0.900296652873076]",1.7155249217090045,0.09417070432579949,0.4437827725061239,"[-0.2933023894275504, 3.7243522328455594]",17.447177489104206
8941.0,24.0,0.8190916079418906,0.9518786844182343,0.25407297736325934,0.5258146623788664,0.6109861287228288,"[-0.5308697915344507, 1.0390157462609695]",1.1868635228847157,0.43888023029413525,0.8451378487968474,"[-1.8182434746941984, 4.19197052046363]",19.466515285378478
8942.0,24.0,0.5319931926847389,0.7884885025711262,0.3967692680340392,0.254423724237522,0.3770916321884127,"[-0.2855803023648511, 1.0791188384329296]",2.9335597012104104,0.0012480249690991214,0.030664004154769567,"[1.1521911340735556, 4.714928268347265]",12.79462734473231
8943.0,24.0,0.15909700718821249,0.31000975679698456,0.5794046395393305,0.0456045451451609,0.08884579221734054,"[0.011324485428341413, 1.1474847936503196]",-0.632808483473065,0.21112749831141497,0.6495912003621981,"[-1.6246601270199696, 0.35904316007383974]",2.417150356205382
8944.0,24.0,0.3972716308287427,0.6592393795183282,0.41356985558856096,0.1654586641207102,0.27452905943373185,"[-0.17086735736210212, 0.998007068539224]",-1.0039927367182324,0.15696715997159905,0.5698539169342354,"[-2.3943170902383777, 0.3863316168019131]",3.834969765049597
8945.0,24.0,0.6221201041155087,0.8569147439607557,0.40168329886594767,0.3247043541676524,0.4473744201813894,"[-0.3977232451480869, 1.2010898428799823]",-0.14508942328417618,0.8904641296076119,0.9795465253756226,"[-2.209977309200031, 1.9197984626316789]",0.5542007737446953
8946.0,24.0,0.6269262670810228,0.8604532899821888,0.32958018262197514,0.32880115807136057,0.4512780099799074,"[-0.33190928734414044, 0.9910696525880907]",-1.313420988525479,0.18474746011072696,0.6164413083441006,"[-3.2543842187099736, 0.6275422416590153]",5.016898624427365
8947.0,24.0,0.30178494408520296,0.5372706855709506,0.5548296184325185,0.11168299354983661,0.19886572925540708,"[-0.12880899515707478, 1.2384682320221119]",1.2717052049716857,0.0367783333472227,0.2661239750160832,"[0.07810448619161448, 2.4653059237517567]",19.14244393135354
8948.0,24.0,0.9114754582234424,0.9837402730272814,0.1632348424416371,0.6662098114006252,0.7191383974531792,"[-0.5784603963258181, 0.9049300812090924]",1.887920063158833,0.4009092944993181,0.8206211468997754,"[-2.5171542976285615, 6.292994423946228]",16.7886765548618
8949.0,24.0,0.7617686086588475,0.9294675252910781,0.15101220290983386,0.45802395835551124,0.5589748088302553,"[-0.2478243975755427, 0.5498488033952105]",-0.3211949539828174,0.8172141165569877,0.966095377463714,"[-3.044907231716264, 2.4025173237506294]",1.2268743509409419
8950.0,24.0,0.9097203892296555,0.9831626383115265,0.12630027915403194,0.6630904476055042,0.7166221199670422,"[-0.4419168911440061, 0.6945174494520701]",-0.6497479605254872,0.7793545699631207,0.9596392629361795,"[-5.195298765266827, 3.8958028442158525]",2.4818543923562153
8951.0,24.0,0.3575017282568388,0.6122653335448516,0.45260468679032023,0.1420134932967954,0.24334046144070495,"[-0.15154179932401396, 1.0567511729046544]",0.19925818714205157,0.7776491714291413,0.9596363723535175,"[-1.183748751932567, 1.58226512621667]",23.2388897895555
8952.0,24.0,0.8237509598693121,0.9530427085657405,0.21548274382228155,0.5318885641837889,0.6153980842112564,"[-0.4601228500105142, 0.8910883376550773]",1.051804571146386,0.5025494846370308,0.8734611984187444,"[-2.022839948553733, 4.126449090846505]",19.982402480049636
8953.0,24.0,0.8561933792978254,0.9647684330924018,0.23294946842582345,0.5761703224384223,0.6492584038223727,"[-0.5838356183155631, 1.04973455516721]",1.986657905810575,0.2544236699294382,0.7037999168172565,"[-1.4299247853884953, 5.4032405970096455]",16.411525777383694
8954.0,24.0,0.585961776880602,0.8306360712489077,0.3591203763841275,0.2953108402735688,0.41864309650349985,"[-0.31344027463831037, 1.0316810274065653]",-1.4169088592927341,0.12398962901686085,0.5106656878783397,"[-3.2222760364615533, 0.388458317876085]",5.412193172811299
8955.0,24.0,0.6938690244681462,0.8973991521833242,0.3722482471189674,0.3886585914193005,0.5027924856653305,"[-0.4740959150301278, 1.2185924092680627]",-0.14315674108173937,0.9053257797953891,0.9833589052053116,"[-2.502250887604795, 2.2159374054413163]",0.5468184715220502
8956.0,24.0,0.20179006812449413,0.3837042557986197,0.7538758871371191,0.0634247172478929,0.12060223853944267,"[-0.042141618771467826, 1.549893393045706]",1.480064140597312,0.004327165687929458,0.06923465100687133,"[0.4633811588593042, 2.4967471223353197]",18.346571422341114
8957.0,24.0,0.7028733473275017,0.902047051883662,0.31022986896067406,0.3974115178139065,0.5100353954886323,"[-0.40827776060241294, 1.028737498523761]",-1.2231246815552863,0.28637572291840596,0.7372960981957245,"[-3.4717569010041216, 1.025507537893549]",4.671992138093381
8958.0,24.0,0.2759878953165562,0.4994352068703515,0.464412367144692,0.09846573135869771,0.1781862673881609,"[-0.08646262810099797, 1.015287362390382]",2.839804511486663,5.467249296066094e-06,0.0006142976737152914,"[1.6154528676893096, 4.0641561552840155]",13.15274578997358
8959.0,24.0,0.7106951233085061,0.9068458891265869,0.21103597989052647,0.4049728331105973,0.5168106599165356,"[-0.28564556485892784, 0.7077175246399807]",1.326625813654723,0.25305427261832736,0.7011755960607574,"[-0.9482864664148036, 3.60153809372425]",18.932662658965036
8960.0,24.0,0.9594439788293652,0.9918311520199155,0.10367066459489824,0.7733940149376872,0.799764259124565,"[-0.6020041675022461, 0.8093454966920426]",-2.794415556688991,0.4346973895929608,0.8416212770434865,"[-9.805556197054308, 4.216725083676327]",10.673881173598643
8961.0,24.0,0.36627882540762635,0.6220768094558872,0.3509919687016108,0.14714413783178418,0.2498704626856425,"[-0.12354408764153557, 0.8255280250447572]",-1.9817721696549429,0.0031859863695943807,0.05685965626123895,"[-3.298808398074909, -0.6647359412349765]",7.569812085180826
8962.0,24.0,0.6250204648243125,0.8592527698986974,0.30463884433118626,0.3274248027255302,0.4499447612003988,"[-0.30505436799315633, 0.9143320566555289]",2.5310521225692586,0.01443536707574056,0.15021193627201415,"[0.5031378879880641, 4.558966357150453]",14.33209304327685
8963.0,24.0,0.7669442766036639,0.932568429722354,0.26100751126398447,0.46391119873956654,0.5640548064038914,"[-0.4374498116296117, 0.9594648341575807]",0.6024404963016501,0.6634103638893147,0.93180039273632,"[-2.110647480458275, 3.3155284730615753]",21.698846810276585
8964.0,24.0,0.8049467005669122,0.9468372767914627,0.22718407558055007,0.5082633976339019,0.5978162757397106,"[-0.4458966132144142, 0.9002647643755144]",-2.4495453835013192,0.1076262833458723,0.47986550129275235,"[-5.433483477907751, 0.534392710905113]",9.356574146692019
8965.0,24.0,0.9021967782888243,0.9805420913909622,0.14998870629968503,0.649469075111037,0.705867922085683,"[-0.4968155559655311, 0.7967929685649011]",-1.0247003135110386,0.6354642493685446,0.9241223256083614,"[-5.261332927896526, 3.211932300874449]",3.91406688199432
8966.0,24.0,0.7090251722256617,0.9059252708516119,0.2661406199918925,0.4032982758881043,0.5154630315543255,"[-0.3580042106202009, 0.8902854506039859]",-1.3965062454319908,0.22623903020230784,0.6659965563800643,"[-3.658379763046465, 0.8653672721824837]",5.334260928460918
8967.0,24.0,0.9327011209873421,0.9878137795754037,0.1066284424140677,0.7085827604884813,0.7511743459010721,"[-0.4525213219359178, 0.6657782067640532]",1.9222570642995365,0.459382115587607,0.8538254125769235,"[-3.1699642336625553, 7.014478362261628]",16.657518871761923
8968.0,24.0,0.4119379321073394,0.6757007794617482,0.4544657726678576,0.17411360188446678,0.2857131635780551,"[-0.2009193024178919, 1.109850847753607]",-0.07904661562013171,0.9176243089337563,0.9870111960135058,"[-1.5770011534890587, 1.4189079222487953]",0.3019358306550957
8969.0,24.0,0.43663381184553046,0.6997336728293757,0.46216741962644114,0.18967831781412847,0.3039974240092461,"[-0.22849965040383424, 1.1528344896567164]",1.9546681545686324,0.00839988894933025,0.10714144068023278,"[0.5010563839014821, 3.4082799252357825]",16.533717626306142
8970.0,24.0,0.11410180391462414,0.22870676270720414,0.7847978307855591,0.028550063185941235,0.05722602362385495,"[0.08232041315515137, 1.4872752484159668]",1.0917777171033123,0.01452206983371075,0.15066589886053117,"[0.2162572576802565, 1.9672981765263682]",19.829716309570152
8971.0,24.0,0.8106470264634522,0.9482278699781302,0.2688135949970422,0.5153025890981024,0.6026930866644473,"[-0.5409962408831293, 1.0786234308772138]",-0.9045087927341084,0.55261789063457,0.8939184893512985,"[-3.889823211931725, 2.080805626463508]",3.454969090409184
8972.0,24.0,0.5976418386129854,0.8402403713357678,0.35136809208381614,0.30481677062094703,0.4285095772348717,"[-0.319745240842193, 1.0224814250098253]",-0.4625034487576425,0.6428337034803928,0.9269467971048314,"[-2.4172392860807994, 1.4922323885655147]",1.7666330416038702
8973.0,24.0,0.9348276673706138,0.9878137795754037,0.12380469257771302,0.7131789074220778,0.7542976599465566,"[-0.53631305015635, 0.783922435311776]",-1.2352054582648222,0.6398296680781184,0.9259807051547606,"[-6.408889935283449, 3.938479018753805]",4.71813730600647
8974.0,24.0,0.41873215743687486,0.682307572815504,0.39311315166328953,0.17842610902418887,0.2906909563769776,"[-0.17947748518504048, 0.9657037885116195]",-2.7924594634264284,0.00026381069194278503,0.010510386133178687,"[-4.292574801755071, -1.2923441250977852]",10.666409447713386
8975.0,24.0,0.9370339332517752,0.9880486751993395,0.1390525566812512,0.7180865034877324,0.757389135622073,"[-0.6158641522048082, 0.8939692655673105]",-1.1077929224056904,0.6823291618832602,0.9356843168376249,"[-6.412713444696713, 4.197127599885333]",4.23145726855397
8976.0,24.0,0.5655573206876215,0.8161992835536037,0.3279034241091063,0.2795095032177848,0.4034490519887194,"[-0.26638722873665893, 0.9221940769548715]",-0.2710658732423612,0.7766918770586002,0.9595896677274527,"[-2.1441903560096827, 1.6020586095249603]",1.0353953671210299
8977.0,24.0,0.7113001171667759,0.9071886775422551,0.2494608676446858,0.4054956991155183,0.517213901933059,"[-0.33830914339774665, 0.8372308786871182]",1.627474628203359,0.15955446478769642,0.5747511183458549,"[-0.6403030650099244, 3.8952523214166423]",17.78350483595498
8978.0,24.0,0.5287094085470788,0.7852929622276816,0.3677235337232871,0.2522975395482412,0.3747167511659737,"[-0.26184781160219667, 0.9972948790487708]",0.6232580681505295,0.48093057880389267,0.8646720223011375,"[-1.1099312999558666, 2.356447436256926]",21.619329543166508
8979.0,24.0,0.697870362171137,0.8995613016989292,0.2944328117764963,0.39272575767819506,0.5061752608126341,"[-0.3807609167599403, 0.9696265403129328]",2.5964817365155457,0.029253011051447026,0.23272085164237888,"[0.26213745793049803, 4.930826015100593]",14.082170327657346
8980.0,24.0,0.49560758176756176,0.7567683337418869,0.4331644360593477,0.22858230269029856,0.34903390241303794,"[-0.2719629893714957, 1.1382918614901911]",3.0687353858994983,0.0003754152567237106,0.013591987756446666,"[1.3777127780690965, 4.759757993729901]",12.278294263033915
8981.0,24.0,0.9636914982470336,0.9923284751869268,0.08588318628603939,0.7854751340626478,0.8091008797513883,"[-0.5325352397949166, 0.7043016123669954]",1.6743731756580251,0.6360428402741458,0.9241223256083614,"[-5.260204729553822, 8.608951080869872]",17.604365580325222
8982.0,24.0,0.7089082287450468,0.9059252708516119,0.3215861260255858,0.40348902955568267,0.515575044154974,"[-0.4328938033027465, 1.076066055353918]",-0.8247371742358478,0.48951746086861314,0.8697731756428894,"[-3.1637765332628525, 1.5143021847911569]",3.150263952750646
8983.0,24.0,0.9081885102744387,0.9826752978515891,0.16332115566187816,0.6601167042039684,0.7142574163643891,"[-0.564597196128511, 0.8912395074522672]",1.3115710281489337,0.5509300306433202,0.8939184893512985,"[-2.9989150547991708, 5.622057111097038]",18.990167703695466
8984.0,24.0,0.8709197049800961,0.9711122638619929,0.19320600180394853,0.5981463698594025,0.667181650037616,"[-0.5252531104273895, 0.9116651140352866]",-2.164626103658973,0.2470971792027793,0.6937024917526613,"[-5.8301551611055995, 1.5009029537876537]",8.2682626642338
8985.0,24.0,0.2411999160371059,0.4450190426744151,0.7467628333066633,0.08155463200275867,0.15046980074309715,"[-0.09356438707068204, 1.5870900536840087]",-1.1320026976326307,0.043308952793339156,0.29562425114907276,"[-2.229971035534126, -0.034034359731135444]",4.323931798118241
8986.0,24.0,0.3751098150169379,0.6331673051061054,0.47340548367801144,0.15239422761040386,0.2572054474437196,"[-0.17493573234909948, 1.1217466997051224]",0.8271029830245666,0.23503547227562716,0.6763610712967688,"[-0.5380417978952234, 2.1922477639443567]",20.840699323334118
8987.0,24.0,0.8062031610695283,0.9473661140618687,0.2703441662853072,0.5098004642050262,0.599060474976529,"[-0.5335185328175674, 1.0742068653881818]",2.238630920896095,0.13652121757553054,0.5302931662877406,"[-0.7083232437212006, 5.185585085513391]",15.449059756344594
8988.0,24.0,0.8548091658265612,0.9640672485968225,0.1766428676956261,0.5741987566315907,0.6475884003007961,"[-0.4395288077832501, 0.7928145431745023]",-0.4583030824568395,0.8013868391931873,0.9644549957475566,"[-4.029155673440601, 3.1125495085269224]",1.7505888241742042
8989.0,24.0,0.9717823736894445,0.9936899468403179,0.08586444256775241,0.8109178432192321,0.8291778980309846,"[-0.6175702808326193, 0.7892991659681241]",-0.7581671858009829,0.8563627382975335,0.9711734295148989,"[-8.967723983156382, 7.451389611554418]",2.895985327447149
8990.0,24.0,0.9811857742642628,0.9949270942337054,0.06377932369662269,0.8455118032397932,0.8573624608098611,"[-0.5777723586814861, 0.7053310060747314]",-0.6832685144939425,0.8949059951878151,0.9799823477491091,"[-10.820981796504183, 9.454444767516298]",2.609893476978415
8991.0,24.0,0.5523705405227759,0.8050875098714121,0.35426701202777144,0.26946459385190524,0.3928055303963633,"[-0.2745049361761214, 0.9830389602316643]",-1.3961112309544275,0.1099363231371346,0.4847280561602055,"[-3.1079429292214815, 0.3157204673126264]",5.332752084300188
8992.0,24.0,0.44598946165202225,0.7092550071198451,0.5206121951682108,0.19552681641320524,0.31105125105505127,"[-0.26769131964121207, 1.3089157099776336]",1.4290269113411815,0.054940516809915504,0.3400730386483406,"[-0.030241391512354276, 2.8882952141947174]",18.541519277968973
8993.0,24.0,0.7180510973081973,0.9107413219870525,0.3143788519295164,0.4123928232794116,0.523141980565028,"[-0.4373336115516996, 1.0660913154107323]",-2.691386353488442,0.031240059513034976,0.24198341993055753,"[-5.1403263772523005, -0.24244632972458424]",10.280338606266161
8994.0,24.0,0.41611982806653336,0.6798008318284743,0.37853570817246707,0.1767006920302775,0.2887702811638182,"[-0.17063185006578563, 0.9277032664107198]",-1.7041643097700945,0.0168776842410648,0.16611893938055908,"[-3.1020694038989314, -0.30625921564125735]",6.509428169776764
8995.0,24.0,0.6674568157453933,0.8844001798666931,0.3107828818853054,0.3642024313066695,0.48257907951062606,"[-0.36051125459906014, 0.982077018369671]",-1.80722906546377,0.08969651628808178,0.4354199819809796,"[-3.8945020693669994, 0.2800439384394595]",6.903106537629732
8996.0,24.0,0.8655288845551419,0.9692372727381208,0.20710982053023125,0.5900250009809745,0.6607222855330062,"[-0.5462827909057191, 0.9605024319661815]",2.3224160884846716,0.20963474409759186,0.6480636016368859,"[-1.305799424779094, 5.950631601748437]",15.129023990436478
8997.0,24.0,0.9328671756286386,0.9878137795754037,0.0954454302422993,0.7088886652975026,0.7511801052214715,"[-0.4056127605010807, 0.5965036209856793]",2.9283961372825065,0.29111629593618005,0.7406318280685713,"[-2.5084531631609623, 8.365245437725974]",12.814350706086637
8998.0,24.0,0.9345694115035905,0.9878137795754037,0.12453230944239702,0.7125907286545741,0.7541440667314786,"[-0.5380432118210658, 0.7871078307058599]",-0.26926947292075454,0.923544087823946,0.9879295512207908,"[-5.768449569383815, 5.229910623542306]",1.0285336233380962
8999.0,24.0,0.5968255396789457,0.8395001256702085,0.3609865208288903,0.30393712038938214,0.4275986499569248,"[-0.32724498451681333, 1.049218026174594]",-1.5115066419412067,0.10644242779823036,0.47710635498982684,"[-3.3465619425756605, 0.323548658693247]",5.77353008594819
9000.0,24.0,0.7249984068460862,0.9138684124660488,0.27758766589779416,0.4193353976408041,0.5285962405657432,"[-0.39611070457982955, 0.9512860363754179]",1.9662728829987586,0.10279452608107646,0.4673403280401466,"[-0.39592897540929695, 4.328474741406814]",16.489390828876694
9001.0,24.0,0.3315619443836101,0.5780025677092514,0.3880361738358055,0.1277479860664037,0.2227126674797833,"[-0.11131742401131411, 0.8873897716829251]",2.576324274714215,0.00011336209622041841,0.006127680876779374,"[1.268181138747842, 3.884467410680588]",14.159166160118174
9002.0,24.0,0.5489276134704903,0.802580336089381,0.44156626294180373,0.2671831123138445,0.39056148562175774,"[-0.33842211659118343, 1.221554642474791]",-0.672303560389226,0.45956526339634085,0.8538254125769235,"[-2.454019185422703, 1.1094120646442511]",2.5680104374614214
9003.0,24.0,0.8208483187581619,0.952702964066887,0.23635747899585346,0.5282054944107959,0.6130087156801746,"[-0.4980917066531546, 0.9708066646448615]",0.9064351043197556,0.5639207504288519,0.897274934025387,"[-2.1724122206365335, 3.9852824292760447]",20.537672941331834
9004.0,24.0,0.5203153898049911,0.7779673831821071,0.4088942328449979,0.24618671973997175,0.36810215272124963,"[-0.28218509203540126, 1.099973557725397]",1.0715230835706446,0.2045267070519552,0.639272616713638,"[-0.5837519870813663, 2.7267981542226556]",19.907083310703882
9005.0,24.0,0.23210605955827313,0.4312465094902141,0.5475469032043657,0.07734532433168885,0.1437083630925942,"[-0.06003474152195387, 1.1551285479306852]",-2.526130060599419,1.0575495186260833e-05,0.001043885352994913,"[-3.6500931267310834, -1.4021669944677546]",9.64910606489824
9006.0,24.0,0.7735698090289471,0.9345665441914526,0.22845918711265178,0.471171435730788,0.5693866087177397,"[-0.3929503515764744, 0.849868725801778]",1.2399014911969637,0.3570639431241682,0.7940047656752685,"[-1.3987853465752185, 3.878588328969146]",19.263925169495785
9007.0,24.0,0.22961739430414335,0.4271867631471057,0.6735236876853249,0.07603972295860204,0.1414692520160038,"[-0.07054439199547557, 1.4175917673661254]",1.3322481798050063,0.014453874039512623,0.1502481708889046,"[0.2646307679864568, 2.3998655916235556]",18.911186802212473
9008.0,24.0,0.8992524284416987,0.9792822092434281,0.17854018004404906,0.6443273845199197,0.7015961568566119,"[-0.5794520079877096, 0.9365323680758076]",2.195809883040055,0.3048542104595553,0.7514276816848787,"[-1.9985134231932067, 6.390133189273317]",15.612624072579328
9009.0,24.0,0.6565390646858464,0.8788394076100351,0.2766330873479102,0.3546466167245994,0.47469765322527024,"[-0.30913040578882384, 0.8623965804846443]",0.591376080814678,0.5895577728693919,0.9077706636973603,"[-1.5571415585170159, 2.739893720146372]",21.741109764288765
9010.0,24.0,0.6440680135183059,0.8732499760567222,0.2575971698950756,0.3434475782682509,0.46575478474132204,"[-0.27532909622585827, 0.7905234360160094]",0.2069044771916495,0.8499119252605147,0.9708072590103425,"[-1.9361151252696032, 2.349924079652902]",23.209683112970513
9011.0,24.0,0.7671962542295189,0.932648011463067,0.2548367384302542,0.4639350782672007,0.5640548064038914,"[-0.42714400734959695, 0.9368174842101054]",-2.983009677569915,0.0351804605633367,0.26059600417286444,"[-5.7588063709349315, -0.2072129842048982]",11.39425765142911
9012.0,24.0,0.7283113543529472,0.9150478185522077,0.30645340454748415,0.42252615408829264,0.5312318501012964,"[-0.44242805923642403, 1.0553348683313923]",0.008237259392863905,0.9949276439476874,0.999042938587908,"[-2.5313213388868965, 2.5477958576726243]",23.968535986802294
9013.0,24.0,0.4748947189288626,0.737597141328999,0.3588128159425555,0.21463144955922164,0.3333304077639721,"[-0.20790726631606243, 0.9255328982011735]",-1.9290670542923154,0.013727980474766836,0.1455777356815147,"[-3.4633350185471317, -0.3947990900374989]",7.368493373912247
9014.0,24.0,0.7786464169661823,0.9369054725955701,0.2007477008034893,0.47712785331010676,0.574091990506686,"[-0.35269423698678865, 0.7541896385937672]",-2.2410626357819305,0.10799174262058917,0.4810865216429084,"[-4.973870165127476, 0.4917448935636144]",8.560228710317908
9015.0,24.0,0.44224335763512707,0.7051858707677877,0.3996394492744404,0.19316912033705436,0.3080398829344479,"[-0.20229890690799368, 1.0015778054568745]",0.24384636658115877,0.7590690463895735,0.9564591353912479,"[-1.314434048084794, 1.8021267812471116]",23.068575489686644
9016.0,24.0,0.7454252815858344,0.9237571446140801,0.30446181913751463,0.44039161430668894,0.5459174591628722,"[-0.4689787345315009, 1.0779023728065302]",-1.8555963605755483,0.13919433037167145,0.5353628091218132,"[-4.3149601268682565, 0.6037674057171598]",7.087855996054308
9017.0,24.0,0.47397158466268907,0.7367815710596752,0.3213487735201279,0.21410688365903252,0.3327741430821146,"[-0.18561885820758506, 0.8283164052478409]",-0.5001071650914692,0.5428338859375478,0.890788466764078,"[-2.1108525012557333, 1.1106381710727948]",1.9102686575995655
9018.0,24.0,0.4002799798525119,0.6626054955346994,0.3444681336141831,0.16725792008144957,0.2768712466171985,"[-0.14438898527460226, 0.8333252525029684]",-2.1114305861118865,0.0029852561304981777,0.054475476833908354,"[-3.505157969742023, -0.7177032024817496]",8.065070754602989
9019.0,24.0,0.7275910498563023,0.9150478185522077,0.25850641673936153,0.42207692488640425,0.5309811610094405,"[-0.3725954998329574, 0.8896083333116804]",-0.571445200335563,0.6516256905999549,0.9299133911664488,"[-3.052065010112022, 1.9091746094408961]",2.1827598801490384
9020.0,24.0,0.9263997017267281,0.9869006238971448,0.12747543854663382,0.6954707680619081,0.7409353351598127,"[-0.5107990815482547, 0.7657499586415223]",-2.514747473546813,0.3307315793993898,0.7725568311128003,"[-7.582200581754154, 2.5527056346605272]",9.605627785027936
9021.0,24.0,0.9318671589722869,0.9878137795754037,0.12902353870291058,0.7069001544414806,0.750185879700181,"[-0.5434933344701555, 0.8015404118759767]",-0.937302526018426,0.721446893584372,0.9477398429831227,"[-6.090028085797598, 4.215423033760746]",3.580231924520456
9022.0,24.0,0.3085995364920318,0.5470618686773648,0.5523337826946719,0.11530869460637604,0.20441179685583413,"[-0.1351010772229838, 1.2397686426123276]",0.38387362448996676,0.5565248924054952,0.8951179890946906,"[-0.8956576191322885, 1.663404868112222]",22.533710763355675
9023.0,24.0,0.6849886732334196,0.8924933853204164,0.29364235932093646,0.38054297510974655,0.4958214659410379,"[-0.36268206527008634, 0.9499667839119592]",2.130875053498875,0.05741681192499863,0.346929377190324,"[-0.06710662675149015, 4.328856733749241]",15.86065685098673
9024.0,24.0,0.923692525998399,0.9862215899768196,0.14323479204999434,0.6897844621002254,0.7366344106153624,"[-0.5601016294899938, 0.8465712135899824]",-0.08910642354708553,0.9726818829471514,0.9946639642340541,"[-5.1890048529815935, 5.0107920058874225]",0.3403614664502093
9025.0,24.0,0.679472857289858,0.8886644746139917,0.38530542609562674,0.37538900709186196,0.49096129622268114,"[-0.46663972117206126, 1.2372505733633148]",-0.5193417011945378,0.651658235877776,0.9299133911664488,"[-2.7740079351308995, 1.7353245327418239]",1.9837391735727548
9026.0,24.0,0.5194788616440512,0.7770813188392689,0.39231116308260494,0.24535033002752016,0.3670396462023099,"[-0.2695673964005476, 1.0541897225657575]",1.4908418469187312,0.07201913105173438,0.3916211585194909,"[-0.13339436801901727, 3.1150780618564795]",18.305403616671196
9027.0,24.0,0.16812471479627847,0.3256337687318971,0.6488892006299094,0.049274005165914396,0.09541829040649574,"[0.0020623165951010325, 1.2957160846647178]",0.9062741966405774,0.07211172284882482,0.39169865751670185,"[-0.08141086260825448, 1.8939592558894094]",20.538287563392377
9028.0,24.0,0.5367177578230798,0.7929789139661186,0.31261884605599194,0.25816704075017327,0.3813962627210764,"[-0.22926071731981584, 0.8544984094317998]",0.8239718021838938,0.3500672437401968,0.788972827902179,"[-0.9042530686051069, 2.5521966729728947]",20.852659553138302
9029.0,24.0,0.920806993019858,0.9859416571445778,0.16845935668384684,0.6841309080465188,0.7325526373771483,"[-0.6431133516850003, 0.9800320650526939]",-2.7598611364095706,0.27482226130463083,0.7255688343191455,"[-7.713255155199827, 2.193532882380686]",10.541893010563172
9030.0,24.0,0.42419575200743215,0.6881825957291242,0.4163002121892548,0.18192856977206395,0.2950990588354646,"[-0.19495892341832582, 1.0275593477968354]",-1.0539591332305092,0.15133511614109027,0.5597805719445401,"[-2.493655659556092, 0.3857373930950738]",4.025827340891641
9031.0,24.0,0.631691300490788,0.8634380815893767,0.3872667454776924,0.3329928903773556,0.4551570398815686,"[-0.39677049906442147, 1.1713039900198063]",1.0885737143873548,0.2813869661141747,0.7310026508669982,"[-0.8920684301142923, 3.069215858889002]",19.841954698448337
9032.0,24.0,0.6945985920726234,0.897994301322073,0.30644021996341386,0.389402719492031,0.5034295016057285,"[-0.3913767522143634, 1.0042571921411911]",0.2452094340576716,0.8383465952385503,0.9708072590103425,"[-2.11057903376265, 2.600997901877993]",23.06336895544693
9033.0,24.0,0.6615622666841896,0.8811835865108785,0.36690999620636844,0.3591089742774114,0.47836090844430307,"[-0.4172557585645149, 1.1510757509772518]",1.0108918644594178,0.34582105535074115,0.7857783579885053,"[-1.0907915332519016, 3.112575262170737]",20.138677508157635
9034.0,24.0,0.029888373414441807,0.0676207543313163,0.7469041832972425,0.0040305547893446664,0.009120965805260617,"[0.23785437618971228, 1.2559539904047727]",1.6083258986814233,1.5391370855639511e-06,0.00023679032085599248,"[0.952436504898557, 2.2642152924642893]",17.856647594931278
9035.0,24.0,0.7926462261071741,0.9429258609541356,0.17343645128820287,0.4932273092991447,0.5868260669829205,"[-0.3226767056962261, 0.6695496082726318]",-1.2704883541823264,0.3688691557223539,0.8015351118430442,"[-4.041609079252444, 1.5006323708877916]",4.852908041011294
9036.0,24.0,0.537334586953728,0.7933479801472435,0.406141357948612,0.2582694992433475,0.38143479433369887,"[-0.29799748004660637, 1.1102801959438304]",1.5883840819773107,0.0620338968555698,0.36192471911067564,"[-0.07993667406919225, 3.256704838023814]",17.932819723795888
9037.0,24.0,0.29398448880674943,0.5262520282761921,0.7360593644068579,0.10768610133139851,0.19270955857444258,"[-0.1607311112444545, 1.6328498400581704]",-1.1608860007748873,0.05521674333387618,0.3410489090175826,"[-2.3476866180997034, 0.02591461654992888]",4.434257889348124
9038.0,24.0,0.8677247337378331,0.9702837232895372,0.1790162955057089,0.5931995977228761,0.6633116378428672,"[-0.4777828453533219, 0.8358154363647397]",1.9786961225764719,0.2778034071257861,0.727424475322823,"[-1.5947775526898202, 5.5521697978427635]",16.441937549164503
9039.0,24.0,0.8750425148800597,0.9724665269479806,0.21878971766647703,0.604437654983528,0.6718960148771987,"[-0.6090008400860468, 1.046580275419001]",-1.1292691117022473,0.5488687116329916,0.8928806760019607,"[-4.821493495308875, 2.5629552719043804]",4.313490269001753
9040.0,24.0,0.5789566011898122,0.8268446175232964,0.3939219886085386,0.29003968102689925,0.41416490222318897,"[-0.33580171851068547, 1.1236456957277627]",1.0528139306637891,0.2559696809074957,0.7049564332346344,"[-0.7636775443944326, 2.869305405722011]",19.9785470106924
9041.0,24.0,0.9744064917845993,0.9941781362728787,0.06518858050400456,0.8197667538738156,0.8365820531419692,"[-0.49557544232143014, 0.6259526033294392]",-0.06415350517464358,0.9887743570510765,0.9977541443502286,"[-9.000973068599507, 8.872666058250218]",0.2450483391651843
9042.0,24.0,0.7367442555702658,0.919388145887176,0.3016566502004828,0.4312022446240601,0.5381666759674844,"[-0.44946660402272687, 1.0527799044236925]",0.05298576959661094,0.9679805078078282,0.9945042032099813,"[-2.534132842790718, 2.64010438198394]",23.797609268524106
9043.0,24.0,0.10016421072421244,0.20309045159004954,0.7251832233612954,0.023672652312185138,0.04799807849185956,"[0.0969421938794115, 1.3534242528431792]",-0.06453724130441607,0.8882314925427361,0.979163537493745,"[-0.9645553987982951, 0.835480916189463]",0.24651410321069417
9044.0,24.0,0.33430535666035244,0.5816029169456375,0.4904599946587898,0.12920081598139874,0.22477525396903053,"[-0.1431053338729012, 1.1240253231904809]",-0.4629050103931309,0.49252957418110943,0.8700823913677741,"[-1.7849055114482422, 0.8590954906619803]",1.7681668940657274
9045.0,24.0,0.1332071525320966,0.26356777311455604,0.7008107443198692,0.03544167163219554,0.07013986074054135,"[0.047751431340347095, 1.3538700572993914]",-0.19992948264025934,0.6848424610091884,0.9370333060910837,"[-1.1654117471676657, 0.7655527818871471]",0.7636743703680613
9046.0,24.0,0.5737700502371174,0.82331762123277,0.43705668069917136,0.28606641145637157,0.4104841605056272,"[-0.3659269284821386, 1.2400402898804814]",0.9322205225553706,0.3145996492770774,0.7590518680559124,"[-0.8846917991920387, 2.74913284430278]",20.439179898806472
9047.0,24.0,0.45245107741641616,0.7154568030617405,0.4245920519314572,0.19976748816619339,0.31598780159157447,"[-0.22442983373706094, 1.0736139375999754]",1.297949217983275,0.08545207539395959,0.4251236536262876,"[-0.18117489229020678, 2.7770733282567566]",19.04219918581684
9048.0,24.0,0.22047175883594508,0.4131005411953253,0.651374572804442,0.07198971781698327,0.13483745610972703,"[-0.05820895151708705, 1.360958097125971]",-0.8877832959723024,0.10743582751787419,0.4795749035878054,"[-1.9686598549269907, 0.19309326298238583]",3.3910823987617698
9049.0,24.0,0.5300628763731754,0.7865601370725261,0.30607219632519184,0.25299196667490575,0.37547041655521785,"[-0.21871480816067285, 0.8308592008110565]",1.7154095342711049,0.041893599255719956,0.28972060342821543,"[0.0629071731837878, 3.367911895358422]",17.447618236650904
9050.0,24.0,0.7841367042714905,0.9395359504810574,0.24198561002555094,0.48346731061774506,0.5792802667358555,"[-0.4348492692222936, 0.9188204892733955]",-0.7920387316814423,0.5786934279628074,0.9032205836784882,"[-3.5876150536592304, 2.0035375902963457]",3.025365102416086
9051.0,24.0,0.2877788182625363,0.5169369826882276,0.47252334544229435,0.10461495830980992,0.18791981014875145,"[-0.09814637025867257, 1.0431930611432612]",2.3521676079901015,0.00013428218388422612,0.006851131830827864,"[1.14483472224805, 3.559500493732153]",15.015381556985659
9052.0,24.0,0.4190068165723404,0.6825326870375312,0.3072105650370829,0.17848513208016825,0.2907397492754003,"[-0.14031912250820783, 0.7547402525823736]",3.010002240014792,9.537977638336069e-05,0.00532847912756205,"[1.4981073206702842, 4.5218971593593]",12.502638354815238
9053.0,24.0,0.3293267387751773,0.5754863809655065,0.4724028974695642,0.1265719263691357,0.22112495871616997,"[-0.13364265377549422, 1.0784484487146226]",0.860717997831209,0.18597401345168463,0.617443603757253,"[-0.41479815534768183, 2.1362341510100995]",20.71229942488809
9054.0,24.0,0.9216962034029991,0.9861488829547715,0.1372250066810543,0.6860031892808102,0.7340072643706508,"[-0.5280386125754821, 0.8024886259375907]",2.4149405051877,0.33108428174109406,0.7726587671904179,"[-2.4549428448551662, 7.284823855230567]",14.775606751836927
9055.0,24.0,0.736547106779925,0.919388145887176,0.2414149527723757,0.4310412105981898,0.538128852182509,"[-0.3594967835324848, 0.8423266890772362]",-1.7615884984480639,0.15056938367848183,0.5580203674009545,"[-4.163393211432378, 0.6402162145362502]",6.728772413324135
9056.0,24.0,0.41587506196887164,0.6795344149818164,0.3864392790184766,0.17673605666447678,0.2887702811638182,"[-0.17424034131062377, 0.947118899347577]",0.46950875658708835,0.5352577474073542,0.8878051872737671,"[-1.0147173147338426, 1.9537348279080193]",22.20660865354165
9057.0,24.0,0.9978459752015139,0.9990343549979958,0.02695394397718611,0.947637143375827,0.9488706752536568,"[-0.7774515701122764, 0.8313594580666486]",3.125370901526602,0.8434267577477015,0.9708072590103425,"[-27.88848695824202, 34.13922876129522]",12.061962528635231
9058.0,24.0,0.22865635067684104,0.4258032601058492,0.6731161413354804,0.07576420627868816,0.1409828922193676,"[-0.06980300393602779, 1.4160352866069885]",2.3225703628708882,3.547728130016834e-05,0.0025340915214405956,"[1.221717948953282, 3.4234227767884944]",15.128434705688665
9059.0,24.0,0.7006148603610753,0.900866244279702,0.2733205359610679,0.3950889456396408,0.5080876358534475,"[-0.35659806290729495, 0.9032391348294309]",-0.034037474191824124,0.9777769319982701,0.9961052689468929,"[-2.428925978264844, 2.3608510298811956]",0.130013574431799
9060.0,24.0,0.16976068259861216,0.32835721972652254,0.5794293524031404,0.04978714906521387,0.0963187252180574,"[0.0005387936309005914, 1.1583199111753801]",1.545454795638669,0.0016291300883049572,0.0368581467942298,"[0.584051562518144, 2.506858028759194]",18.09679751877674
9061.0,24.0,0.3017840360840849,0.5372706855709506,0.4152969311697668,0.11162993960864805,0.19880666003321112,"[-0.09633934818671269, 0.9269332105262462]",0.17599218522136972,0.7871178056720292,0.9611891631115267,"[-1.1012962185031925, 1.453280588945932]",23.32775937063539
9062.0,24.0,0.6304837808297516,0.8626651503324254,0.3501827178302624,0.33207305359862993,0.4543704097800345,"[-0.3574288500889287, 1.0577942857494536]",-2.4401531943457946,0.01869019540703232,0.1758249803107462,"[-4.473876764684582, -0.4064296240070071]",9.320698626758677
9063.0,24.0,0.21051194059860154,0.397492334967148,0.5099677902723324,0.06740034958700944,0.12724249497264384,"[-0.036517287131314524, 1.0564528676759792]",1.9894799576682294,0.00018870711991371555,0.008428070991455316,"[0.9451173207415426, 3.0338425945949163]",16.40074633331632
9064.0,24.0,0.17656766820568306,0.34022497561725595,0.588472543360686,0.05265523058297542,0.10147471686832804,"[-0.006749908178745767, 1.1836949949001179]",0.281124449749373,0.5979864566097619,0.9110092270106063,"[-0.7638131115409104, 1.3260620110396564]",22.926183700761555
9065.0,24.0,0.06199289898143521,0.1303741303500215,0.9094043928782514,0.011907591271181281,0.025036987534022878,"[0.2006603695504997, 1.6181484162060031]",-1.2687497028721362,0.000989857378337182,0.025974587076895934,"[-2.023807826822922, -0.5136915789213508]",4.846266882203375
9066.0,24.0,0.9982351275139973,0.9990343549979958,0.021429863272894187,0.9526020439214765,0.9533647357100445,"[-0.6852004558812966, 0.728060182427085]",-1.6371704722443088,0.919474280008057,0.9874079467440474,"[-33.37726136974546, 30.102920425256848]",6.253530560202585
9067.0,24.0,0.9723713690778555,0.9937497270692525,0.08218724962896233,0.8128679489183527,0.8308094777490538,"[-0.5982737429639684, 0.762648242221893]",-2.123645170251592,0.6090190228483234,0.9143882220641197,"[-10.26143146902949, 6.0141411285263064]",8.111727029250494
9068.0,24.0,0.5451771239054629,0.79943053267498,0.3643236415590027,0.2640575955245228,0.38729480129733473,"[-0.2750280301330896, 1.003675313251095]",3.104124941408989,0.0008489021719911496,0.023515295623023534,"[1.2805761700589888, 4.927673712758989]",12.143116118398064
9069.0,24.0,0.39556987162568685,0.6572019797735286,0.4776694092245579,0.16423808225890169,0.2728660612375838,"[-0.19540242973331012, 1.150741248182426]",1.792678693182526,0.009831060028771849,0.11764067406615296,"[0.4317286908656648, 3.1536286954993873]",17.152471790507562
9070.0,24.0,0.9871970026875188,0.9961904215642817,0.04623536618143246,0.8725011826198823,0.8804967378926856,"[-0.5184354184258702, 0.610906150788735]",2.1471241264759646,0.7263390330480108,0.9490709376786874,"[-9.876565392859384, 14.170813645811311]",15.798589964147576
9071.0,24.0,0.8470619611008634,0.9609324572896919,0.1932717166533902,0.5630357899313583,0.6387971294887206,"[-0.4617180204572054, 0.8482614537639859]",1.5208084991416673,0.3607847643396269,0.7966009934074046,"[-1.7408451673596899, 4.782462165643024]",18.190939436770492
9072.0,24.0,0.715581601138251,0.909395574713629,0.2669101118016775,0.4099336017438432,0.5209940064136428,"[-0.36795342121225244, 0.9017736448156075]",-1.1236679470368554,0.3428821554262519,0.7835515434786378,"[-3.4456305010395463, 1.1982946069658356]",4.292095395956102
9073.0,24.0,0.9189770144431286,0.9856991265873718,0.12389846861080928,0.6804508760546615,0.7298625721920642,"[-0.465728208833372, 0.7135251460549905]",1.426715467883608,0.5420789220840905,0.890788466764078,"[-3.1598649543439636, 6.01329589011118]",18.55034834161578
9074.0,24.0,0.6177153466965412,0.853551674307781,0.41966730807138775,0.3210134749883774,0.44363387919897374,"[-0.40918352629006394, 1.2485181424328395]",-0.0931731741975046,0.9290565872000365,0.9892015094756179,"[-2.144304740334427, 1.957958391939418]",0.35589530969028227
9075.0,24.0,0.8029723927556851,0.9465322931489172,0.21271930263233224,0.5058286642439797,0.5962781796301945,"[-0.4139044874058357, 0.8393430926705001]",0.9464290972784184,0.5238533521324752,0.883739638684866,"[-1.9637025205625527, 3.8565607151193895]",20.384907141171347
9076.0,24.0,0.8104804669066045,0.9482278699781302,0.19216011768225885,0.5148401852980853,0.6025046053810243,"[-0.38609193851911383, 0.7704121738836315]",0.18060172185893908,0.9096574364800011,0.9847157609726442,"[-2.9389088583030483, 3.3001123020209264]",23.310152237645813
9077.0,24.0,0.9643504635786995,0.9923284751869268,0.09106748731763431,0.787432353653809,0.8104491083303922,"[-0.5708699294222472, 0.7530049040575157]",-1.739315452347915,0.62672321345394,0.920090014308269,"[-8.748746861511563, 5.270115956815734]",6.643695644094879
9078.0,24.0,0.49134370692887797,0.7529479446576228,0.449881227095168,0.22582884986167473,0.3460771919521113,"[-0.27813245165415623, 1.177894905844492]",0.4169877636191117,0.6226085348164685,0.9181662510197146,"[-1.2436234028776378, 2.0775989301158613]",22.407224069068405
9079.0,24.0,0.9115904343128366,0.9837402730272814,0.16048977066172898,0.6664056906007079,0.7192721970865709,"[-0.5691883460522472, 0.8901678873757052]",-1.844843792699292,0.4111696464329213,0.8267833441897668,"[-6.244532768922372, 2.5548451835237884]",7.046784212171812
9080.0,24.0,0.8325978870069297,0.9550331349012728,0.21072570040022448,0.5433107479026695,0.6232772145264076,"[-0.4687826460508839, 0.8902340468513328]",0.1354694516065118,0.9367595293463872,0.9892015094756179,"[-3.210939006049997, 3.4818779092630208]",23.482544811333007
9081.0,24.0,0.5825597522363402,0.8293502717358707,0.36218394029282913,0.2929055343992938,0.41712551181898855,"[-0.31274321870509597, 1.0371110992907542]",-0.9769810592796908,0.29720697377466665,0.7466196534321604,"[-2.813868260633453, 0.859906142074071]",3.7317927573964518
9082.0,24.0,0.707701655795292,0.9053821939325685,0.23954049363657562,0.4020691116608458,0.5144236131352472,"[-0.3207567096289865, 0.7998376969021377]",0.2924813743162442,0.8123910354160688,0.9656985281831257,"[-2.122816259214608, 2.7077790078470962]",22.88280344436621
9083.0,24.0,0.8988029029705725,0.9792822092434281,0.1313839515341343,0.6434435473717742,0.701148030262367,"[-0.4249211544850646, 0.6876890575533332]",-0.3860147863664398,0.8620036431323395,0.9726270526004133,"[-4.738545555143258, 3.966515982410378]",1.474467872562741
9084.0,24.0,0.6851323895500638,0.8925643428218654,0.2507252376874731,0.380741731602511,0.496015804588993,"[-0.30990838013864386, 0.8113588555135901]",-0.8271860835179412,0.4669898481053525,0.8568927430895292,"[-3.0560660674075213, 1.4016939003716389]",3.1596180971689374
9085.0,24.0,0.6549310882960118,0.8781904941339596,0.269853808847479,0.35327114478464383,0.473728118521872,"[-0.2999240748696693, 0.8396316925646273]",-2.3836001436814804,0.02724771166181372,0.221166490761475,"[-4.499485469007995, -0.26771481835496536]",9.10468188531503
9086.0,24.0,0.9221742321050304,0.9861488829547715,0.14771466391749205,0.68689843028534,0.7348079057395593,"[-0.570565242719443, 0.865994570554427]",2.626641201116135,0.299292841130795,0.7483333106609458,"[-2.333247913970419, 7.586530316202689]",13.966969658724812
9087.0,24.0,0.7806728332380626,0.9383325733532297,0.20913990990463852,0.4793028538252212,0.5762236761543895,"[-0.3702955204706402, 0.7885753402799172]",0.38845017661234227,0.7891897816213156,0.9619333365324607,"[-2.4591716526931484, 3.236072005917833]",22.516229621933423
9088.0,24.0,0.8536401664094189,0.9637950392041399,0.1732111928335538,0.5723857004333864,0.6463253166591988,"[-0.4281400467199574, 0.774562432387065]",-1.3709870944814444,0.4226076268505218,0.8327243878828016,"[-4.721862406807926, 1.979888217845037]",5.236784952046014
9089.0,24.0,0.9550877045552135,0.9911597957501838,0.10663030067108852,0.7615504779832001,0.790646260364618,"[-0.5820984558085187, 0.7953590571506957]",1.7531390863058345,0.5813229735633141,0.9045012814117225,"[-4.477831853536216, 7.984110026147885]",17.303501963683622
9090.0,24.0,0.6740434727232266,0.8873352013781105,0.37494990811547085,0.3701341339286083,0.4874387229824838,"[-0.4450346516268568, 1.1949344678577984]",-3.0715268135566873,0.008052637144375378,0.10428330266355412,"[-5.34338032776699, -0.799673299346384]",11.732368205204285
9091.0,24.0,0.8276998353703278,0.954230845481125,0.19858339187041865,0.5368271374487705,0.6188922497680085,"[-0.4316059140419256, 0.8287726977827629]",0.1102252281558691,0.9477215253728891,0.9905116276890563,"[-3.1846210263282186, 3.405071482639957]",23.578970642053477
9092.0,24.0,0.9179395545115303,0.9852676399952099,0.10235414304407399,0.6786378405004929,0.7283866485998636,"[-0.38183479087997335, 0.5865430769681214]",-2.313337306694428,0.33623592992469686,0.7765781593921399,"[-7.028312790295281, 2.4016381769064257]",8.836297617583442
9093.0,24.0,0.94896386785502,0.9904643229882267,0.12365180201197712,0.7458880723063828,0.7785075381550807,"[-0.62419920264408, 0.8715028066680343]",0.018197400074022596,0.995472278209902,0.9991181788695819,"[-6.266949482436155, 6.3033442825842005]",23.930491051843163
9094.0,24.0,0.49801831319789625,0.7583650269497431,0.3858297609223997,0.23056795025649768,0.35109773993637305,"[-0.24492697419095982, 1.0165864960357591]",-2.4755978983325067,0.003270418697371136,0.057986147116509505,"[-4.125345164248999, -0.8258506324160146]",9.45608742306062
9095.0,24.0,0.005919012274725276,0.01707243228937201,0.8827393369212604,0.0003002676159692015,0.0008660733082469036,"[0.40414894228237747, 1.3613297315601434]",-1.4046534298304145,1.3941156283601027e-07,3.400282020390494e-05,"[-1.9274522555839644, -0.8818546040768647]",5.365380880523886
9096.0,24.0,0.5090402590128185,0.7679768810165373,0.3200037983098351,0.23818332943472897,0.35935927796428635,"[-0.21172557725318747, 0.8517331738728577]",-0.49803928898420047,0.5650880478736345,0.8977775402579515,"[-2.1947855634757554, 1.1987069855073544]",1.9023699526994027
9097.0,24.0,0.5759336035588869,0.8250015808034478,0.4343278736930544,0.2876281841360756,0.4120157343304334,"[-0.3662323262868071, 1.234888073672916]",-2.006486332906271,0.028737106986344865,0.22934642447202608,"[-3.8046150519570414, -0.208357613855501]",7.66421323508072
9098.0,24.0,0.6669413855062734,0.8839514718439674,0.3008499033400079,0.3639553871607596,0.48237957211498955,"[-0.3486543165380011, 0.9503541232180168]",-2.571933663252705,0.021580035466459695,0.19233543196488143,"[-4.765841597511262, -0.37802572899414777]",9.824062939466739
9099.0,24.0,0.6109532209998401,0.8490178168424681,0.354295356326099,0.31575301160547753,0.43873457343617617,"[-0.3378795199482608, 1.0464702326004587]",0.897641954522391,0.3637308093875462,0.7986341840478475,"[-1.0393683795280788, 2.834652288572861]",20.57126029946619
9100.0,24.0,0.45574557391675724,0.7192954133787204,0.4212120166128959,0.20204653271530815,0.31883625172054303,"[-0.22590943085453113, 1.068333464080323]",-0.48057939209366296,0.5486798697640758,0.8928806760019607,"[-2.051125146340082, 1.0899663621527564]",1.8356780591953101
9101.0,24.0,0.4667718748633614,0.7297871714561623,0.3787609514916524,0.20913500794966,0.3270289412817201,"[-0.21231298122742687, 0.9698348842107316]",-2.917446263977479,0.00040121665213933914,0.014227540856004934,"[-4.5330533937288395, -1.3018391342261182]",11.143823858807961
9102.0,24.0,0.6814578363116732,0.8901924812164943,0.31441698235010246,0.37727225043878043,0.492779846445638,"[-0.3835359480499327, 1.0123699127501375]",2.167956916688653,0.05220707687443675,0.3300068070444801,"[-0.02070523058570828, 4.356619063963015]",15.719014567169676
9103.0,24.0,0.2833812669957246,0.5105968311343226,0.5113845342693912,0.10212206583743356,0.18403688202817367,"[-0.10177068345200235, 1.1245397519907847]",1.50376944651953,0.010658787352200938,0.1236518254315654,"[0.349622672621398, 2.657916220417662]",18.256023823580477
9104.0,24.0,0.6619576403402669,0.8812929694788435,0.3210282930586077,0.35938124145300654,0.4784095333506477,"[-0.36546724843110057, 1.007523834548316]",2.708988883226362,0.015446603301410029,0.1572973859614056,"[0.5165440885417785, 4.901433677910946]",13.652424682884748
9105.0,24.0,0.7681945189959938,0.9330582022989097,0.2103128476576666,0.4650694118169366,0.5649531241702339,"[-0.3539466584354865, 0.7745723537508198]",1.780429344192119,0.177924957830495,0.604775519478229,"[-0.8098696753093968, 4.370728363693635]",17.199260857103106
9106.0,24.0,0.9651241549715766,0.9924001547942788,0.09071273216037287,0.7897993965085996,0.8122165739496088,"[-0.5762525791950467, 0.7576780435157925]",1.9584621782831997,0.5915352676792036,0.9080402567325063,"[-5.194772079101484, 9.111696435667884]",16.51922552322499
9107.0,24.0,0.5778193774873781,0.8258101721986253,0.28155902331871896,0.28921251889586563,0.4132788209429346,"[-0.2391233103335475, 0.8022413569709854]",0.6330078744888716,0.5072058161737573,0.8754924137551734,"[-1.2377436437691525, 2.503759392746896]",21.58208802621605
9108.0,24.0,0.8881499121386609,0.9754828927651178,0.15251107770142217,0.6254737268078363,0.6869563171969647,"[-0.45988730503562114, 0.7649094604384654]",-1.0480188633925014,0.6020127863092264,0.91161020243821,"[-4.986747304263693, 2.89070957747869]",4.003137181499193
9109.0,24.0,0.7360718892043692,0.9190559235914212,0.20135886149578994,0.4307650384664785,0.5378512154656993,"[-0.2995480302204516, 0.7022657532120316]",-1.0335936646484436,0.4068740810156567,0.8244662229293955,"[-3.47606894498074, 1.4088816156838528]",3.9480369810543983
9110.0,24.0,0.34759133896467714,0.6002267984194045,0.49615105161026957,0.13658475755995148,0.23584899499252263,"[-0.15709254774572873, 1.1493946509662678]",1.0779414418590951,0.10119016215621784,0.4619576032715271,"[-0.21100513490608552, 2.366888018624276]",19.882566987948483
9111.0,24.0,0.35719744718339236,0.6122653335448516,0.5148540291465136,0.1418259692850806,0.243144127010253,"[-0.17206093495288766, 1.2017689932459148]",-2.980351346341306,2.428884405981316e-05,0.001974702769090501,"[-4.364135910754484, -1.5965667819281275]",11.384103574099301
9112.0,24.0,0.7427682152006156,0.9233543095781701,0.3018770377431475,0.43764728440843725,0.5441367235249899,"[-0.4604126683925946, 1.0641667438788895]",-1.943782566380544,0.12067507898197559,0.5051279990873822,"[-4.398599387873273, 0.5110342551121851]",7.4247024896475295
9113.0,24.0,0.9499281347887895,0.9910570003012931,0.12644080582735218,0.7484312181557103,0.7808359083523321,"[-0.6462837612701952, 0.8991653729248995]",-2.578719755553049,0.41596838952225357,0.8288815882747501,"[-8.792116633527316, 3.634677122421218]",9.849983902679803
9114.0,24.0,0.824473300964414,0.9530427085657405,0.23482821363243048,0.5327825855105137,0.6158042064052971,"[-0.5030387386172955, 0.9726951658821564]",-1.1275818472590018,0.4711189340438793,0.8584731734461428,"[-4.19424412169316, 1.9390804271751558]",4.307045393567056
9115.0,24.0,0.8900277382229415,0.9766429825594324,0.20576155325682877,0.6283949860062736,0.6895817522292438,"[-0.6274945168295358, 1.0390176233431934]",0.00017696285850199445,0.9999342426740994,0.9999342426740994,"[-4.208311424147973, 4.208665349864977]",23.999324051671817
9116.0,24.0,0.3960396115774497,0.6578218089956513,0.4794983567564049,0.16467765101591847,0.2735509153088347,"[-0.19685471116559577, 1.1558514246784055]",-1.0808989980638826,0.1249166423809013,0.5119534523807431,"[-2.4615304629709414, 0.299732466843176]",4.128730044598655
9117.0,24.0,0.40222344942483385,0.6648321478096427,0.3527860572425015,0.16848532420222428,0.27839610740618687,"[-0.1493230485723513, 0.8548951630573542]",-0.6676828685063265,0.36216623419895244,0.797284225754174,"[-2.1037776618935045, 0.7684119248808512]",2.550360694573388
9118.0,24.0,0.8086974887685073,0.9479515751594272,0.27425371793468145,0.5128053424772143,0.6011785961045889,"[-0.5470561715427712, 1.0955636074121342]",-1.0725700354112435,0.4735001975688834,0.8607529495889535,"[-4.005342641943668, 1.8602025711211807]",4.096915750750767
9119.0,24.0,0.9698344521429906,0.9934792584951758,0.08002164193387365,0.8043856850818047,0.8239968091393206,"[-0.5532250708985758, 0.713268354766323]",1.49411042240438,0.7006836810631287,0.9400237903147177,"[-6.124047467593811, 9.11226831240257]",18.292918577981357
9120.0,24.0,0.7695713553628822,0.9333533805283444,0.21117748276397486,0.46673025434788384,0.5660767184328488,"[-0.357515703182379, 0.7798706687103287]",2.7293178500537003,0.05296386378443994,0.3322701617593472,"[-0.03490393996771646, 5.493539640075117]",13.57477374948022
9121.0,24.0,0.8316869000496845,0.9548988819733071,0.2687018916662334,0.5420967447683457,0.6226588836408568,"[-0.5951544565522282, 1.132558239884695]",-1.4412748189467823,0.3617874898230191,0.7972072879355888,"[-4.538815602973681, 1.6562659650801161]",5.505264282942166
9122.0,24.0,0.24564048988323922,0.4522100329220162,0.6412020909982574,0.08366182011756666,0.15401660551834806,"[-0.08530730615973925, 1.367711488156254]",-0.42789766064174817,0.47044678857503,0.8584731734461428,"[-1.5898808208492257, 0.7340854995657293]",1.6344486678862218
9123.0,24.0,0.7702742576488157,0.9334394784886278,0.21782713626417333,0.46766883247035673,0.5667339220435733,"[-0.3700108429295312, 0.8056651154578778]",-0.7761250423379362,0.5732442130636322,0.9014551440610434,"[-3.476694997546942, 1.9244449128710697]",2.9645792866917384
9124.0,24.0,0.4581670292171245,0.7211821646735787,0.4631944884528279,0.2036105694280329,0.320522123313829,"[-0.25089477274129907, 1.1772837496469548]",-0.45112311641966585,0.5754703468299279,0.9020009203830158,"[-2.02998743375169, 1.1277412009123582]",1.7231633741090495
9125.0,24.0,0.9276433387902261,0.987545219994002,0.13626975654109008,0.6980510326199292,0.7431608992014577,"[-0.5521745063018577, 0.8247140193840379]",0.7651996877671525,0.7669242199459846,0.9576975773551256,"[-4.294723196064246, 5.825122571598551]",21.077152493747587
9126.0,24.0,0.9373537492889122,0.9880486751993395,0.14060824452348764,0.7188667248576165,0.7579784108578832,"[-0.6249671763549983, 0.9061836654019736]",0.8459950952869919,0.7596385727285707,0.9564591353912479,"[-4.573486617414591, 6.265476807988575]",20.76853677008583
9127.0,24.0,0.31691861360965357,0.5585453183109862,0.5200947273215429,0.11961507706257186,0.2108869482767487,"[-0.13486071098471875, 1.1750501656278045]",0.11902612257934297,0.8583681714351173,0.9716642194194219,"[-1.188256366318927, 1.426308611477613]",23.545353701626457
9128.0,24.0,0.7324013280821884,0.9171065966468676,0.28465150580376586,0.4268147742605528,0.5344537619090318,"[-0.4174234496736765, 0.9867264612812082]",0.2888666937482265,0.8241048226962975,0.9666963285808975,"[-2.258359540508379, 2.836092928004832]",22.896610507088567
9129.0,24.0,0.3554625344992162,0.6105361588348722,0.5727723786084865,0.14094895916738792,0.24209714731602183,"[-0.1897344959203887, 1.3352792531373616]",-1.1971901186726477,0.06982633501265194,0.38578085642349136,"[-2.4914005309030927, 0.09702029355779707]",4.572929404980592
9130.0,24.0,0.13921777405172192,0.27432073704772797,0.6631884976798902,0.03781065273668735,0.07448907158527845,"[0.037340049790825836, 1.2890369455689545]",-0.9840298528325029,0.03804451852993756,0.2725252043691802,"[-1.913786181488817, -0.05427352417618869]",3.7587171654787954
9131.0,24.0,0.4318781875864756,0.6953746595660717,0.3994602773040494,0.1865142058334286,0.3003449369298367,"[-0.19323509198201205, 0.9921556465901109]",1.6269295757768187,0.025556826380593214,0.21244244705397516,"[0.19885342673754236, 3.055005724816095]",17.785586782865256
9132.0,24.0,0.7968718567488602,0.94449668928394,0.18705974969070316,0.49848334994071364,0.5907930007376921,"[-0.35458935201351927, 0.7287088513949256]",2.3437309643406863,0.11229956738104659,0.49211028650765376,"[-0.5490886202137659, 5.2365505488951385]",15.047607161943482
9133.0,24.0,0.1187371573025103,0.23704762887304912,0.49937541039544914,0.030199541263796578,0.06029055952045633,"[0.04780707423128461, 0.9509437465596137]",-2.6702902106964452,1.5280836241198588e-08,4.929302013289867e-06,"[-3.5952320661625032, -1.7453483552303872]",10.199757276533711
9134.0,24.0,0.5514898179559511,0.8045073930794326,0.27255860589909686,0.26885767281724327,0.3922575786238836,"[-0.21058011404880583, 0.7556973258469996]",1.8426946200063865,0.0352336542670564,0.2607968487568942,"[0.12750303868615198, 3.557886201326621]",16.961425022811405
9135.0,24.0,0.8488752570568332,0.9621728880819764,0.23648348462905955,0.5656832399274744,0.6412188165126665,"[-0.5704150511971489, 1.043382020455268]",2.8159338375046294,0.11669746229633965,0.49852374971028296,"[-0.7021518872114769, 6.334019562220735]",13.243925048193798
9136.0,24.0,0.88698197808089,0.9753784460014808,0.18495841989441883,0.623389423933251,0.6855706850690103,"[-0.5532761972679953, 0.923193037056833]",2.9684233011546155,0.15977254117213247,0.5749281798205559,"[-1.1700386149100535, 7.1068852172192845]",12.661458202369946
9137.0,24.0,0.7042933198105146,0.9032875719001086,0.3032002753730826,0.39899161294234065,0.5117245260258313,"[-0.40138240918966583, 1.007782959935831]",0.7518923484043318,0.5270389459894539,0.8839273529919359,"[-1.577919648520362, 3.0817043453290256]",21.127982785883447
9138.0,24.0,0.22043971302417925,0.4131005411953253,0.4506679105443209,0.07181113127040212,0.13457858184108343,"[-0.03996486760876339, 0.9413006886974052]",-1.352074465963069,0.011719020609174102,0.13006682141147727,"[-2.4034624727061233, -0.30068645922001447]",5.164544032472569
9139.0,24.0,0.9612442026995098,0.9918311520199155,0.09992331396212675,0.7784721365598263,0.803262546659462,"[-0.5962682138007808, 0.7961148417250342]",1.1717981456804027,0.734901471325487,0.9521915928031705,"[-5.61082335143154, 7.954419642792345]",19.524060787417127
9140.0,24.0,0.7818141164434311,0.9388462552556966,0.19649766851350406,0.4807755283255839,0.5772878155014293,"[-0.34974047051975754, 0.7427358075467656]",0.7147573851379905,0.6162149709778488,0.9174210890671123,"[-2.0802098010201022, 3.509724571296083]",21.26982789705243
9141.0,24.0,0.8156644795549962,0.9505471152021865,0.28434144858362864,0.5213181529700357,0.6075261076448383,"[-0.5846529492945448, 1.1533358464618022]",-1.65508317826054,0.270258398548162,0.7202045575339596,"[-4.597485442090223, 1.287319085569143]",6.321952057161829
9142.0,24.0,0.0732715254850768,0.15229999061541633,0.6455183701274052,0.015197218440616913,0.03158191695888801,"[0.12435779911535627, 1.166678941139454]",0.5502317990700094,0.18928937855721606,0.6211815709445905,"[-0.2713172806673939, 1.3717808788074128]",21.898269343959875
9143.0,24.0,0.07306209026351479,0.1518962375540848,0.8006214762759726,0.015113876251340658,0.031421780148317376,"[0.15476858114440095, 1.446474371407544]",-2.7408286097369685,8.968902485404665e-11,9.68083416426532e-08,"[-3.5693969952639666, -1.9122602242099704]",10.46919411377582
9144.0,24.0,0.649954413943899,0.8765400053188118,0.2917326235156244,0.34879946720223654,0.47039712367125625,"[-0.3185490937018353, 0.9020143407330841]",-2.0984685649313644,0.04509865822548553,0.3008582936990362,"[-4.151098629912879, -0.04583849994984934]",8.015559480762782
9145.0,24.0,0.6426514285980887,0.8717463762860671,0.3177971585608009,0.3424908221656805,0.46458331818459103,"[-0.3383709312782967, 0.9739652483998984]",0.9251657059633196,0.3747624645758225,0.8058196345601851,"[-1.1177772666012329, 2.968108678527872]",20.466127313204034
9146.0,24.0,0.8929546458299821,0.9772952236291804,0.16626952311947424,0.6333138811062584,0.6931310945674274,"[-0.5168248161803091, 0.8493638624192574]",-1.6759036883069225,0.4064365032799856,0.8239061166191282,"[-5.6325242348764935, 2.280716858262649]",6.401480547359658
9147.0,24.0,0.8205973700687462,0.952702964066887,0.23243317552983864,0.5278991935797966,0.6129097800763923,"[-0.48928575032420807, 0.9541521013838854]",-0.8228036413804389,0.6024628281900604,0.91161020243821,"[-3.9189503090543343, 2.2733430262934564]",3.1428784012729927
9148.0,24.0,0.4014611875681207,0.6640029381442979,0.47599849222092355,0.16793237170473585,0.2777167613626948,"[-0.20059501361788618, 1.1525919980597332]",1.0997508426805673,0.12087309935511338,0.5053223217187014,"[-0.2898728041400578, 2.4893744895011922]",19.799261213229848
9149.0,24.0,0.9711120756202049,0.9936899468403179,0.08705549235203354,0.808634487443951,0.8275804356285172,"[-0.6174617615147713, 0.7915727462188384]",2.7113788405708035,0.5219158746330039,0.8833474069819929,"[-5.586945493386425, 11.009703174528033]",13.64329571828123
9150.0,24.0,0.8031161224841807,0.9465322931489172,0.21718219604082664,0.505882407598257,0.5962781796301945,"[-0.42266910851226436, 0.8570335005939177]",1.9703209637283665,0.17816571458593677,0.6050245770149105,"[-0.8978373812092584, 4.838479308665992]",16.47392829948104
9151.0,24.0,0.5833563325527155,0.8293502717358707,0.3653552680577376,0.29333244333740327,0.4171930921351808,"[-0.3160840608310069, 1.046794596946482]",-2.85053298962153,0.003723127815455096,0.06334967716752332,"[-4.776590092306502, -0.9244758869365584]",10.888233977874837
9152.0,24.0,0.6983828809569419,0.8997460460666605,0.2512493800968421,0.39307067726296785,0.5064691112781443,"[-0.3253361342659546, 0.8278348944596388]",0.32604064158967017,0.7871043944761693,0.9611891631115267,"[-2.040093111105281, 2.6921743942846215]",22.754616485811624
9153.0,24.0,0.8043145129841298,0.9466091778980774,0.2364778531463512,0.5072318619631097,0.5970243196364284,"[-0.4624367310364864, 0.9353924373291888]",-0.19706810808688413,0.8996329327129735,0.9819188762660309,"[-3.259476177730198, 2.8653399615564297]",0.7527447246670925
9154.0,24.0,0.3207064673308659,0.563730826737328,0.5277035708680258,0.12177329412448985,0.2140504379055895,"[-0.14070663107645787, 1.1961137728125095]",-1.1708796920252684,0.06274219544241355,0.3637767167653004,"[-2.404014955747253, 0.06225557169671636]",4.472430978041701
9155.0,24.0,0.7853095391376811,0.9397892930302288,0.27302070713144455,0.484529780554686,0.580066779067025,"[-0.4924778596387802, 1.0385192739016693]",1.7075007468203358,0.2154728762003345,0.6542767589910653,"[-0.9943306323936572, 4.409332126034329]",17.477827579450576
9156.0,24.0,0.659680079404328,0.8805654487825544,0.33536171214707444,0.35744586539325196,0.4771033974816497,"[-0.3789028712558574, 1.0496262955500062]",2.5436990011672425,0.020995075286152885,0.18914482239777372,"[0.38364670727919403, 4.703751295055291]",14.283785525431597
9157.0,24.0,0.7280391137655204,0.9150478185522077,0.2810461223842346,0.42225568676820324,0.5311072384986301,"[-0.40534722414305185, 0.9674394689115211]",0.07165112069041069,0.9558578444683573,0.9929958907836665,"[-2.4654389076496295, 2.608741149030451]",23.726312879137133
9158.0,24.0,0.33120917641829506,0.5776172225916575,0.4816831213395797,0.12747086283636616,0.222268287421737,"[-0.13773138655143757, 1.101097629230597]",0.40245786974019815,0.5503302207477276,0.893538270413586,"[-0.918233013634796, 1.7231487531151923]",22.46272417547072
9159.0,24.0,0.7356248410480648,0.9190307033624343,0.3078748075507648,0.4301425180529497,0.5374765938434958,"[-0.45697115141682954, 1.0727207665183591]",1.277961429731568,0.29783116653608344,0.7470401704647027,"[-1.1279255018906351, 3.683848361353771]",19.11854691305844
9160.0,24.0,0.09962835575693962,0.202167929701582,0.683271373722839,0.023583592834580013,0.04785631662861204,"[0.0917172976227354, 1.2748254498229425]",0.622210270650065,0.16412709863379515,0.5811866098930424,"[-0.2542997517064166, 1.4987202930065466]",21.623331834803906
9161.0,24.0,0.7624136396350295,0.9298352270236534,0.2910137127882629,0.45894479350576145,0.5597826931568315,"[-0.4791558148533008, 1.0611832404298265]",0.757783868875717,0.575470209825769,0.9020009203830158,"[-1.8943468647166073, 3.4099146024680413]",21.105478835355097
9162.0,24.0,0.9634048007727001,0.9923284751869268,0.10857361887048697,0.7846507790370933,0.8085015755147793,"[-0.6701637259721178, 0.8873109637130918]",-1.7711916850206801,0.6160498411085897,0.9174210890671123,"[-8.693968599633198, 5.151585229591837]",6.76545388402331
9163.0,24.0,0.31099907657487946,0.5503434375772066,0.5064795715169361,0.11671805220872648,0.20647099276265077,"[-0.12632609215020218, 1.1392852351840745]",0.8126997397663605,0.2014045072997187,0.6353745270772547,"[-0.4341002933077396, 2.0594997728404607]",20.895715660000484
9164.0,24.0,0.3593611431441526,0.6146077358374424,0.4003289240634091,0.1432583394005135,0.2449279182775064,"[-0.13570698891426175, 0.93636483704108]",0.5440276017825063,0.43407640910416956,0.8409074178693715,"[-0.8190849467259687, 1.9071401502909813]",21.921967631949236
9165.0,24.0,0.6688842403408763,0.8853560449587597,0.35367039756329544,0.36551589205969637,0.48387065403719404,"[-0.41235641561616543, 1.1196972107427563]",1.8398745131832746,0.08528099860310057,0.4251236536262876,"[-0.2556723750042975, 3.9354214013708466]",16.972197037394096
9166.0,24.0,0.564150165973773,0.8151396122945892,0.40551074814276045,0.27834049156721186,0.4022261438832542,"[-0.3276500148036897, 1.1386715110892105]",-0.03290977467302714,0.9726123196103373,0.9946639642340541,"[-1.9116749442849237, 1.8458553949388694]",0.12570607956606558
9167.0,24.0,0.3602031087760032,0.6154162118161681,0.495663917495644,0.14351395624395363,0.24523915967866305,"[-0.1684484936918469, 1.1597763286831348]",-3.0573726984191043,1.6628502114807222e-05,0.0015255506527346076,"[-4.449020782264922, -1.665724614573287]",11.678303467862568
9168.0,24.0,0.7554669353659699,0.927294630374334,0.23309535385507488,0.4513670401144978,0.5539605303319807,"[-0.37351133380568025, 0.8397020415158299]",-2.305079995912695,0.08135621805734376,0.41620122333378334,"[-4.897282616051154, 0.28712262422576407]",8.804757013722032
9169.0,24.0,0.4035313195739645,0.666223080029659,0.5513852417884091,0.16899202038669503,0.27909499650981834,"[-0.2343178561000716, 1.3370883396768898]",1.4706006568557823,0.03568744567759337,0.2627281442919216,"[0.0983729124576207, 2.8428284012539438]",18.382719267533137
9170.0,24.0,0.5112439117588556,0.7694821068014083,0.40981180972641573,0.23969443333767582,0.36076826209764573,"[-0.2733400292220679, 1.0929636486748993]",-2.004548026418618,0.015682504589610857,0.15921324456457722,"[-3.630575039141668, -0.37852101369556834]",7.656809449671031
9171.0,24.0,0.5041381640241224,0.763899417800088,0.32971062666899215,0.23469414084500306,0.3556510696241901,"[-0.21408456212047128, 0.8735058154584556]",-0.4223002150160484,0.6247109532598744,0.9195245607783346,"[-2.114285354056351, 1.2696849240242545]",1.6130680005257845
9172.0,24.0,0.8298732222938555,0.9545027190323622,0.19193305804086158,0.5398878244056418,0.621098966451074,"[-0.4217578724282055, 0.8056239885099287]",-2.6394462707357054,0.11299464241965194,0.4934263861120172,"[-5.90356379522232, 0.6246712537509098]",10.081942104313358
9173.0,24.0,0.9179738601835371,0.9852676399952099,0.12978763129627235,0.6786324583519182,0.7283866485998636,"[-0.4841652402907187, 0.7437405028832634]",1.0900368053163625,0.6443054184626111,0.9277255845393969,"[-3.5374065733816327, 5.717480184014358]",19.83636610276327
9174.0,24.0,0.4708813796921584,0.7335743568969596,0.48344391435037215,0.2121367659418576,0.330482576634768,"[-0.27597261635105863, 1.2428604450518028]",-0.7302432998437913,0.36425705134422326,0.7986341840478475,"[-2.307755761146665, 0.8472691614590824]",2.7893239399170353
9175.0,24.0,0.8076445133915913,0.9477552101391977,0.23466923177113633,0.5113393729701696,0.6000931498300313,"[-0.46565925170336697, 0.9349977152456396]",-1.792170003234829,0.22297516510340432,0.662664232788248,"[-4.674518712206018, 1.0901787057363603]",6.845585157020186
9176.0,24.0,0.8508014910860684,0.9628946021268826,0.20706432941614067,0.5683055949745888,0.6432434578093817,"[-0.5042485199905509, 0.9183771788228321]",-1.6502599929627229,0.3280661848317461,0.7695511873942718,"[-4.957413087159697, 1.6568931012342514]",6.30352884640353
9177.0,24.0,0.8273611344217963,0.954177025881037,0.19053366053617649,0.5365923390965588,0.6188355888554479,"[-0.41376196613093796, 0.7948292872032909]",2.6226309825406835,0.11198032468315985,0.49103821403013537,"[-0.6115508601039354, 5.856812825185303]",13.982287565344702
9178.0,24.0,0.5318240711425595,0.7883546859510221,0.39528385278656847,0.2542496601840698,0.376945382037168,"[-0.28426206539099447, 1.0748297709641315]",-1.5027711925148726,0.07509708067426663,0.3999646345594326,"[-3.157597567493048, 0.15205518246330296]",5.740163126996261
9179.0,24.0,0.6812110131907224,0.8900065497657728,0.3456280879943525,0.3768478874048191,0.4923541774298656,"[-0.420926163579596, 1.112182339568301]",-0.29638427726084515,0.7997317263495956,0.9642437759616215,"[-2.586157735203914, 1.9933891806822235]",1.1321045467387763
9180.0,24.0,0.3633062213745301,0.6184988446961697,0.5192686384717338,0.14557448850047502,0.24782854698752982,"[-0.1800498283371207, 1.2185871052805881]",-0.8218914302542917,0.23033632228101175,0.6711431301894282,"[-2.164856884994389, 0.5210740244858061]",3.139394011436118
9181.0,24.0,0.30726589305542823,0.5454746903167552,0.44361046967737855,0.11467786636030085,0.20358222325634803,"[-0.10754907216031723, 0.9947700115150744]",1.0444558378731044,0.0930877821991327,0.4415928946827927,"[-0.1745398590750773, 2.263451534821286]",20.010472573471397
9182.0,24.0,0.986120612207319,0.9960814264720393,0.05368463259733844,0.8672347404051992,0.875994687277979,"[-0.5757267917466607, 0.6830960569413377]",-1.131790745376735,0.8462464036351076,0.9708072590103425,"[-12.571478395062288, 10.307896904308818]",4.323122200136834
9183.0,24.0,0.7250631984505631,0.9138684124660488,0.24226209989616065,0.4195686962901186,0.5287570211595698,"[-0.34599705603406006, 0.8305212558263814]",-2.397958777833951,0.05368635013298845,0.33561257601175065,"[-4.833956241690059, 0.038038686022156654]",9.159527827748962
9184.0,24.0,0.9222334251724783,0.9861488829547715,0.14266191760909397,0.6870037096479876,0.7348300670771304,"[-0.5512948067976354, 0.8366186420158234]",0.48331419370860473,0.8488940183435802,0.9708072590103425,"[-4.488498973507841, 5.455127360925051]",22.153875768115242
9185.0,24.0,0.551238344099258,0.8042578700018354,0.34859841018697213,0.2688304665791139,0.3922575786238836,"[-0.2692937239846569, 0.9664905443586012]",2.0788055566793853,0.0189907959976584,0.1776501028780019,"[0.34185544027600057, 3.81575567308277]",16.05954767826184
9186.0,24.0,0.6397061557052619,0.8699934118118617,0.34058271581328375,0.3399253884621626,0.4622178981708627,"[-0.35890484898332703, 1.0400702806098945]",-2.170749104365137,0.035671198802773266,0.2627281442919216,"[-4.19611195629003, -0.14538625244024272]",8.291650804128388
9187.0,24.0,0.6970861782992552,0.899304543719857,0.25199214908325523,0.39174145446947106,0.5054076305889189,"[-0.32467636892289126, 0.8286606670894017]",1.3938425320398489,0.21584590279115246,0.6542767589910653,"[-0.8134708283330703, 3.601155892412768]",18.67591370721923
9188.0,24.0,0.3446600743192499,0.5960908298279872,0.47981803870691986,0.13480347117758812,0.23314332614594968,"[-0.14905058443975439, 1.1086866618535942]",-1.8016540665220129,0.005292546436210949,0.07911130696877353,"[-3.067913957810343, -0.535394175233683]",6.881811610286227
9189.0,24.0,0.3668806280178591,0.6226758791884914,0.44952878780061917,0.1473762956633822,0.2501294902637173,"[-0.15857647374799438, 1.0576340493492327]",1.3680191978528393,0.04003353892777104,0.282323969871446,"[0.062250789674785256, 2.6737876060308934]",18.774551578010666
9190.0,24.0,0.36671432640727486,0.6224992809493717,0.49528301009157477,0.1472529698900154,0.25000504225809067,"[-0.17451262883479207, 1.1650786490179417]",-1.69810048520974,0.010635965727549141,0.12363313917761266,"[-3.0010160462084654, -0.39518492421101503]",6.4862660661090255
9191.0,24.0,0.4353641428925275,0.6986169497883861,0.4696693221182356,0.1887309169524194,0.3029568195993056,"[-0.23070736299058675, 1.170046007227058]",-1.6834280365251928,0.021609290869195965,0.19242467381296496,"[-3.119744804480436, -0.24711126856994947]",6.430221440459236
9192.0,24.0,0.4704673626145794,0.7332720739005291,0.5553014680441565,0.21180077911989137,0.3301134337903544,"[-0.31635122249869896, 1.4269541585870118]",-1.0107154429357506,0.19937677561186484,0.6334828573649154,"[-2.5543302113739226, 0.5328993255024215]",3.86064861126094
9193.0,24.0,0.12163623266547291,0.24244814164933806,0.6533855234332864,0.031163513282203407,0.06211583273311422,"[0.059128054988460854, 1.247642991878112]",-0.03170072956481729,0.9475843148009965,0.9904717411947283,"[-0.9768130133331532, 0.9134115542035186]",0.12108786743664143
9194.0,24.0,0.9347342587308394,0.9878137795754037,0.1366849474749041,0.7130246427605822,0.7542976599465566,"[-0.5916994875853645, 0.8650693825351727]",-2.682816748918651,0.33508115089139634,0.7759432255686499,"[-8.137803737346813, 2.7721702395095114]",10.247605128003158
9195.0,24.0,0.6928775066563427,0.8970449335271139,0.23924660576389958,0.387958392898214,0.5022765314580709,"[-0.3039026438273861, 0.7823958553551852]",-2.6075408134758185,0.027117517483387716,0.22082668960413449,"[-4.92025471389659, -0.2948269130550476]",9.96007223468492
9196.0,24.0,0.9109495755462542,0.9835344154029952,0.11364956605019577,0.6653690049803163,0.718385883157327,"[-0.40136232766504437, 0.6286614597654359]",2.4761298635883104,0.28859204737324917,0.7386538197421274,"[-2.097046897676508, 7.049306624853129]",14.541880619339038
9197.0,24.0,0.202334868129366,0.3845208440314823,0.534453195994565,0.06383614308383198,0.12131536123875329,"[-0.03075280340738451, 1.0996591953965145]",0.6300362403540793,0.2484964732167192,0.695756657100674,"[-0.44001462112327183, 1.7000871018314305]",21.593438832494755
9198.0,24.0,0.9280307809491456,0.9875819739801486,0.12321721417171409,0.6988531749189245,0.7436981748631739,"[-0.5010284287310601, 0.7474628570744882]",0.8042665561545377,0.7553463284496726,0.9553874318273853,"[-4.254608366424638, 5.863141478733714]",20.92792804858824
9199.0,24.0,0.9497546746270966,0.9910375982810451,0.1285080413867873,0.7478662628704693,0.7804093320155163,"[-0.6550287185401993, 0.9120448013137739]",-1.426843728914366,0.6341431884356337,0.922792765476766,"[-7.303167004333714, 4.449479546504982]",5.450141579433448
9200.0,24.0,0.9987686541994579,0.9992682883436297,0.014691467458005725,0.9604345265719882,0.9609149840640202,"[-0.5657505735043836, 0.5951335084203951]",-0.9265634627258086,0.9629432658002839,0.9938808419181301,"[-40.014249432854704, 38.161122507403086]",3.5392117243477332
9201.0,24.0,0.4173101370503202,0.6804744751952677,0.4397216039439486,0.1776061108561019,0.2895885276874591,"[-0.1995473884501911, 1.0789905963380884]",1.127632177233325,0.11931370964204294,0.5038585711234921,"[-0.29123812293168805, 2.546502477398338]",19.69276236009216
9202.0,24.0,0.8052106207789198,0.9468610310194259,0.21872233881356315,0.5085150867810729,0.5979716448507443,"[-0.4296734248672748, 0.8671181024944011]",-2.6260610715225785,0.08871049043204633,0.4334853063641949,"[-5.649716247592422, 0.39759410454726485]",10.030814409456426
9203.0,24.0,0.9669387183583191,0.9925464158882357,0.07204622399322679,0.7953399239214587,0.8164031245344475,"[-0.4723538735066156, 0.6164463214930692]",-2.0342683957016465,0.5892105238594656,0.9077706636973603,"[-9.418041061053923, 5.349504269650629]",7.770332898036883
9204.0,24.0,0.8501320309625732,0.9627484139121946,0.18103443852529078,0.5673557673295858,0.6426775796664995,"[-0.43933605681909327, 0.8014049338696748]",-3.074565986677478,0.09051245007694544,0.4366254224647633,"[-6.634580209260454, 0.48544823590549724]",11.743976991406347
9205.0,24.0,0.9529079329945307,0.991078205928571,0.10705046337791664,0.7558989694694371,0.7862692838495086,"[-0.5678767555807823, 0.7819776823366157]",0.2985565588014376,0.9283619617269316,0.9892015094756179,"[-6.210024630759078, 6.807137748361953]",22.859597948981882
9206.0,24.0,0.07700564415495939,0.15949802020496973,0.8470674696117824,0.016333769068896727,0.03383133609962039,"[0.1557033425116825, 1.5384315967118822]",0.9100181515847012,0.027375405478872267,0.2215051159848863,"[0.10153965969037149, 1.718496643479031]",20.52398670892668
9207.0,24.0,0.8737457081932087,0.9718003650241449,0.1749141298868412,0.6022644470035226,0.6698525714642671,"[-0.48291459402358994, 0.8327428537972723]",-0.017389404994853308,0.9930421082208922,0.999042938587908,"[-3.9257056754870425, 3.890926865497336]",0.06642263429658717
9208.0,24.0,0.5177451642313441,0.7756663955145633,0.35357140971840517,0.24442701316920434,0.36612794063691484,"[-0.2417822314320468, 0.9489250508688571]",-0.6464180739903593,0.4565580267692463,0.8520462075951002,"[-2.348111937250562, 1.0552757892698432]",2.4691351627081977
9209.0,24.0,0.811839771989959,0.9483881469170031,0.29318912880213266,0.5165504047399276,0.6034467345092612,"[-0.5926825150984799, 1.1790607727027451]",-1.359894775831652,0.36090470173361844,0.7966009934074046,"[-4.277167827615871, 1.5573782759525678]",5.194415415802856
9210.0,24.0,0.6517408911147502,0.8774230720944142,0.3609881011309527,0.3504561599658921,0.4717406918372487,"[-0.3967713485571801, 1.1187475508190854]",0.780321704792839,0.46642646624535145,0.8568927430895292,"[-1.3196239795020985, 2.8802673890877766]",21.0193906435278
9211.0,24.0,0.9818953006171199,0.9951833994356919,0.08291696881802446,0.8484409884397263,0.8600335426549469,"[-0.7674623019896097, 0.9332962396256587]",2.5076951541309684,0.6356626265798578,0.9241223256083614,"[-7.8664805604018815, 12.881870868663817]",14.421310090859135
9212.0,24.0,0.8338306749122206,0.9557184058748653,0.1940033130292056,0.5449462832139351,0.6247234703816751,"[-0.4341280718546112, 0.8221346979130224]",-0.09576489676550715,0.9554834344616261,0.9927885629812778,"[-3.4581491324551323, 3.266619338924118]",0.3657949606779725
9213.0,24.0,0.6828102806368158,0.8910965411863737,0.24489435139252524,0.37856868075558225,0.4939570469149038,"[-0.30020973909629256, 0.789998441881343]",0.8649220123040751,0.44352819112378195,0.8471322596985049,"[-1.347434699308792, 3.077278723916942]",20.696241272467617
9214.0,24.0,0.9141456150985575,0.9842673633976802,0.17744657756504614,0.671348704887468,0.7228908203806051,"[-0.642234717611492, 0.9971278727415842]",-0.6146108053861692,0.7968394426330423,0.9628316126547152,"[-5.29382519610363, 4.064603585331292]",2.3476403461175934
9215.0,24.0,0.1275563655116685,0.2533896811912366,0.6978645148686388,0.03344611104962026,0.06644042719431915,"[0.054709498033310044, 1.3410195317039675]",0.9086917480426004,0.051088973311095194,0.3260241270234306,"[-0.004300603474046372, 1.8216840995592474]",20.52905319725292
9216.0,24.0,0.8568939781183672,0.9649685293156162,0.24178569316408244,0.5773077930123457,0.6501213885274163,"[-0.6085157144858262, 1.0920871008139912]",-0.7249507314905372,0.6875656443036273,0.9372486972514004,"[-4.258057657675677, 2.808156194694602]",2.7691078179553044
9217.0,24.0,0.7444885245276285,0.9237571446140801,0.31174129413660606,0.43938288189002983,0.5452180410449399,"[-0.478446849534576, 1.1019294378077882]",-1.8236679982924615,0.14473111780117703,0.5451266207200641,"[-4.274525573899382, 0.6271895773144593]",6.9658986356819375
9218.0,24.0,0.7093000932040426,0.9059252708516119,0.2815672621995317,0.4038749062642246,0.5158354216512441,"[-0.3795659791173683, 0.9427005035164318]",0.7763176107850054,0.5172721423180136,0.8812131896388647,"[-1.5733702626881354, 3.126005484258146]",21.034685156022633
9219.0,24.0,0.5469717946038496,0.8010717554245015,0.4225239994045654,0.26566696905617615,0.38902763077489555,"[-0.32146521522077987, 1.1665132140299108]",-2.1149191093964106,0.016552208932221823,0.1643714888999188,"[-3.8445892064028975, -0.38524901238992393]",8.078395931998745
9220.0,24.0,0.7947997299430678,0.9437448976340048,0.2460401618261585,0.4959829730393315,0.5888436103993012,"[-0.46226327667306366, 0.9543436003253807]",-0.9204874225975326,0.5266314981240141,0.8839273529919359,"[-3.7698973392602055, 1.9289224940651404]",3.5160029606475773
9221.0,24.0,0.9673786303041835,0.9927079507475884,0.08268524228541012,0.7966904321388611,0.8176215436564667,"[-0.5463503223234663, 0.7117208068942864]",-2.713355506167909,0.49545910169272656,0.871424115982267,"[-10.515107729323029, 5.08839671698721]",10.364254588133626
9222.0,24.0,0.5976768924870048,0.8402403713357678,0.3545325993532614,0.3047560158419459,0.4285095772348717,"[-0.3225398808836747, 1.0316050795901974]",2.804711703710802,0.0052191688466863475,0.07848374205543379,"[0.8366601221174126, 4.772763285304191]",13.286790441761626
9223.0,24.0,0.7509637089809074,0.925343030136884,0.2307449618880982,0.44619535777320296,0.5499080081010636,"[-0.3629380327329357, 0.8244279565091321]",1.4956174448282242,0.23660984540335928,0.6783539145738512,"[-0.9812298855603006, 3.972464775216749]",18.287162176346833
9224.0,24.0,0.8546597758733394,0.9640672485968225,0.2640286344838444,0.5738351873215102,0.6473042158167064,"[-0.6560911379729432, 1.1841484069406318]",1.4059563600440175,0.4121904852571887,0.8271241167372688,"[-1.954376318746709, 4.766289038834744]",18.629642292660147
9225.0,24.0,0.7458415185614082,0.9237571446140801,0.28301828092350695,0.44095056799587684,0.5460980199825648,"[-0.43682799120695454, 1.0028645530539684]",-0.4643066611262867,0.726608709886803,0.9490709376786874,"[-3.067051532831249, 2.1384382105786757]",1.7735208054898104
9226.0,24.0,0.9532348977408817,0.9910947158877954,0.0931656965890924,0.7568282639841473,0.7868873611812719,"[-0.4965397442977371, 0.682871137475922]",1.01349311540317,0.7495826133181778,0.9551730187504387,"[-5.209795305797568, 7.2367815366039085]",20.128741461455537
9227.0,24.0,0.9883075010108076,0.9965715870808359,0.05480117683671069,0.8781459896550157,0.8854956031612541,"[-0.6457492172549875, 0.7553515709284089]",-2.133626935523978,0.7394433315816987,0.9524292550958041,"[-14.707138668073599, 10.439884797025643]",8.14985456406369
9228.0,24.0,0.720471488307018,0.9117731807377712,0.29719282066346525,0.4147057288648497,0.5248775203959621,"[-0.41695411390492493, 1.0113397552318555]",-1.8621758954940644,0.11677589440793693,0.49852374971028296,"[-4.189183537991905, 0.46483174700377683]",7.112987968186969
9229.0,24.0,0.5399710558672202,0.7954350620728781,0.3853962182354944,0.2604273960091533,0.38371503758531506,"[-0.2858096705859866, 1.0566021070569755]",2.685751679987274,0.003155992189347651,0.056457820918562635,"[0.9026348839780802, 4.468868475996468]",13.741184261103914
9230.0,24.0,0.7123038628243556,0.9076409081518789,0.3325507891877964,0.4065730033445336,0.5181526803722749,"[-0.4527927058661784, 1.1178942842417712]",-1.2989608059285311,0.2652157214394314,0.7149504046858919,"[-3.584040090562259, 0.9861184787051966]",4.961664795507789
9231.0,24.0,0.3430472844048916,0.5939881281384879,0.6600081012468292,0.13405739674414147,0.23209383092822275,"[-0.20336972602327674, 1.523385928516935]",2.080359327195076,0.0014703913885791905,0.03395823068312218,"[0.7983361137346583, 3.362382540655494]",16.053612712069775
9232.0,24.0,0.32592019780672804,0.5710884839788472,0.4405897899374886,0.12450587352004348,0.21820167108314667,"[-0.12156229641701505, 1.0027418762919922]",-0.24008931960379165,0.7215143424630514,0.9477398429831227,"[-1.5602895635954002, 1.0801109243878169]",0.91707364796432
9233.0,24.0,0.9280145537311478,0.9875819739801486,0.16013958530032932,0.6987154297899255,0.7436307256172047,"[-0.6507729535782557, 0.9710521241789144]",-2.7451612935620036,0.3010309863631796,0.7501149821647681,"[-7.947527542245249, 2.4572049551212416]",10.485743746918429
9234.0,24.0,0.857893592690284,0.9652149455546273,0.15082830323013216,0.578530948408259,0.650985651410216,"[-0.3813069031372579, 0.6829635095975223]",-1.7873157096763599,0.30385511033358703,0.7514276816848787,"[-5.194308245041843, 1.6196768256891234]",6.827043121458998
9235.0,24.0,0.9947956895507019,0.9984605798120694,0.030363956899477035,0.9186668620798597,0.922078552724942,"[-0.5524430664100844, 0.6131709802090385]",-2.632912125084075,0.7921855224761019,0.9628316126547152,"[-22.21897978368789, 16.953155533519737]",10.056983506409212
9236.0,24.0,0.6728003717654714,0.8871149670238285,0.3376067384789561,0.3692931828100432,0.4868730162294571,"[-0.3994153465855575, 1.0746288235434698]",2.1619909921154683,0.048894169303192125,0.3179074727125626,"[0.010482627814259793, 4.313499356416677]",15.741802720432135
9237.0,24.0,0.40123656480502606,0.6638593064279054,0.41547866948313134,0.1676110333674079,0.27736394732319697,"[-0.17464449698676637, 1.005601835953029]",-1.442427373567008,0.03883683359746338,0.2764187444659315,"[-2.810881760964172, -0.07397298616984416]",5.509666717301981
9238.0,24.0,0.7259798419599891,0.9142171539604447,0.3054305005628687,0.42026544412997446,0.5292997415570658,"[-0.4373261826413787, 1.0481871837671162]",-1.2706849367830664,0.29043888300999887,0.7402083898549213,"[-3.6265235217163183, 1.0851536481501856]",4.853658931234501
9239.0,24.0,0.09487904438977415,0.19345045248486106,0.7256007126713402,0.021982420884559976,0.04479808617191762,"[0.10475600766008686, 1.3464454176825935]",0.49110344940282946,0.27081566924187517,0.7202045575339596,"[-0.38299500849088364, 1.3652019072965427]",22.12412300299342
9240.0,24.0,0.35902030816540154,0.6141298463315114,0.45566458946465155,0.14312702478665518,0.24479897530041922,"[-0.15426489473933153, 1.0655940736686347]",-2.384797491332429,0.0004935047794638191,0.016616322540869328,"[-3.726293473594313, -1.0433015090705442]",9.10925541644898
9241.0,24.0,0.9422293044500456,0.9886639316868188,0.13106919879674994,0.7299287750618484,0.7659273610302711,"[-0.6130670104653603, 0.8752054080588602]",-0.9473434891076904,0.7405914600289072,0.9527742956759387,"[-6.555698201439067, 4.661011223223686]",3.618585578337889
9242.0,24.0,0.7268253904288986,0.9150478185522077,0.23306943493200613,0.4211437397896791,0.5302074024797673,"[-0.33478959323880986, 0.8009284631028222]",1.2400561801442365,0.3038098219701655,0.7514276816848787,"[-1.1235253962425071, 3.60363775653098]",19.263334301241382
9243.0,24.0,0.8040791830300051,0.9465322931489172,0.23725391343582516,0.5069413922184859,0.5968229246744594,"[-0.4634749759495751, 0.9379828028212254]",-2.9500477176716475,0.05888652362317715,0.3517713478087046,"[-6.010855601457067, 0.1107601661137716]",11.268352238985763
9244.0,24.0,0.8565214148994343,0.9647684330924018,0.15975502476668574,0.5765660661096309,0.6494323790376558,"[-0.4009717274331575, 0.720481776966529]",-1.298842172874072,0.4535201005742371,0.8510636664122461,"[-4.695082447132222, 2.0973981013840786]",4.961211650619039
9245.0,24.0,0.28457942099023137,0.5122941872011366,0.38640964797829164,0.10278558135910151,0.18503254970135286,"[-0.07779542826900099, 0.8506147242255843]",0.2512458690429593,0.6918725141741291,0.9378778828441495,"[-0.991282433188472, 1.4937741712743906]",23.040311472249456
9246.0,24.0,0.3288036865059427,0.5748316197656341,0.48101870099170835,0.12608643646877848,0.22043083298737498,"[-0.13529035514272453, 1.0973277571261413]",2.872356919665625,2.1269145728156172e-05,0.0018377076016684328,"[1.5480709891571176, 4.196642850174133]",13.028404749864137
9247.0,24.0,0.19565588770300296,0.3733178548044323,0.4379636546607646,0.06079783281674666,0.11600426028762957,"[-0.019855007706618855, 0.895782317028148]",-1.8726902740098765,0.0002898446565853331,0.011366457120993457,"[-2.8854362921554944, -0.8599442558642587]",7.153149935730907
9248.0,24.0,0.9408909617964956,0.9882270368621947,0.11691773668263662,0.7267544972108886,0.7633975811038746,"[-0.5388475229238852, 0.7726829962891584]",-2.7733275000259314,0.3462449697166119,0.7858981065298632,"[-8.544253021423506, 2.9975980213716427]",10.59333073060357
9249.0,24.0,0.41647618378659274,0.6799611163862738,0.32828740791731975,0.17706958668300743,0.28914040934521135,"[-0.14838751429781716, 0.8049623301324567]",2.731846819922507,0.0003281954095575023,0.01257453676465526,"[1.241207818117036, 4.222485821727979]",13.565113796146996
9250.0,24.0,0.6653224498130816,0.8830335944680203,0.3472678604624572,0.3622405775479395,0.4809993062646919,"[-0.39977363791487835, 1.0943093588397927]",-1.3991277239912403,0.1862396211220244,0.6176940176301067,"[-3.4737761103032287, 0.6755206623207481]",5.3442742389628535
9251.0,24.0,0.6755521930381583,0.887749373441559,0.34363971918147523,0.3718525821926807,0.4885210680972627,"[-0.4105764153098022, 1.0978558536727527]",-0.6896273577332064,0.5409676886359647,0.8901534294097935,"[-2.9005443286604895, 1.5212896131940767]",2.6341824689914226
9252.0,24.0,0.9759869636925954,0.9944981775987023,0.0700496325665015,0.8255281723125767,0.8413454670939429,"[-0.5527706273044688, 0.6928698924374719]",2.3356354270671678,0.6060757554001607,0.9134525326302346,"[-6.541446757116866, 11.2127176112512]",15.078529836521046
9253.0,24.0,0.3886493049419699,0.649480790344201,0.4654792733109092,0.16035609509083149,0.26797475783895636,"[-0.1843810449307992, 1.1153395915526176]",0.8543682639986052,0.2278998922215023,0.6680605799782208,"[-0.5343778194527093, 2.2431143474499198]",20.736553621530735
9254.0,24.0,0.9386315031099776,0.9880486751993395,0.14724246042029085,0.7216047668007238,0.7599039246005937,"[-0.6626870019240527, 0.9571719227646345]",-1.243651737705867,0.6477658281374382,0.9294020283387066,"[-6.578916825682939, 4.0916133502712055]",4.750399716977136
9255.0,24.0,0.9840374624003314,0.9954747198059007,0.06599007430703967,0.8576098074269378,0.8679382728741402,"[-0.6548877216065848, 0.7868678702206641]",1.2675353118456503,0.8144244276684275,0.966095377463714,"[-9.316570232622231, 11.851640856313532]",19.158371749829705
9256.0,24.0,0.8080066796478317,0.9479515751594272,0.23423398010242708,0.5117358675026639,0.6004175378419147,"[-0.46545227875900425, 0.9339202389638583]",1.500975101713859,0.30626157957029077,0.7519312044446127,"[-1.3744655198612294, 4.376415723288948]",18.266697434505094
9257.0,24.0,0.5037532922870658,0.7637940071109626,0.417856656606336,0.2342324078983985,0.3553091128945316,"[-0.27063893380678805, 1.10635224701946]",1.545633813351623,0.05605499236790828,0.34330300996503854,"[-0.03992785872098459, 3.1311954854242305]",18.096113721482716
9258.0,24.0,0.3259194564006298,0.5710884839788472,0.7307993600434336,0.12472392058812234,0.2185072189700812,"[-0.20217317624037434, 1.6637718963272414]",0.8141280552107935,0.21033349985853544,0.6491064669475473,"[-0.4597018505881263, 2.087957961009713]",20.890259896881858
9259.0,24.0,0.3335890528070502,0.5807608858061458,0.4478927917137511,0.12888649763975787,0.22438457109985702,"[-0.1302101888512704, 1.0259957722787727]",-0.9313650941503164,0.15270902620072896,0.5630555953701536,"[-2.2078731298192706, 0.3451429415186378]",3.5575526053745126
9260.0,24.0,0.17661078484291756,0.34022497561725595,0.6022879897012464,0.05279115567569492,0.10167788073130764,"[-0.007258282168377872, 1.2118342615708708]",0.8895293080020306,0.08248619772203057,0.41844112343356066,"[-0.11450547728473226, 1.8935640932887934]",20.602248326552733
9261.0,24.0,0.7204831674189869,0.9117731807377712,0.2582341729731543,0.41493395307330805,0.5250334721919626,"[-0.36259969412172577, 0.8790680400680344]",0.9193992264406701,0.4489266051518407,0.849596270386384,"[-1.460389052121276, 3.299187505002616]",20.48815364249046
9262.0,24.0,0.7388291607642311,0.9206055010923108,0.23945784454342742,0.43356016113737017,0.540194569072228,"[-0.35985303667964674, 0.8387687257665016]",0.4265586182824457,0.7446520983415164,0.9547509829752914,"[-2.1403498476798792, 2.9934670842447706]",22.370666097165596
9263.0,24.0,0.6855338228533683,0.8927803999695321,0.3073469776931646,0.381034494191656,0.4962425112967745,"[-0.3803181469408821, 0.9950121023272114]",2.61327729636409,0.024684200205853084,0.20920018316918432,"[0.3331241257477848, 4.893430466980394]",14.018016014731948
9264.0,24.0,0.5011636394822968,0.7619942823206581,0.38498626162925426,0.23257881317640472,0.3536304760482949,"[-0.24710933160903142, 1.01708185486754]",1.207329000777869,0.13800212246334703,0.5321286642954828,"[-0.3880096443770147, 2.8026676459327526]",19.38834291811208
9265.0,24.0,0.6362055831912069,0.8672093427249142,0.3833585952490342,0.33660621828008797,0.45890418306760455,"[-0.39859051323580913, 1.1653077037338775]",1.550051152776156,0.12166747248392813,0.5066249294290442,"[-0.4127477320176074, 3.5128500375699194]",18.079240727769218
9266.0,24.0,0.6461866657870476,0.8740520300108855,0.3589196899316059,0.3453242387536176,0.4670962244739857,"[-0.38652007907292557, 1.1043594589361374]",-1.8347301458561986,0.07346233806020677,0.39585510100895854,"[-3.8437303186103113, 0.17427002689791404]",7.008152926865475
9267.0,24.0,0.18918131659261153,0.36193096727111446,0.5909608228563404,0.05795242113730173,0.11088228544309618,"[-0.019918243024193538, 1.2018398887368744]",1.6931082883882649,0.0008611698209633814,0.02372026221221478,"[0.6972840753194567, 2.688932501457073]",17.532802721115587
9268.0,24.0,0.30963711603570665,0.5485157059977088,0.4697757130664308,0.11595993873146566,0.20538423438091688,"[-0.11595404963312689, 1.0555054757659885]",-2.166407412970317,0.0005515447429116895,0.01784934443079901,"[-3.395592264896048, -0.9372225610445861]",8.275066764603624
9269.0,24.0,0.3414621607428933,0.5917888401090006,0.46973204473749675,0.13296926359163405,0.23048927646322423,"[-0.1430205835486038, 1.0824846730235973]",-1.5988211891528579,0.01254927073805675,0.1363924532295681,"[-2.854126558253, -0.34351582005271575]",6.107047088969749
9270.0,24.0,0.09942202074072073,0.20179017808143035,0.7438653486412128,0.023482742977116517,0.04766134154072765,"[0.10031781129916517, 1.3874128859832604]",-0.438084655176044,0.33287702398125074,0.7741326139098854,"[-1.324792280540613, 0.4486229701885248]",1.673360120735421
9271.0,24.0,0.33401548764872324,0.5812692732712723,0.4362569385487953,0.1290225160650518,0.2245431884181201,"[-0.12702766278486788, 0.9995415398824585]",-0.4282979996576701,0.5261037551206347,0.8839273529919359,"[-1.7524228947892468, 0.8958268954739066]",1.6359778502853384
9272.0,24.0,0.9819408483045687,0.9951833994356919,0.06389681372716717,0.8485950965376361,0.8600335426549469,"[-0.5920908712023394, 0.7198844986566737]",2.7069464331521296,0.6141810100628389,0.9171561511352546,"[-7.817485803644374, 13.231378669948633]",13.66022626749273
9273.0,24.0,0.7151765461910401,0.9091997790376813,0.34244184216506074,0.40932414820117136,0.5204957823798094,"[-0.4710196104055204, 1.1559032947356418]",1.6191729091080997,0.1651026523127216,0.5826344688214795,"[-0.6670391569158585, 3.905384975132058]",17.81521506707908
9274.0,24.0,0.6809293047401435,0.8897547428983973,0.24101410721054606,0.37658960999445856,0.4920810270409755,"[-0.29323188669381905, 0.7752601011149112]",-1.8720191408317115,0.08753471676489769,0.4305691921539483,"[-4.019509405810616, 0.275471124147193]",7.150586395824236
9275.0,24.0,0.08607274155977598,0.17692238758432885,0.508756456903137,0.019100281329182178,0.039260598826684846,"[0.08327516409832103, 0.9342377497079529]",2.838039433878338,1.1617000997118382e-10,9.68083416426532e-08,"[1.9748744116720762, 3.7012044560845996]",13.159487889804918
9276.0,24.0,0.27056212511765726,0.4915736284841157,0.4853584618283822,0.09576171830927868,0.17398568006773016,"[-0.08572411640002903, 1.0564410400567934]",-0.31872709635944396,0.606722035329373,0.9135497973457457,"[-1.5322943485892802, 0.8948401558703922]",1.2174478291903763
9277.0,24.0,0.934374055942352,0.9878137795754037,0.12133811245601588,0.7121734888668744,0.7537822701808577,"[-0.523263261340176, 0.7659394862522078]",-0.29090564467347857,0.9172239211554227,0.9868519909818365,"[-5.776884895537291, 5.195073606190334]",1.1111777117548467
9278.0,24.0,0.3773902100558774,0.636193723937604,0.4605039374179349,0.15370631784617508,0.2590264877758259,"[-0.17218600229346498, 1.0931938771293348]",-0.6527159352160483,0.3566360503860616,0.793582666635651,"[-2.0405528693525046, 0.7351209989204079]",2.493191220587602
9279.0,24.0,0.48350353082134184,0.746377787621707,0.41175685826509395,0.2203531055553607,0.34015607526298347,"[-0.24672500939782688, 1.0702387259280148]",1.7914684970222874,0.023005998513240228,0.20056160673952028,"[0.24694747481447998, 3.335989519230095]",17.157094399331868
9280.0,24.0,0.5753733603979467,0.8245533969589377,0.4115092173367466,0.2869879405806698,0.41127535193561165,"[-0.3459844135587107, 1.169002848232204]",1.5164722509592732,0.0934192029519721,0.4419538536594276,"[-0.2552113976382526, 3.288155899556799]",18.207502684755323
9281.0,24.0,0.3085773648608521,0.5470618686773648,0.5485127887661423,0.11518030086120926,0.20422039159788877,"[-0.13392538931327158, 1.230950966845556]",-1.459341247268461,0.016993101149212608,0.16692633741859142,"[-2.6576771024686376, -0.2610053920682842]",5.57427295585602
9282.0,24.0,0.3660880251885248,0.6219704436917707,0.4270285878137041,0.1468963415462819,0.24961145547371605,"[-0.14995413923529732, 1.0040113148627055]",1.7097164342419182,0.010065405674943136,0.1192583610775253,"[0.4076429936770005, 3.011789874806836]",17.469364276918782
9283.0,24.0,0.6378130449605393,0.8681683886991963,0.25008342782940235,0.33806821573302037,0.4603305512983517,"[-0.2615658924684228, 0.7617327481272276]",-0.2512559606867475,0.8159792269525141,0.966095377463714,"[-2.3673340554804416, 1.8648221341069466]",0.959727074990371
9284.0,24.0,0.9244800267904992,0.9862215899768196,0.154982144901841,0.6915830944015411,0.7377673292100929,"[-0.6107188941233883, 0.9206831839270704]",-0.8091391357038411,0.7477722875749555,0.9550093072477082,"[-5.740703951017322, 4.1224256796096395]",3.0906838343128853
9285.0,24.0,0.6066591649368012,0.8461851335237257,0.3831924601908477,0.3120847167528269,0.43532531280907644,"[-0.3597842142105862, 1.1261691345922815]",-1.9776117695759732,0.040110297197581954,0.2825610583892092,"[-3.865961487537283, -0.08926205161466338]",7.553920527473435
9286.0,24.0,0.7283817028556392,0.9150478185522077,0.3261816746093027,0.42264716319859263,0.5312318501012964,"[-0.4711177906524443, 1.1234811398710498]",2.947141445710193,0.022579840886451596,0.19876620498636968,"[0.41420234207936035, 5.480080549341025]",12.742748902181473
9287.0,24.0,0.6749874834295961,0.887749373441559,0.21706143862509056,0.37129479662768605,0.48828879093593647,"[-0.25878700057038206, 0.6929098778205632]",0.5884104098782688,0.6042082644399884,0.9122878822889754,"[-1.6364272884647302, 2.8132481082212677]",21.752437792827486
9288.0,24.0,0.30637271048558185,0.5440822420273164,0.4477341258956165,0.11400690946948458,0.20249895110032787,"[-0.10751924339450941, 1.0029874951857425]",-1.5275203107592459,0.012124648894517847,0.1330916453843891,"[-2.721018450518883, -0.33402217099960874]",5.834697795134449
9289.0,24.0,0.7990417614747413,0.9452759511117251,0.22102442937134748,0.5009666209873938,0.5926494983880205,"[-0.422689507779632, 0.8647383665223269]",2.698459968872821,0.07633783415081526,0.4042144658105994,"[-0.28566211773384875, 5.68258205547949]",13.692642173238927
9290.0,24.0,0.13144883813483857,0.260397856843975,0.6301669259993377,0.034823424708788464,0.06898459728365385,"[0.044921884759433595, 1.2154119672392416]",-1.9323816650957522,2.6994061902453892e-05,0.00208101707628611,"[-2.8346916474086807, -1.0300716827828236]",7.381154254563273
9291.0,24.0,0.7436318864597508,0.9235007410284531,0.2474374298783995,0.4385836674431224,0.5447567599591633,"[-0.3786618624907144, 0.8735367222475134]",0.4135750490916079,0.7549534295122985,0.9553874318273853,"[-2.183522925043656, 3.0106730232268717]",22.420259678342337
9292.0,24.0,0.5832548182905324,0.8293502717358707,0.39474014212724345,0.29325009998756146,0.4171930921351808,"[-0.341380556681019, 1.1308608409355059]",-2.8543478098803647,0.0036769252365968772,0.06299216899404521,"[-4.78038561355845, -0.9283100062022793]",10.902805517903653
9293.0,24.0,0.7883692337886408,0.9408482491235958,0.22622414611887437,0.4884002717919108,0.5828165534509676,"[-0.4137234516029092, 0.866171743840658]",-0.8266946897385008,0.5655616707393734,0.8978594550553634,"[-3.6465538304167926, 1.993164450939791]",3.157741111192876
9294.0,24.0,0.9579376790141927,0.9913252039045252,0.0802317171841099,0.7693372259378783,0.7963329116425611,"[-0.4560192502856738, 0.6164826846538937]",0.6854448878125492,0.8418936679779246,0.9708072590103425,"[-6.049577376520623, 7.420467152145721]",21.381793389301514
9295.0,24.0,0.7431155483485112,0.9233543095781701,0.2858443617991384,0.43819174739168654,0.5444599546395062,"[-0.43681853231225143, 1.0085072559105281]",-2.4082771578442674,0.06294693479264625,0.3644871730900188,"[-4.94657704093622, 0.13002272524768532]",9.19894113614918
9296.0,24.0,0.521539122432039,0.7788900967344006,0.38323458659359255,0.2468607506791698,0.36869365316365343,"[-0.26540165244504266, 1.0318708256322278]",-0.18304699456618767,0.8379710961359141,0.9708072590103425,"[-1.9374927763963121, 1.5713987872639368]",0.6991880160797778
9297.0,24.0,0.5409104265674591,0.7961535964171124,0.2908848118509823,0.2611161573337639,0.38435258412273715,"[-0.2164524416932872, 0.7982220653952519]",-0.45060810140954466,0.6210046451374961,0.9177195404295999,"[-2.2368690431422924, 1.335652840323203]",1.721196161677994
9298.0,24.0,0.6560127260928308,0.8784316096583165,0.287964303555618,0.3539960669992316,0.47401722951155806,"[-0.3209690383652568, 0.8968976454764928]",1.8828844287617823,0.07177779216716318,0.390946580431172,"[-0.16673211593688952, 3.932500973460454]",16.807911261403262
9299.0,24.0,0.48967281606506163,0.751906366799358,0.3079917258421407,0.224565119266798,0.3448481561222328,"[-0.18905517439548902, 0.8050386260797704]",2.9075648314452756,0.0006449334389771726,0.01978323432445315,"[1.2373540227329833, 4.577775640157568]",12.893920433167942
9300.0,24.0,0.5457213535471095,0.7997089002741933,0.29208972295842367,0.2647239498021863,0.3878739191240825,"[-0.221214151208667, 0.8053935971255144]",1.0488181391085956,0.23303153527316778,0.6742147546764915,"[-0.674869467288066, 2.7725057455052573]",19.993809810154175
9301.0,24.0,0.8591684326990815,0.9658810152388988,0.20019548900527642,0.580363009928683,0.6524598200434885,"[-0.509531773914935, 0.9099227519254878]",-0.1442940403600721,0.938715379695229,0.9892015094756179,"[-3.8226804220839243, 3.53409234136378]",0.5511626347681662
9302.0,24.0,0.891651436659475,0.9767241063199419,0.15005916706366526,0.6312592495212634,0.6914878404220215,"[-0.4627283667872868, 0.7628467009146174]",-1.1307760217536522,0.5780823203525007,0.9032205836784882,"[-5.115544036445032, 2.853991992937727]",4.3192462414051755
9303.0,24.0,0.2968836469548538,0.5300547169342149,0.7012669249571539,0.10918749903030223,0.19490806681596254,"[-0.15677404905017467, 1.5593078989644824]",1.1605244928473155,0.05633961272563831,0.34470480437123285,"[-0.03135714061865302, 2.352406126313284]",19.567122969219234
9304.0,24.0,0.8646781478654885,0.9689315723827565,0.17222599461779198,0.5886924022757537,0.6595993302809565,"[-0.4520330141940089, 0.7964850034295928]",1.0331398750758973,0.5693814114324471,0.9003501129545338,"[-2.5258222969473727, 4.592102047099168]",20.053696367431865
9305.0,24.0,0.8961506242185754,0.9784880399724428,0.15851942742826755,0.6387542068449436,0.6976022371836809,"[-0.5033148506615911, 0.8203537055181261]",-0.10787813717196038,0.9610991917799555,0.9938808419181301,"[-4.442895099835708, 4.227138825491787]",0.4120641307791128
9306.0,24.0,0.42697755895840933,0.6906786783539459,0.5488057725428969,0.1837485927231176,0.29723162847479395,"[-0.2603708725698881, 1.3579824176556818]",2.293716262082341,0.002186247475729535,0.04526392289295103,"[0.8263353910264379, 3.761097133138244]",15.238649252143924
9307.0,24.0,0.5276822543533248,0.7846576272911894,0.38361788833609256,0.25149672842353354,0.3739172292945786,"[-0.2720576387124213, 1.0392934153846065]",2.6264364627806156,0.0031494170344258388,0.056441165491502486,"[0.8830803142087702, 4.3697926113524606]",13.967751701560134
9308.0,24.0,0.3946926441356766,0.6561806220044498,0.538441361268274,0.16372694029726986,0.272243000161739,"[-0.21934336168131285, 1.296226084217861]",-1.32040012775371,0.057174741662324474,0.3468492451597861,"[-2.6810594486463284, 0.040259193138908245]",5.043556972588154
9309.0,24.0,0.477538590540613,0.7405393479872306,0.41111628932043914,0.21626121226601325,0.33541247230301474,"[-0.24052370536118867, 1.062756284002067]",3.1184118349503085,0.00020676530938981035,0.008887352085194096,"[1.4712474262536825, 4.765576243646935]",12.088544204913378
9310.0,24.0,0.2717013758665741,0.4931252227367978,0.6784285976608673,0.09642896754804987,0.17497831099701744,"[-0.12142770731499597, 1.4782849026367306]",-0.5288667657627748,0.3882731281661288,0.8128805960587455,"[-1.7303224199387532, 0.6725888884132036]",2.02012224019606
9311.0,24.0,0.8675684677459703,0.9702174767903939,0.15284165807212555,0.5929965641504079,0.6631587610718048,"[-0.4076165015514598, 0.7132998176957109]",-1.101513519664179,0.5469779258615031,0.8921512410071817,"[-4.6860154114062205, 2.4829883720778625]",4.207471716890538
9312.0,24.0,0.8722925193406197,0.9711122638619929,0.2140938352334617,0.6001150112653626,0.6682051121983772,"[-0.5863412828703161, 1.0145289533372395]",-2.824982476391645,0.15107960895786574,0.5593469417173852,"[-6.681466391663973, 1.031501438880682]",10.790638206377134
9313.0,24.0,0.7487948285612576,0.924826405972736,0.23372415548358064,0.44412557704723865,0.5485028973939658,"[-0.3648956793761068, 0.832343990343268]",1.0439086534711794,0.4155416970558573,0.8288815882747501,"[-1.4690770887661984, 3.5568943957085573]",20.012562663927778
9314.0,24.0,0.8875380009922841,0.9754739687368751,0.19011227604289918,0.6245276343380131,0.6863695288911013,"[-0.5711872290273117, 0.95141178111311]",0.8349208576985223,0.6816564130888217,0.9356843168376249,"[-3.1543512816149493, 4.824192997011994]",20.810837241762126
9315.0,24.0,0.5174694917131344,0.7754675434034682,0.40920774738292504,0.24394539528019243,0.36568040065985974,"[-0.2791246829959814, 1.0975401777618314]",-1.4034432659831024,0.08992555282197993,0.4357585759523365,"[-3.025517558221382, 0.21863102625517694]",5.360758395125866
9316.0,24.0,0.7708794203623313,0.9337202281520485,0.1989384659182377,0.46804063741675883,0.5669096867935548,"[-0.3383743973859763, 0.7362513292224517]",1.438399759084481,0.27867601137979336,0.7290480098538186,"[-1.1640335295657267, 4.040833047734688]",18.505717636788322
9317.0,24.0,0.7128215762042889,0.9078216711720439,0.25303526597508463,0.4070123128549643,0.5183549577877793,"[-0.3450861529482966, 0.8511566848984659]",1.4449902687779295,0.2136371546438237,0.6529252892537399,"[-0.8323248898191564, 3.7223054273750154]",18.480543744103347
9318.0,24.0,0.5471344309881654,0.8010753015932143,0.37702195613017947,0.26555842655573236,0.3889256393610609,"[-0.28669556146278435, 1.0407394737231432]",-0.18869043328152735,0.8393721806986292,0.9708072590103425,"[-2.0132225328319455, 1.6358416662688908]",0.7207443641017575
9319.0,24.0,0.7418951506184617,0.9227551624607732,0.28912417095038817,0.43690292075213577,0.5434115929752932,"[-0.4397777827887876, 1.0180261246895639]",-0.6975993222317003,0.5900901597400671,0.9077706636973603,"[-3.2356648283786864, 1.8404661839152858]",2.6646331303375446
9320.0,24.0,0.6154147106998838,0.8527292652069889,0.36645709518077996,0.3192406550210154,0.4423676804556811,"[-0.35465598062981707, 1.087570170991377]",-1.9194914027795988,0.04894491443632132,0.3180306331144985,"[-3.8301048941782936, -0.008877911380904102]",7.331917079394466
9321.0,24.0,0.5060735261495779,0.7657338873499439,0.42338434332116315,0.23595116825245632,0.35706895921981885,"[-0.27678500857976895, 1.1235536952220953]",-1.293408911246642,0.11322365988236575,0.4939560215002053,"[-2.893942651154825, 0.3071248286615409]",4.940458119936231
9322.0,24.0,0.4400908616331684,0.7029082600753369,0.39209496633215796,0.19203256049942885,0.30666330325683305,"[-0.19697295954577282, 0.9811628922100888]",2.240307727626459,0.0031919729520686886,0.05685965626123895,"[0.7511622790084584, 3.72945317624446]",15.44265482643066
9323.0,24.0,0.8785477418040671,0.9730838056604282,0.16369802184389542,0.6099809882786613,0.6757294652472154,"[-0.46528032126822, 0.7926763649560109]",1.0342076487189633,0.5910425865776343,0.9079046234122109,"[-2.7381958751190814, 4.806611172557008]",20.04961777255033
9324.0,24.0,0.5794762467492329,0.8273504379629253,0.34124575175937655,0.2902158036903405,0.4143572297120795,"[-0.291128327185482, 0.9736198307042351]",-1.728330919862307,0.05794946205354761,0.3480356074018356,"[-3.514893877278005, 0.05823203755339135]",6.601737820671566
9325.0,24.0,0.7668817534745787,0.932568429722354,0.2493288253243321,0.463561544564252,0.5637377411701958,"[-0.4173545621985051, 0.9160122128471693]",-1.491008658961202,0.2562826858457613,0.7054299087414294,"[-4.065241327027908, 1.0832240091055043]",5.695233558395839
9326.0,24.0,0.6655174056637159,0.8830335944680203,0.38700576877942894,0.3623763045096092,0.4810661350089567,"[-0.44575523134888884, 1.2197667689077467]",1.5596472422565881,0.1398591484362242,0.5354870071966664,"[-0.5109480401099225, 3.6302425246230987]",18.04258636596531
9327.0,24.0,0.9973698230632227,0.9987680984009841,0.026752242090693833,0.9421467062691864,0.9434675608543824,"[-0.6957499458662889, 0.7492544300476766]",-1.367634955425725,0.9181036288838161,0.9874079467440474,"[-27.436910417182784, 24.701640506331334]",5.223980724030434
9328.0,24.0,0.4130742352999813,0.6767271220510833,0.4760679011563989,0.1748923671409447,0.2865678635768388,"[-0.211711384998661, 1.1638471873114589]",-2.8633404076616267,0.00017012031770724317,0.00798686937592691,"[-4.356026219497711, -1.3706545958255425]",10.937154711218655
9329.0,24.0,0.5769846410453459,0.8253578548877588,0.3849789627357373,0.2884239407723137,0.4126236634797049,"[-0.3257927714405229, 1.0957506969119974]",0.4043307474982356,0.6759616116050846,0.9341755514903409,"[-1.4916292742321509, 2.300290769228622]",22.455570309398755
9330.0,24.0,0.2890937322502582,0.5191124658830278,0.5785239017359061,0.10521206399006065,0.1889245178489148,"[-0.12136507972893473, 1.2784128832007469]",-2.644998255112581,2.7157443948707312e-05,0.00208101707628611,"[-3.880461212347278, -1.409535297877884]",10.103149122494527
9331.0,24.0,0.48656122592947065,0.749161830830262,0.39957893453667886,0.22258982684522322,0.3427095101543083,"[-0.24252920121161708, 1.0416870702849748]",-2.0354534207880537,0.01107285062874769,0.1262227791740768,"[-3.605847474574497, -0.46505936700161055]",7.774859360441433
9332.0,24.0,0.6329850780847361,0.8648518623920428,0.3014384889972396,0.3340039908440594,0.45640140100483323,"[-0.31011374858154717, 0.9129907265760263]",-1.9244511880088648,0.05557598035515098,0.3422166278026538,"[-3.894761322920708, 0.045858946902978426]",7.350862063456351
9333.0,24.0,0.9531144716663058,0.991078205928571,0.11924080122424668,0.7565483028866355,0.7866780730858226,"[-0.6346144638176807, 0.873096066266174]",-0.8482041099642208,0.7916046035979245,0.9628316126547152,"[-7.139938912913009, 5.4435306929845675]",3.2399010444400154
9334.0,24.0,0.47446824859579,0.7372098331196241,0.4115450694178619,0.21450992563231674,0.3332451850742842,"[-0.2382896812310848, 1.0613798200668085]",-0.6381463713814348,0.43344454595153914,0.8404091560909405,"[-2.234886383353996, 0.9585936405911262]",2.4375395861162823
9335.0,24.0,0.8455519260612467,0.9603230413825136,0.19307606312371395,0.5612085149696606,0.6373024244488538,"[-0.45819978261740235, 0.8443519088648302]",-0.8667398728466456,0.6123203830003492,0.9163729167919024,"[-4.218948720373842, 2.4854689746805505]",3.3107024433212273
9336.0,24.0,0.47239041411944754,0.7356960194976601,0.4025043815056035,0.21312086280297582,0.3319108647694353,"[-0.231130416448728, 1.036139179459935]",-0.9291764992713016,0.24218578016881864,0.686857005583717,"[-2.4863281154178143, 0.627975116875211]",3.5491927887324133
9337.0,24.0,0.2080475270638391,0.393880210268533,0.6453735583052941,0.066315040992354,0.12554911206428246,"[-0.04346652504688553, 1.3342136416574737]",2.0299371359097353,0.00013582989485448786,0.006860095699721609,"[0.987227999681453, 3.0726462721380177]",16.246211295699865
9338.0,24.0,0.6664583442028467,0.8835454649381502,0.33905972778142585,0.36324492525102714,0.48162944212546693,"[-0.39185245333371294, 1.0699719088965647]",-3.0241467942579527,0.00808360451298636,0.10443933479310542,"[-5.262051132195397, -0.7862424563205077]",11.551389862599894
9339.0,24.0,0.3061502053250351,0.5437836684281264,0.55909293197223,0.11404639203461574,0.20253310608171857,"[-0.13433672554059284, 1.2525225894850527]",2.7025232091086635,3.085463919510757e-05,0.0023025850145602664,"[1.4314012040386295, 3.9736452141786973]",13.677121738794824
9340.0,24.0,0.5761156959064007,0.8250660869761373,0.3963203937865495,0.2878836311285412,0.41220451192517354,"[-0.3345710034746352, 1.1272117910477342]",-0.9423401943979117,0.3108401115947863,0.7566701840184672,"[-2.764761786610311, 0.8800813978144875]",3.5994744003025256
9341.0,24.0,0.3425691405711566,0.5936044716187084,0.6111546542059622,0.13369329087922163,0.23162745470828863,"[-0.1875682152546302, 1.4098775236665544]",1.2366701399594078,0.05594180903813658,0.34323915573101693,"[-0.0313619176886053, 2.504702197607421]",19.27626802203154
9342.0,24.0,0.7749733829389646,0.9352804524969401,0.23534848883362838,0.47264337142021384,0.5704808345446154,"[-0.4069299128829612, 0.8776268905502179]",-3.0651955816206726,0.03407132478855442,0.2556228873059285,"[-5.900037812219333, -0.23035335102201193]",11.708184680600812
9343.0,24.0,0.8923955603254674,0.9769912868067611,0.1477918698930424,0.632514025590559,0.6924830584525499,"[-0.45796301919732607, 0.7535467589834108]",1.1221689431941488,0.5825640197142392,0.9046577798681021,"[-2.879354435490047, 5.123692321878345]",19.71363037695463
9344.0,24.0,0.3330969919050248,0.5801922930042358,0.5849575225411615,0.12835737846070547,0.22361912623816285,"[-0.16901266281039296, 1.338927707892716]",0.010700700733892177,0.9875076329311391,0.9971802816632729,"[-1.3287844060871672, 1.3501858075549515]",23.959126334007696
9345.0,24.0,0.8637993065709506,0.9683977725892569,0.17472699905307465,0.5874336943356746,0.658557953291115,"[-0.45646486517256024, 0.8059188632787095]",-2.2514440714615063,0.2181916478068313,0.657423017751728,"[-5.835109173942135, 1.332221031019122]",8.599882873632989
9346.0,24.0,0.8358265493011003,0.9562317494767936,0.1968020509958449,0.547891056554844,0.6268059221540374,"[-0.44508505133229526, 0.8386891533239851]",2.225301466413538,0.17681929820950693,0.6030671835249213,"[-1.00397987328027, 5.4545828061073465]",15.49997452201541
9347.0,24.0,0.831262057145638,0.9548988819733071,0.21653517346644396,0.5417634417293149,0.6225019438461622,"[-0.4790350719269953, 0.9121054188598832]",0.993208234563693,0.5382315315485675,0.8892239089696594,"[-2.16956304440471, 4.155979513532095]",20.206223998790726
9348.0,24.0,0.6055793070304909,0.8458373256674108,0.3024748210430987,0.3111758841334078,0.4346638973786951,"[-0.2828969060233058, 0.8878465481095033]",-1.938204212338758,0.04340730281034776,0.29589601800251447,"[-3.8190180684402, -0.05739035623731592]",7.403394746765924
9349.0,24.0,0.5255555525914016,0.7826552828270275,0.339671436268188,0.24978329640168495,0.3719781033532166,"[-0.23879561245865605, 0.918138484995032]",-0.24937421290426354,0.7814243444117938,0.9602166925679452,"[-2.0109202950465965, 1.5121718692380692]",0.9525393279207421
9350.0,24.0,0.29151486842538077,0.5225217215009514,0.43382030788729553,0.10641995241408629,0.19078514237017982,"[-0.09282847044707276, 0.9604690862216638]",1.1467015339082955,0.057557854269599446,0.34694306371066574,"[-0.036781405252307886, 2.3301844730688988]",19.619922783058467
9351.0,24.0,0.3253075866792742,0.5703148434068621,0.5300903220710058,0.12438187526379132,0.21806079113567903,"[-0.14603355774115923, 1.2062142018831707]",-0.8860149788893015,0.1700659923154484,0.5900971280896891,"[-2.151734974930153, 0.37970501715155014]",3.384327925048647
9352.0,24.0,0.0975271422100088,0.19830651120375925,0.5857906428687873,0.02279496663719873,0.046359500990845494,"[0.08152961423561877, 1.090051671501956]",-0.11151031853563076,0.8068114624307561,0.964880279922775,"[-1.0052490306153525, 0.782228393544091]",0.4259380416167385
9353.0,24.0,0.503138507707186,0.7634878720898118,0.2800761726809094,0.23401204190295266,0.3550478560202589,"[-0.18118340473376376, 0.7413357500955826]",1.1248290712299447,0.17025853942664138,0.590150916556816,"[-0.48277410414600586, 2.732432246605895]",19.703469436326927
9354.0,24.0,0.6961714452951877,0.8988656491868143,0.3017339409406279,0.3908775426933737,0.5046837220056472,"[-0.3875073559724599, 0.9909752378537157]",-2.942623505808683,0.01481537167136004,0.15284421574577522,"[-5.309371551222014, -0.5758754603953524]",11.239993838588509
9355.0,24.0,0.3291845873525536,0.5753969364666205,0.4930101611137563,0.12627072361387898,0.22071442687271275,"[-0.13897032825900868, 1.1249906504865212]",2.922240551248787,1.5954914038462018e-05,0.0014911134615385065,"[1.5949201695079032, 4.249560932989671]",12.83786331276409
9356.0,24.0,0.5883802348604239,0.8319856262166627,0.3156872336201544,0.2974865170622615,0.42049583037857835,"[-0.27820092835512455, 0.9095753955954333]",-2.139847068847873,0.023474383446465456,0.20271488295738735,"[-3.99100253580841, -0.28869160188733556]",8.173613723228215
9357.0,24.0,0.5089665835196633,0.7679768810165373,0.40995526411597066,0.23815532031252906,0.35935927796428635,"[-0.2711999299175006, 1.091110458149442]",-2.108001766012171,0.011322222646979543,0.12735908489290823,"[-3.739376019133688, -0.47662751289065364]",8.051973626574766
9358.0,24.0,0.6660534171550714,0.883242828742967,0.303994019634291,0.3632150060624393,0.48162944212546693,"[-0.3512860385698629, 0.959274077838445]",0.7772600388502404,0.48001023609709326,0.8639493090300455,"[-1.3796586431122773, 2.934178720812758]",21.031085345980454
9359.0,24.0,0.4773154745440863,0.7404832059324951,0.3973112635468794,0.21611062043483908,0.33531515971270615,"[-0.23224062006204282, 1.0268631471558016]",1.5837291322631968,0.0417706693084765,0.2893787691658366,"[0.058994136769935146, 3.1084641277564584]",17.95060032196018
9360.0,24.0,0.753152642558852,0.9262400611026866,0.23329616869833694,0.4486810122405056,0.55181528992806,"[-0.37024467867152566, 0.8368370160681995]",-1.2153286863201096,0.3431347473020385,0.7837881874848143,"[-3.728014951753539, 1.2973575791133198]",4.642213629821399
9361.0,24.0,0.32838953302043955,0.57429686403481,0.5146594895620339,0.12578728652655913,0.2200232403822969,"[-0.14423127858945128, 1.173550257713519]",-0.0013870993765632278,0.9983696149822653,0.9998296237857246,"[-1.3318576039323597, 1.3290834051792333]",0.005298329336153377
9362.0,24.0,0.8186106987104537,0.9516361507159439,0.19250629762242658,0.5251878713900657,0.6106033036721368,"[-0.40133049978519997, 0.7863430950300531]",-0.3629953661083789,0.8226834974779942,0.9666963285808975,"[-3.5378020834080073, 2.8118113511912495]",1.3865401640544182
9363.0,24.0,0.6446764365213147,0.8734525717847215,0.3360524674603084,0.3441758947122915,0.46611757931074066,"[-0.3602350717486324, 1.0323400066692492]",-0.5067468897237255,0.6385683349226002,0.9254619894969263,"[-2.6212936139627026, 1.6077998345152515]",1.935630537503388
9364.0,24.0,0.9387902968391507,0.9880486751993395,0.12857836523950875,0.7219698593173509,0.7600482780475323,"[-0.57965544311849, 0.8368121735975075]",1.9173583636427782,0.48221674890128563,0.8655838249888451,"[-3.430201706369199, 7.264918433654755]",16.676230529943936
9365.0,24.0,0.9207281958015541,0.9859416571445778,0.1303981163600953,0.6840634514159014,0.7325526373771483,"[-0.49766832011887124, 0.7584645528390619]",0.6055906584398629,0.8079151685664773,0.964880279922775,"[-4.2765790021531, 5.487760319032826]",21.686814077256486
9366.0,24.0,0.45617257164550234,0.7195202810067074,0.43609716138348625,0.20227665020069696,0.31904834416513717,"[-0.23423460480999397, 1.1064289275769665]",0.40600206616662327,0.6141441630395126,0.9171561511352546,"[-1.1723434635834884, 1.984347595916735]",22.44918634233742
9367.0,24.0,0.31676150780793033,0.5584360808611829,0.44987181848078206,0.11978853599353959,0.2111183221599217,"[-0.11691754720376868, 1.0166611841653328]",-0.8173507371324797,0.20243375613754444,0.6363840180369206,"[-2.074150763112142, 0.4394492888471824]",3.1220498413065245
9368.0,24.0,0.9737678761604911,0.9939054670015901,0.06739193799851746,0.8176692479404366,0.8346349999191589,"[-0.505539464762092, 0.640323340759127]",-0.7578863113141008,0.8615850787404531,0.9726270526004133,"[-9.277370764696387, 7.761598142068186]",2.8949124659357324
9369.0,24.0,0.10930269131731059,0.22010207675656582,0.444064217826353,0.026855009125428136,0.05407774692998014,"[0.05088457373773175, 0.8372438619149742]",0.4237058638532476,0.36053749927547973,0.7964159471514904,"[-0.48454160382986344, 1.3319533315363588]",22.381562816417617
9370.0,24.0,0.6626187538066097,0.8813880945797742,0.3029240521600482,0.35985016994286356,0.4787151389422157,"[-0.34548945448458784, 0.9513375588046842]",0.2505965180598082,0.8244343999985373,0.9666963285808975,"[-1.9633804989455887, 2.464573535065205]",23.04279181029994
9371.0,24.0,0.266337955395435,0.48493743445675935,0.5128940981463889,0.09369830435929506,0.17060871150636392,"[-0.08682655303417042, 1.1126147493269483]",1.9553782576451706,0.0007531189566438269,0.02170371632979328,"[0.817968864794937, 3.092787650495404]",16.53100523235248
9372.0,24.0,0.8554195243676752,0.964521032234312,0.18314432225219918,0.5751807108645433,0.648529384219803,"[-0.45734805811161133, 0.8236367026160096]",-2.38933355912609,0.18165824874252667,0.6112323308967923,"[-5.8954536378838815, 1.1167865196317015]",9.126581919126446
9373.0,24.0,0.9503590661910722,0.991078205928571,0.09350103780543445,0.7495424991739992,0.7818321677000096,"[-0.48054084744231046, 0.6675429230531793]",-2.3637040691436995,0.4507534825307231,0.8504782689258926,"[-8.506668715053229, 3.77926057676583]",9.028684478655528
9374.0,24.0,0.09297388015872386,0.18997523530593352,0.6127010467307688,0.02138282877399265,0.04367407837825296,"[0.0908450262355347, 1.1345570672260028]",-2.2563612618845292,1.676855504563598e-07,3.992513106103805e-05,"[-3.1016186439155478, -1.411103879853511]",8.618665157519747
9375.0,24.0,0.8414181604940866,0.9589903812332877,0.18360657544562678,0.5554881218872987,0.6330927752794369,"[-0.42678846837768647, 0.79400161926894]",0.915327042210718,0.5857559888489836,0.9069222328018148,"[-2.3764525258238947, 4.207106610245331]",20.503708240475525
9376.0,24.0,0.4423567539851791,0.7051858707677877,0.4472172883961039,0.1932025339246045,0.3080398829344479,"[-0.22643352736659456, 1.1208681041588024]",1.7322960567198553,0.01939944831177164,0.18045998429555013,"[0.2799524493256962, 3.1846396641140142]",17.38311647218648
9377.0,24.0,0.5805190351504633,0.8280770846332681,0.32285248445032433,0.2910874330031412,0.41524486081807654,"[-0.276518371467964, 0.9222233403686126]",2.878785737832065,0.003284678462527771,0.05813590199164196,"[0.959473041419231, 4.798098434244899]",13.003848473317866
9378.0,24.0,0.6532956084019967,0.8776136598629726,0.275505026025921,0.3518168745885216,0.472454267777426,"[-0.30445071203947927, 0.8554607640913212]",2.4391672357163454,0.02402965667012439,0.2055573710019195,"[0.32068635447431015, 4.557648116958381]",14.683067457790784
9379.0,24.0,0.9377328130824919,0.9880486751993395,0.13487872308754806,0.7195848385222048,0.7584157235689343,"[-0.6014648694276021, 0.8712223156026981]",1.8852513891662097,0.4850395395435285,0.8677556500702994,"[-3.4068114818268835, 7.177314260159303]",16.798870138640048
9380.0,24.0,0.4400734861406441,0.7029082600753369,0.4378791468567555,0.19178465717159587,0.30641421500494626,"[-0.21960622631872567, 1.0953645200322366]",0.24841686699002175,0.7539172189794076,0.9552799279805988,"[-1.3047622125228606, 1.801595946502904]",23.051117464107268
9381.0,24.0,0.9539169986446748,0.9911597957501838,0.10780660742831827,0.7586304162980096,0.7884331909145808,"[-0.5798307635515287, 0.7954439784081653]",-2.3163544813649297,0.4752573197534906,0.8615157119619586,"[-8.67529188243533, 4.04258291970547]",8.847822375895012
9382.0,24.0,0.6550798219966779,0.8781904941339596,0.284792666262947,0.3533252454723371,0.473728118521872,"[-0.3165951770388989, 0.886180509564793]",2.1115884871991213,0.045973255234142994,0.30445864393472183,"[0.03774755593221801, 4.185429418466025]",15.934326107671739
9383.0,24.0,0.5713821793112173,0.8217491077790237,0.30886803093227116,0.2839551411250927,0.40834228652891247,"[-0.2561187912383028, 0.8738548531028452]",-0.21636184414353554,0.8228595303053416,0.9666963285808975,"[-2.1106041636256743, 1.6778804753386034]",0.8264413678061263
9384.0,24.0,0.818078355634699,0.9514516116315948,0.21387081564008187,0.5246421574999698,0.6101909252151312,"[-0.4450023959922414, 0.8727440272724052]",-0.603906901707921,0.7046895996049651,0.9423077547908834,"[-3.7269757074079344, 2.5191619039920923]",2.306754445779048
9385.0,24.0,0.9550286026712349,0.9911597957501838,0.07822136918356806,0.7615274668322003,0.790646260364618,"[-0.4269628514384145, 0.5834055898055506]",-0.6276745021275527,0.8507007858661926,0.9708072590103425,"[-7.163595198343047, 5.908246194087941]",2.3975399919922653
9386.0,24.0,0.6828676173013417,0.8910965411863737,0.3134598407530716,0.3784711903519078,0.49389428468211904,"[-0.38411977538213643, 1.0110394568882797]",1.154441445917561,0.2967639173566836,0.7463117737752201,"[-1.0141109873153376, 3.3229938791504594]",19.590358496929564
9387.0,24.0,0.7180957595384301,0.9107413219870525,0.2483631095561457,0.4125610663817625,0.5232226586959575,"[-0.3457126764143921, 0.8424388955266835]",-2.271685663184119,0.06100074526527658,0.3581958030844191,"[-4.64822461555957, 0.10485328919133208]",8.677200058721832
9388.0,24.0,0.8858986035941769,0.975105208909394,0.19781970396733548,0.62158593812661,0.6841892549549917,"[-0.5876673769087539, 0.9833067848434249]",0.0026611788622812327,0.9989914882501878,0.9998296237857246,"[-4.123832077080946, 4.129154434805509]",23.98983504551079
9389.0,24.0,0.580559147698503,0.8280770846332681,0.2890188719263584,0.2911445394561961,0.41524486081807654,"[-0.2476038957475753, 0.8256416396002921]",-2.8389998627464132,0.003689606859495153,0.06307020272641287,"[-4.755392474588149, -0.9226072509046781]",10.844180678239299
9390.0,24.0,0.9517938251711422,0.991078205928571,0.10900663014393458,0.7531448836563858,0.7845259204754018,"[-0.5703328303916568, 0.7883460906795261]",0.6068512798360421,0.8506391195148247,0.9708072590103425,"[-5.709599003141462, 6.923301562813546]",21.68199885821882
9391.0,24.0,0.7535198506795215,0.9262406539556202,0.246841659978127,0.44899815550666844,0.5519707662203278,"[-0.39218820664594345, 0.8858715266021975]",-1.3434348918493377,0.2924011342580104,0.74134309041223,"[-3.844301135995831, 1.1574313522971553]",5.13154329023875
9392.0,24.0,0.7736818946421713,0.9345665441914526,0.2999659909415313,0.471258636115543,0.5693866087177397,"[-0.516102681088623, 1.1160346629716855]",-1.3046506081395535,0.3312517901140295,0.7728555291300706,"[-3.9364742787352616, 1.3271730624561546]",4.983398239038174
9393.0,24.0,0.8956966486404206,0.9784880399724428,0.19688864450006888,0.6382134635571344,0.6973097372731116,"[-0.6238178196593054, 1.017595108659443]",-2.3645698861704565,0.26652516839337803,0.7160047171367336,"[-6.535635014347875, 1.806495242006962]",9.031991656086443
9394.0,24.0,0.6945851481971896,0.897994301322073,0.29064126712791716,0.3893492253106141,0.5034254270889761,"[-0.3711241158917512, 0.9524066501475855]",-2.975820007270275,0.013509135807256807,0.14402063760401715,"[-5.337101142214415, -0.6145388723261349]",11.366795133811781
9395.0,24.0,0.8070188954725085,0.9474276772393854,0.24470457159144113,0.5107930079495901,0.5995926845282195,"[-0.48462886207245837, 0.9740380052553406]",-0.6298344555764244,0.6822953336102271,0.9356843168376249,"[-3.6456015267483433, 2.3859326155954945]",2.405790406429937
9396.0,24.0,0.2358331291851765,0.4369707785532268,0.5993539544511087,0.0789075817583704,0.1462063771694838,"[-0.06921294751128793, 1.2679208564135054]",1.4389576876880206,0.00868968036894972,0.10929654449294614,"[0.3641574462704562, 2.513757929105585]",18.503586506504828
9397.0,24.0,0.8275592449252374,0.9541787673529775,0.19505585585971563,0.536796644139705,0.6188922497680085,"[-0.4238927339489632, 0.8140044456683945]",-0.421894917415079,0.7994870507553321,0.9642437759616215,"[-3.677261041362061, 2.833471206531903]",1.6115198777269628
9398.0,24.0,0.9846304864282234,0.9956379447802175,0.06821746173494415,0.8602817486927168,0.8699380611717229,"[-0.6913960498028792, 0.8278309732727674]",0.33895711907621173,0.9538279540059337,0.9927151416642309,"[-11.13494624712959, 11.812860485282016]",22.705279176067986
9399.0,24.0,0.144300786494127,0.2833872476318284,0.6703898916216379,0.039774714898536186,0.07809682878173216,"[0.03133915372994345, 1.3094406295133323]",2.2221561374678247,3.917370185662813e-06,0.00047772807142229426,"[1.2785661662608188, 3.1657461086748304]",15.511988793600057
9400.0,24.0,0.23757179461510092,0.4397034880901368,0.650687960215802,0.07972192715224442,0.14757853971167054,"[-0.07711187945934805, 1.378487799890952]",-0.12117774982412133,0.8379203051977695,0.9708072590103425,"[-1.28225790585644, 1.0399024062081974]",0.46286490905428707
9401.0,24.0,0.5202941145213348,0.7779673831821071,0.2747777143031427,0.2462430111449,0.3681312769396023,"[-0.18968427582087866, 0.739239704427164]",2.50731829247992,0.0040505602060919,0.06646192514665905,"[0.7975352535241758, 4.217101331435664]",14.422749596330164
9402.0,24.0,0.5234308302131366,0.780983947373752,0.3323156165279826,0.24841223109440536,0.3705985843568631,"[-0.23198731726451838, 0.8966185503204835]",-2.6561246828135037,0.0027008617397571884,0.05151119424588774,"[-4.391497123427793, -0.9207522421992145]",10.145648945715882
9403.0,24.0,0.23727660047096144,0.43931975647280397,0.5311204450289289,0.07960940185614215,0.1473975224146309,"[-0.0627201286556367, 1.1249610187134944]",1.7870103324117235,0.0011789555327647138,0.029771604362745296,"[0.7073066102327465, 2.8667140545907004]",17.174123333769195
9404.0,24.0,0.1280224377682473,0.25426502039373844,0.4788031982952099,0.03356139623358772,0.06664296313262057,"[0.03724859075329168, 0.9203578058371281]",1.1745251146024849,0.010330746027929981,0.12111073889718618,"[0.2768938770036813, 2.0721563522012882]",19.513644533410552
9405.0,24.0,0.973828576568158,0.9939054670015901,0.05493063857075626,0.8178348060148849,0.8346956583128036,"[-0.41249325603903775, 0.5223545331805503]",-2.0440158960402295,0.6301564580892085,0.9216640993393094,"[-10.364145184706825, 6.276113392626367]",7.807565606717093
9406.0,24.0,0.4164684499433974,0.6799611163862738,0.5391553929255078,0.1772056184910612,0.28917365941752804,"[-0.2439467801155324, 1.322257565966548]",-2.2743276909391144,0.002013053763917924,0.04279924813633419,"[-3.7177110614530307, -0.8309443204251978]",8.687291861369676
9407.0,24.0,0.8817240259699156,0.9740654286013208,0.1477626655738798,0.6148509111153628,0.6792431629643867,"[-0.4278172437676117, 0.7233425749153712]",0.13593451403993395,0.9474509144464568,0.9904370601691201,"[-3.9064572303001937, 4.1783262583800616]",23.480768403689996
9408.0,24.0,0.9233151549937308,0.9862215899768196,0.1401858259317001,0.6890190413647967,0.7359741950061918,"[-0.54639171238634, 0.8267633642497401]",-1.577602827770023,0.5117592298428798,0.8790093264219851,"[-6.290361038196891, 3.135155382656845]",6.025998918608428
9409.0,24.0,0.4357439417101523,0.6988518352922244,0.45522292129562675,0.18922556474130547,0.303418477436597,"[-0.22437073669323931, 1.1348165792844929]",2.1403556070957315,0.004295489861711601,0.06883797855307053,"[0.6713079952291798, 3.6094032189622833]",15.824443803750235
9410.0,24.0,0.4726281640732472,0.7359516724902635,0.3589134265712168,0.2132032389218549,0.3319371616407518,"[-0.2062008555808033, 0.9240277087232369]",0.49212142621915866,0.5487126478731252,0.8928806760019607,"[-1.116275869254295, 2.1005187216926124]",22.1202346179789
9411.0,24.0,0.8969530623781562,0.9786020165880102,0.11297950687572321,0.6403222345894586,0.6985841529450781,"[-0.3609350271621408, 0.5868940409135872]",-1.0123804689807843,0.6304596679380243,0.9216640993393094,"[-5.136911542280516, 3.1121506043189475]",3.8670085422715927
9412.0,24.0,0.8652631113759248,0.9691567107705251,0.19103668343518782,0.5894256178754782,0.660212422470236,"[-0.5027688094172438, 0.8848421762876195]",-1.3014847969306036,0.4678659454862629,0.8570413442119087,"[-4.815285192058874, 2.2123155981976668]",4.971305730970973
9413.0,24.0,0.44650567452035095,0.7094147990472688,0.3946021065838399,0.19583328125706911,0.3112417057486795,"[-0.20330855116988145, 0.9925127643375612]",-0.007608828465400563,0.9924436403973682,0.999042938587908,"[-1.5822689758999893, 1.5670513189691881]",0.02906358387376368
9414.0,24.0,0.9226918772421513,0.9861488829547715,0.12187064614443516,0.6877848580623676,0.7351270393997088,"[-0.47251619801649464, 0.7162574903053649]",1.701390395161245,0.477939114903707,0.863077309328101,"[-2.9978269374202213, 6.400607727742711]",17.501167403544354
9415.0,24.0,0.9550768095142079,0.9911597957501838,0.09443587117619666,0.7616619605367994,0.7906799133570013,"[-0.5158228773823382, 0.7046946197347316]",0.901778790451587,0.7825895277104844,0.9605790545529682,"[-5.503292604568857, 7.306850185472031]",20.555458750180787
9416.0,24.0,0.4192891796873805,0.6826590356355918,0.29917187771036674,0.17875090642188063,0.2910304565644426,"[-0.1369141938380095, 0.735257949258743]",-1.2543000277558427,0.08191486506460531,0.4172942693051722,"[-2.6674219815203504, 0.15882192600866518]",4.791073188903454
9417.0,24.0,0.9789290484332032,0.9948458548782764,0.0750712896206196,0.8364547130699831,0.8500556027133974,"[-0.6376968480014347, 0.7878394272426739]",-1.2721858732009954,0.7863085222188576,0.9609669514524013,"[-10.469425021599807, 7.925053275197816]",4.859392086038823
9418.0,24.0,0.3873143608102587,0.6477912038974054,0.35790890902217876,0.15956861549735535,0.26683714966112937,"[-0.14083027065072118, 0.8566480886950787]",-0.754985300817169,0.28940626206682907,0.7391577605577169,"[-2.151727851538155, 0.6417572499038171]",2.8838314220825763
9419.0,24.0,0.832481641090181,0.9550331349012728,0.16579570565479423,0.5434036591696653,0.6233122954458192,"[-0.3689541281562934, 0.7005455394658819]",2.1969147656852384,0.17663526754905723,0.6030565638410967,"[-0.9898174395410466, 5.383646970911523]",15.608403731750911
9420.0,24.0,0.2502598239686672,0.45944524319564384,0.516293827717074,0.08583222562400278,0.15756452804512278,"[-0.07278201341053037, 1.1053696688446784]",0.3326373532013447,0.5793260398293014,0.9033376518630002,"[-0.8433965178901439, 1.5086712242928333]",22.72941890354403
9421.0,24.0,0.5611454196965187,0.8126088015168977,0.36962910320906117,0.2762128598316086,0.4000677276334607,"[-0.2957048738973017, 1.034963080315424]",-1.1984978438291893,0.17944996749430597,0.6078928438153997,"[-2.9482924142680753, 0.5512967266096969]",4.577924547129453
9422.0,24.0,0.3952614178057406,0.6567986337749095,0.490991866297998,0.16415310653641457,0.27277020029314486,"[-0.20071293690051445, 1.1826966694965104]",1.1759476057631533,0.09277412022486747,0.4414883946645692,"[-0.1951969826125104, 2.547092194138817]",19.508211017417153
9423.0,24.0,0.7278049777201114,0.9150478185522077,0.21748596483287344,0.42230679337515675,0.5311072384986301,"[-0.31373417990776553, 0.7487061095735124]",2.1667928213739938,0.07779958177934018,0.4058402805390724,"[-0.2412584584819144, 4.5748441012299015]",15.723461083735073
9424.0,24.0,0.3262056179531697,0.571288297641278,0.5369430654523172,0.1248309565866455,0.2185798574446603,"[-0.14873811218625577, 1.2226242430908902]",-2.139546243963613,0.0008460965854227433,0.023502682928409537,"[-3.396097215420167, -0.8829952725070589]",8.172464656812174
9425.0,24.0,0.3561111252823928,0.611139737913837,0.44265551017296617,0.1413791223013081,0.24258600257602628,"[-0.14727024373420822, 1.0325812640801406]",0.4820020106931855,0.4880033751118382,0.8692862698458214,"[-0.8802517375137828, 1.8442557589001538]",22.158887938030727
9426.0,24.0,0.925380307241522,0.9865118820973683,0.13364708333548936,0.6933476564585472,0.7390978109567713,"[-0.5306510532545757, 0.7979452199255544]",-2.072407418853137,0.4041353369376929,0.8226879185845731,"[-6.941214801850077, 2.796399964143803]",7.916013235459026
9427.0,24.0,0.9254467965955412,0.9865118820973683,0.13696973537634533,0.6933301270585255,0.7390978109567713,"[-0.5438027783951953, 0.8177422491478861]",-0.019137442711028463,0.9942058302170856,0.999042938587908,"[-5.184217080139083, 5.145942194717026]",0.07309964653435541
9428.0,24.0,0.7213642634579197,0.9120802420760142,0.2899054234029897,0.415614452611652,0.5254955779639043,"[-0.40808846919482716, 0.9878993160008065]",-0.31128442158972014,0.8059885343613563,0.964880279922775,"[-2.795386581677765, 2.172817738498325]",1.1890189056841312
9429.0,24.0,0.28767540010204184,0.5168536342617231,0.5190913085776224,0.1045596824461125,0.18785426238970984,"[-0.10771898613572084, 1.1459016032909657]",2.404148704307116,0.0001011063309934626,0.005555292911728714,"[1.1921785224317898, 3.6161188861824423]",14.81682839475713
9430.0,24.0,0.8000898535772671,0.9455321020522349,0.23437952552009392,0.5022273682788713,0.593621602891175,"[-0.45024458506656195, 0.9190036361067497]",0.4342615927030202,0.776231584965571,0.9595896677274527,"[-2.5602398677674594, 3.4287630531735]",22.34124290223252
9431.0,24.0,0.5740054019300963,0.8235059732601697,0.41420470023813705,0.2862538678476454,0.4106353003122154,"[-0.3470901589908567, 1.1754995594671307]",0.91901240382753,0.3221659889321359,0.7650688291349119,"[-0.9003824950190666, 2.7384073026741267]",20.489631196034004
9432.0,24.0,0.6905131295013032,0.8956071718564244,0.29946605715125685,0.38577566449024103,0.500357541491882,"[-0.37727812057225474, 0.9762102348747684]",-2.2194373205690745,0.05177145270669932,0.32849906539783835,"[-4.455916343073543, 0.01704170193539367]",8.477626090828794
9433.0,24.0,0.6761167621332544,0.8877583536413529,0.29451530315721514,0.3721858416837105,0.48864393816448776,"[-0.3523338276726577, 0.9413644339870879]",-1.93297936043506,0.075833819802558,0.4025149671048726,"[-4.066918316841362, 0.20095959597124224]",7.383437282588406
9434.0,24.0,0.37223972798409494,0.6295276982650007,0.389245281018762,0.15062492742083441,0.2547049350161444,"[-0.1415360989887634, 0.9200266610262874]",1.0962307555754265,0.1071054652418914,0.478790635860042,"[-0.23717606650252954, 2.4296375776533825]",19.812706955539383
9435.0,24.0,0.4247520356444585,0.6886455173702895,0.5135792618323745,0.18207254960070474,0.29523682438901366,"[-0.24076447289663927, 1.267922996561388]",2.9729562290302027,0.0001304271431719555,0.0067578830659044305,"[1.449846131265491, 4.496066326794915]",12.644143693296055
9436.0,24.0,0.9160928397011399,0.9844109603493874,0.1614998498794516,0.6749280959802542,0.7252612249949002,"[-0.5932409742272404, 0.9162406739861435]",0.3013745984531724,0.902541414570766,0.982851517978372,"[-4.5224382349458905, 5.125187431852235]",22.84883383041222
9437.0,24.0,0.9104525625332092,0.9833163003922769,0.18811562469805002,0.6644462377180856,0.7176220301523768,"[-0.6618487473555325, 1.0380799967516325]",-0.6610995266411432,0.7763548562668562,0.9595896677274527,"[-5.222369879340388, 3.900170826058101]",2.5252141809756026
9438.0,24.0,0.6782413104572855,0.888564536168329,0.28030757298989056,0.374334170980001,0.490287060877539,"[-0.3381104545551051, 0.8987256005348863]",-0.8587718634652042,0.44294954265110886,0.8470530868214143,"[-3.0526113943162745, 1.3350676673858661]",3.2802668894094116
9439.0,24.0,0.4517690417673055,0.7149159265842134,0.30591569451854217,0.19950585377891905,0.3157237755640434,"[-0.16142812612684582, 0.7732595151639301]",-2.133091943010853,0.005394529088828293,0.080156450056884,"[-3.635630791527124, -0.6305530944945814]",8.147811043192146
9440.0,24.0,0.5988669398454856,0.8407510035736144,0.38097990076486105,0.30569211988199985,0.4291620383012773,"[-0.34801024116912266, 1.1099700426988448]",-2.8371754774969773,0.004864995849996789,0.07473111904756971,"[-4.8119903331681435, -0.8623606218258111]",10.837212039906058
9441.0,24.0,0.6604945457273705,0.8809347560636325,0.39790108944153046,0.35795344798392914,0.47753687824280827,"[-0.45045719101919524, 1.2462593699022562]",0.2603725399881345,0.8169292115065449,0.966095377463714,"[-1.9440716113132397, 2.4648166912895086]",23.00545015717191
9442.0,24.0,0.5991012752903491,0.8408438951443495,0.3115783882198599,0.30583504151826546,0.4293024165051452,"[-0.28479087407544396, 0.9079476505151638]",-1.3398402656973758,0.15558494441282536,0.5680561322222348,"[-3.189061559106125, 0.5093810277113735]",5.117812829743099
9443.0,24.0,0.5905944779288471,0.8335742522239887,0.3235866963609063,0.2991221467883226,0.4222503483742555,"[-0.28722658272420054, 0.9343999754460132]",2.7587844637493593,0.005334040657881638,0.07955119497525759,"[0.8180618152107626, 4.6995071122879555]",13.462219576059978
9444.0,24.0,0.1470473478105408,0.2883281329618447,0.6881141471981858,0.04072300383134841,0.07984902712029099,"[0.02904506034563703, 1.3471832340507346]",-0.19086739862479796,0.7062638112889492,0.9429567332117558,"[-1.1834767113160707, 0.8017419140664748]",0.7290597591894677
9445.0,24.0,0.8091403857096526,0.9481259049426021,0.23038252996039751,0.5131399515816988,0.6013593713602471,"[-0.46009396222860643, 0.9208590221494015]",1.5060011818885544,0.3062298552190531,0.7519312044446127,"[-1.3788787548265513, 4.3908811186036605]",18.247499222404798
9446.0,24.0,0.8747226105505778,0.9724665269479806,0.1969430303399014,0.6037828328956409,0.6713173592346464,"[-0.5468427289588913, 0.940728789638694]",-1.5200211117155433,0.4124288752794115,0.8271523679938431,"[-5.154829704335457, 2.11478748090437]",5.806052964805603
9447.0,24.0,0.5824608735297301,0.8293502717358707,0.34796307620828987,0.2928198325606297,0.4170628579413613,"[-0.3003484805433592, 0.996274632959939]",0.5781217941038559,0.5493001918764062,0.8928806760019607,"[-1.3141304964771159, 2.4703740846848277]",21.79173741022119
9448.0,24.0,0.5780840819396855,0.8259523959704037,0.38156641073660347,0.28942381997326116,0.4135216744867284,"[-0.324367128138509, 1.087499949611716]",-2.496383540845536,0.008880094521639598,0.10990215992128215,"[-4.366273572464879, -0.6264935092261932]",9.535482729091571
9449.0,24.0,0.9290423249376901,0.9878137795754037,0.13879196475101208,0.7008902990658951,0.7453108241874682,"[-0.5693929971134739, 0.8469769266154981]",-1.087176816368821,0.6695081438505206,0.9333725691489203,"[-6.079472588181406, 3.905118955443764]",4.152709544160183
9450.0,24.0,0.41377362422720765,0.677318094986426,0.43858518533350466,0.17548066036920307,0.2872494031252301,"[-0.19590693201243692, 1.0730773026794462]",-0.5379876870142493,0.47419276137089006,0.8615157119619586,"[-2.0113354846064944, 0.9353601105779956]",2.0549615930614378
9451.0,24.0,0.6490477824775032,0.8759079385661311,0.30588119668417824,0.34782141294493996,0.46945174022927594,"[-0.33270122143999814, 0.9444636148083546]",-1.3125087475478008,0.20261540202914796,0.6366076129959929,"[-3.331501147574247, 0.7064836524786453]",5.013414120566042
9452.0,24.0,0.4045493684427568,0.6670744592943827,0.4447933367215065,0.1696356164106272,0.27978825071850105,"[-0.18997761105430927, 1.0795642844973223]",0.1783690338236701,0.8132056751615786,0.9659171815673817,"[-1.3011397226712318, 1.657877790318572]",23.3186804777385
9453.0,24.0,0.39421253756642727,0.65581856191387,0.3950045314771947,0.16359858180188702,0.27212006287739027,"[-0.16074254365693186, 0.9507516066113213]",-2.623391137253099,0.0003388059480335649,0.012745383842854213,"[-4.058165720697641, -1.1886165538085565]",10.02061601177519
9454.0,24.0,0.38450762790325493,0.6444982029890294,0.4368320381340703,0.15781629939908082,0.2645261471657406,"[-0.1693293003350959, 1.0429933766032364]",-2.0655000274788993,0.002885194480961229,0.05376566747162934,"[-3.4241231364702833, -0.7068769184875152]",7.8896289439131
9455.0,24.0,0.6760968825899898,0.8877583536413529,0.27772212728074774,0.3721802011526584,0.48864393816448776,"[-0.33223666114197126, 0.8876809157034667]",0.3801102231696296,0.7414885405224307,0.9536830103182389,"[-1.8782749002102834, 2.6384953465495427]",22.548085897506958
9456.0,24.0,0.5995678330200921,0.8410265577501642,0.35175695187435185,0.30639020914276527,0.4297639588023962,"[-0.32228837001133814, 1.0258022737600418]",-1.0763131605524903,0.26084292526655406,0.7094793425679659,"[-2.9524542615316998, 0.7998279404267192]",4.11121343560295
9457.0,24.0,0.7540956525362004,0.9264074355481577,0.23269751829928373,0.4498507093735429,0.5526421491075466,"[-0.37084954936309866, 0.8362445859616662]",0.6118015762510529,0.6481705461173929,0.9294020283387066,"[-2.01606488623943, 3.2396680387415357]",21.663090118757562
9458.0,24.0,0.953908533424388,0.9911597957501838,0.11624573488167252,0.7584815528719433,0.7883604125059176,"[-0.6247483794469194, 0.8572398492102645]",1.3026079273130016,0.6788832916225362,0.9353586272010695,"[-4.864401653539823, 7.469617508165826]",19.02440422697874
9459.0,24.0,0.8225824642004875,0.952756738845726,0.22987181439937132,0.5304279441823381,0.614511623143819,"[-0.4882893479158551, 0.9480329767145977]",-2.2025880101443356,0.16212325550177886,0.5784732072318302,"[-5.290640900721675, 0.8854648804330032]",8.413266465825906
9460.0,24.0,0.8091742469925146,0.9481259049426021,0.2448305156875188,0.5134610986238778,0.6015947259799388,"[-0.48950748269176303, 0.9791685140668006]",-2.2054779480673883,0.14491256794720084,0.545399201908923,"[-5.170794854412761, 0.7598389582779843]",8.424305215562287
9461.0,24.0,0.7473743564067703,0.9241476157180931,0.27815042175167626,0.44269651071481997,0.5473497906958704,"[-0.43202535700928557, 0.9883262005126381]",0.8033142671343168,0.5368966592451818,0.8887546089143881,"[-1.746377801592383, 3.3530063358610165]",20.931565524703924
9462.0,24.0,0.7367576233419546,0.919388145887176,0.26824155362877594,0.4312132669190154,0.5381666759674844,"[-0.3996942892289161, 0.9361773964864679]",3.114950386171416,0.0183042935360326,0.17366502406103038,"[0.5273522545160394, 5.702548517826793]",12.10176596531546
9463.0,24.0,0.5950237866913038,0.8375007419795397,0.45983965357029566,0.30283805362678895,0.4262323063008993,"[-0.4148678150173529, 1.3345471221579444]",0.8522441044663855,0.37743235889381566,0.8059627565530977,"[-1.0402298104828271, 2.7447180194155982]",20.74466731327798
9464.0,24.0,0.7247390709686192,0.9137443400354902,0.31688602869223476,0.4189963415921262,0.5284240870026722,"[-0.4516280610701719, 1.0854001184546413]",0.2803956745328495,0.8263841817773366,0.9676629763200664,"[-2.2251305966000516, 2.7859219456657507]",22.928967417036258
9465.0,24.0,0.9794221832741082,0.9948681677324512,0.0780116929917008,0.838401537874402,0.8517910219339062,"[-0.671724569351525, 0.8277479553349265]",2.7279589562996818,0.5877937887419318,0.9077706636973603,"[-7.136150603464335, 12.5920685160637]",13.579964341274351
9466.0,24.0,0.7782631533344567,0.9367635451786913,0.2660704298409989,0.4766971512329067,0.5737350027587914,"[-0.46674335970313635, 0.9988842193851342]",0.6992707192193537,0.6210600174797396,0.9177195404295999,"[-2.0731563971130065, 3.471697835551714]",21.32898260344356
9467.0,24.0,0.8273717324851284,0.954177025881037,0.21134244732718002,0.5365763256323957,0.6188355888554479,"[-0.45892387755351616, 0.8816087722078761]",0.4650743175098144,0.7788008562342651,0.9596392629361795,"[-2.780162819630238, 3.710311454649867]",22.22354696311736
9468.0,24.0,0.5714443295495331,0.8217491077790237,0.36699825370488437,0.28396122605220575,0.40834228652891247,"[-0.30432987528678646, 1.0383263826965552]",-0.12197292659515391,0.8998114624801595,0.9819188762660309,"[-2.0208089415163486, 1.7768630883260408]",0.46590226058408757
9469.0,24.0,0.8874835820861937,0.9754739687368751,0.19412432599655455,0.6244075478403462,0.6863129785011499,"[-0.582971946849778, 0.971220598842887]",0.6016194301891273,0.7714202809241437,0.9589249382121035,"[-3.4571789926151872, 4.660417852993442]",21.7019830518065
9470.0,24.0,0.6265786937153268,0.8602710069919353,0.3736639834765176,0.3286874164405068,0.45124576666736244,"[-0.3761282806173631, 1.1234562475703982]",1.050863448492695,0.29527003353651904,0.7456313978194925,"[-0.9170273495776744, 3.0187542465630646]",19.985997303787013
9471.0,24.0,0.40821294316322276,0.6712924571011721,0.4336550231051334,0.17187988025027479,0.28269717146426776,"[-0.18847609132173937, 1.0557861375320061]",1.3601422641419454,0.05427739486118527,0.33837446728627846,"[-0.024980594223451114, 2.745265122507342]",18.804639248486566
9472.0,24.0,0.7692118187606272,0.9332266397944194,0.2637383514808161,0.46636373584918533,0.5658380682470096,"[-0.4459154655130962, 0.9733921684747284]",-1.1037142295364832,0.4107628038100314,0.8267833441897668,"[-3.733627155076436, 1.5261986960034695]",4.2158778093982585
9473.0,24.0,0.5980675003388574,0.8402832898149218,0.3226335093431576,0.3052822982461344,0.4288022675819611,"[-0.2941902037123635, 0.9394572223986787]",-2.4245527098709334,0.013413911170125208,0.14323499189933242,"[-4.346441103027024, -0.5026643167148426]",9.261109165507417
9474.0,24.0,0.826359939154423,0.9537227604452235,0.2005784069678545,0.5353122875550209,0.6177868292614205,"[-0.43358118820035313, 0.8347380021360622]",-0.5798571865163309,0.7233534447167035,0.9484629638926688,"[-3.79048313191861, 2.630768758885948]",2.2148913005143966
9475.0,24.0,0.4245736112160408,0.6885721881544612,0.45645235848559257,0.18201468268111165,0.29519085741341494,"[-0.21389478669704737, 1.1267995036682326]",-0.27601222643292456,0.7214754161344976,0.9477398429831227,"[-1.7935235826817797, 1.2414991298159306]",1.0542890445743864
9476.0,24.0,0.29005210393633174,0.5206463901208611,0.46561671832716284,0.10574718418351009,0.18974911929572957,"[-0.09854481431231604, 1.0297782509666418]",-2.1714594194935,0.0003684613291024477,0.013448545681379442,"[-3.3663894550024187, -0.9765293839845812]",8.294364008060354
9477.0,24.0,0.9464875115574573,0.9901985232007054,0.14447485827478415,0.7398464391508882,0.7742773450410412,"[-0.7082876732372916, 0.9972373897868598]",3.024594502644534,0.3333248234138372,0.7746503714826705,"[-3.1030257061131157, 9.152214711402184]",12.446900017333194
9478.0,24.0,0.23530192459152902,0.4360673176269997,0.5543842699798218,0.07881909015080017,0.14606947767012635,"[-0.06383711076235055, 1.1726056507219942]",2.1199373989215626,0.00014958234720526136,0.0072622456158850995,"[1.024140467636403, 3.2157343302067223]",15.902435613990194
9479.0,24.0,0.3874130383187282,0.6478478901650974,0.4208594522845756,0.15932413311640792,0.26647287692993465,"[-0.165256556141062, 1.0069754607102133]",-1.5088190695612376,0.02737803233573195,0.2215051159848863,"[-2.8493071834604446, -0.1683309556620307]",5.763264315647646
9480.0,24.0,0.5016412791254383,0.7621411107952573,0.42828675669116806,0.23276627877725387,0.35371831907286366,"[-0.2751846670028946, 1.1317581803852308]",0.0749818406312448,0.9313609006423156,0.9892015094756179,"[-1.631241759442476, 1.7812054407049656]",23.713590466113807
9481.0,24.0,0.31508107924083983,0.5557965765405536,0.5386372886771611,0.11873009871266331,0.2094744155128146,"[-0.13804501683579828, 1.2153195941901205]",-1.22394295845009,0.0492023442946784,0.31904675613962424,"[-2.4436107301554033, -0.00427518674477656]",4.675117725596403
9482.0,24.0,0.5997529795663998,0.8410684538833668,0.28330801306913667,0.3062922751721915,0.42970296741328773,"[-0.2594638611369857, 0.826079887275259]",1.5282763473440077,0.10425062184497554,0.47087001736664647,"[-0.31549495174054276, 3.372047646428558]",18.162414357834592
9483.0,24.0,0.5440774444306091,0.798587178086906,0.46306368514574037,0.2632948405885748,0.3865162075580957,"[-0.348269912470195, 1.2743972827616759]",1.7728920976222131,0.039913792938717635,0.28207627518528366,"[0.08169328609529591, 3.4640909091491303]",17.228051018276776
9484.0,24.0,0.1417963201650339,0.2789070026849605,0.6597494607510903,0.03881085953138806,0.07632420753468647,"[0.033917720906405435, 1.2855812005957752]",-2.233742599974631,3.1841052859796234e-06,0.0004245473714639498,"[-3.1735273881054127, -1.2939578118438497]",8.532268233141714
9485.0,24.0,0.9525013405763796,0.991078205928571,0.09209365810966177,0.7548050432468718,0.7857641507879157,"[-0.4858587958074543, 0.6700461120267778]",1.4709830036438607,0.6333193756797781,0.9226680881115649,"[-4.572436120931862, 7.514402128219583]",18.381258810381986
9486.0,24.0,0.5359798526082875,0.7925178953249852,0.36449565398119754,0.25728925107484923,0.38054910675173675,"[-0.26614068179740413, 0.9951319897597992]",-1.6673074116714188,0.04982596400103944,0.3212505738300415,"[-3.333347366623659, -0.0012674567191788277]",6.368645189310239
9487.0,24.0,0.2625102398735846,0.4785966087029802,0.5391135905420068,0.09192516439643485,0.16756318701501066,"[-0.08785205604663193, 1.1660792371306457]",0.6769297328417725,0.25786848911437843,0.7063445279938547,"[-0.4956943938321836, 1.8495538595157286]",21.414318885416538
9488.0,24.0,0.8573451334452126,0.9649685293156162,0.20823024545610586,0.5778735057705566,0.6504654499893704,"[-0.5251543284508566, 0.9416148193630682]",0.48020854685078085,0.7937800088465263,0.9628316126547152,"[-3.120298546720043, 4.080715640421605]",22.165738465289333
9489.0,24.0,0.6871229767217719,0.893295601562366,0.2496699889374553,0.38254710026649075,0.49733112359138165,"[-0.3107251258802082, 0.8100651037551188]",-1.0018646027308886,0.3739637725406435,0.8058196345601851,"[-3.2104776486561026, 1.2067484431943254]",3.826840892002054
9490.0,24.0,0.5988026982400476,0.8407510035736144,0.3584099915296795,0.3056552935384288,0.4291620383012773,"[-0.3273412956007781, 1.044161278660137]",0.3263472644321119,0.7457559928020001,0.9547509829752914,"[-1.6463519023652218, 2.2990464312294456]",22.753445272826674
9491.0,24.0,0.6061851731559984,0.846007572971889,0.3343952996647977,0.31186687411040814,0.4352035642065422,"[-0.3136761213099624, 0.9824667206395579]",-2.3529314754979325,0.017305760732637527,0.16834397599841952,"[-4.290484953459513, -0.41537799753635163]",8.987536201968068
9492.0,24.0,0.7429506954991022,0.9233543095781701,0.23715620749838248,0.4377976792236272,0.5441860524843098,"[-0.3618992400606438, 0.8362116550574088]",-2.8312411571768727,0.03324435319261927,0.2522325596315883,"[-5.437543911967502, -0.22493840238624285]",10.81454460599801
9493.0,24.0,0.6382360280964603,0.8684664962531777,0.2459182764287742,0.33852485567569734,0.46064070713797434,"[-0.2576853381984665, 0.7495218910560149]",2.7529001668844515,0.01036249967670791,0.12134074562889823,"[0.6481210100953811, 4.857679323673522]",13.484695934444062
9494.0,24.0,0.2391908106627737,0.44212719161326003,0.5328246578884291,0.08047236417815402,0.14874743840693905,"[-0.06462723150844352, 1.1302765472853018]",-0.026999059639511103,0.9637772509310549,0.9938808419181301,"[-1.1922142013855261, 1.138216082106504]",0.10312881121106587
9495.0,24.0,0.6068893397200739,0.8461851335237257,0.25024981311101335,0.3123827082190337,0.4355297154337871,"[-0.235261592237674, 0.7357612184597007]",2.564906372734269,0.010739412554472434,0.12399750058524074,"[0.594308589484843, 4.535504155983695]",14.202779333074506
9496.0,24.0,0.16941575083329385,0.327816855327581,0.5538147042136304,0.04965307882458086,0.09607793890205274,"[0.0008398024295656059, 1.1067896059976952]",3.0316115874446616,9.95186095675572e-09,4.14660873198155e-06,"[1.994919529697174, 4.068303645192149]",12.420096727764346
9497.0,24.0,0.8125215714399242,0.9485141600090665,0.20369142623385486,0.5173810402449701,0.6041756631981744,"[-0.4129836292240979, 0.8203664816918076]",0.15530148706182345,0.9227872327088269,0.9878688510655973,"[-2.9851718020359654, 3.2957747761596123]",23.40679201595013
9498.0,24.0,0.2091807487808472,0.39580084915959735,0.6982888118342689,0.06669350668602153,0.12619395777865947,"[-0.04806862646526522, 1.444646250133803]",-0.003888173143085538,0.9945259698137181,0.999042938587908,"[-1.1146556460979062, 1.1068792998117352]",0.014851727407661152
9499.0,24.0,0.6779209164557676,0.8885209441484517,0.3481670119620496,0.3737392392850979,0.48995705202556095,"[-0.41900744777085863, 1.1153414716949577]",-0.18622707114088843,0.8730262847049426,0.9752862410683755,"[-2.470098023260457, 2.09764388097868]",0.7113350138303627
9500.0,24.0,0.8345266172375762,0.9558174015320701,0.21933152172334797,0.5460494295746028,0.6254988792090937,"[-0.49275833452066237, 0.9314213779673584]",2.6927202585569177,0.11250103203387657,0.49256143622537907,"[-0.6327140294242137, 6.0181545465380495]",13.714566251687522
9501.0,24.0,0.6951263775564143,0.898328221189473,0.29348384813033485,0.38987159996715426,0.503840268760861,"[-0.3754905201619028, 0.9624582164225726]",0.1808002113476599,0.8807917782285969,0.9766268042296392,"[-2.182154830933174, 2.5437552536284938]",23.30939406364705
9502.0,24.0,0.46343294714109173,0.7267256502134102,0.38048225617845627,0.20713064098196265,0.32470707161304696,"[-0.21066685764058418, 0.9716313699974968]",-0.5484767778984843,0.49659171400126034,0.872131566563506,"[-2.1296717921999515, 1.032718236402983]",2.0950269689678254
9503.0,24.0,0.948729779620798,0.9904267456110221,0.10370611796654608,0.7453266931923936,0.7780840308929885,"[-0.5220805231532194, 0.7294927590863115]",-0.15626140726695414,0.9609749850235663,0.9938808419181301,"[-6.41552928014813, 6.1030064656142216]",0.5968746091447577
9504.0,24.0,0.8225878734171558,0.952756738845726,0.21488898946066565,0.5304575104894393,0.614511623143819,"[-0.4565113971886869, 0.8862893761100181]",-2.421936535832735,0.13062095793632525,0.5223251886007398,"[-5.562137057578516, 0.7182639859130462]",9.251116116783386
9505.0,24.0,0.583513544399376,0.8293502717358707,0.3198745643866524,0.29357793497929874,0.4171930921351808,"[-0.27704029555977294, 0.9167894243330778]",-2.676294648540826,0.006013049235103352,0.08614683717913112,"[-4.585762966957942, -0.7668263301237095]",10.22269253965582
9506.0,24.0,0.7021050088383711,0.9015215829973948,0.32360737383676846,0.3966619295241698,0.5094553423120599,"[-0.4246941238891753, 1.0719088715627123]",-2.803670408711266,0.021104164134419165,0.1899564728570582,"[-5.186505254778796, -0.42083556264373634]",10.70923210432494
9507.0,24.0,0.46845613914483764,0.7310489062809575,0.38003079985366567,0.21052630956101892,0.328485426058697,"[-0.2148378676372183, 0.9748994673445497]",0.7709494755782798,0.3349212278144892,0.7759432255686499,"[-0.7961079913176465, 2.3380069424742063]",21.055189922102695
9508.0,24.0,0.7450728769304182,0.9237571446140801,0.2682457179611195,0.4402421779849892,0.5458675486484678,"[-0.4129704328929755, 0.9494618688152145]",2.2437328197292707,0.0807073281354149,0.4143086659928896,"[-0.27409836302959123, 4.761564002488132]",15.429571938301681
9509.0,24.0,0.4167276394130818,0.6799643130324067,0.3144626911159055,0.17737277123775264,0.2893992025416098,"[-0.14245834643338184, 0.7713837286651929]",-0.7512804541414235,0.31214110696577846,0.757560761484743,"[-2.2081173281671713, 0.7055564198843243]",2.869679950198357
9510.0,24.0,0.888887635395808,0.9758344883036644,0.1464226237755397,0.6265145235314233,0.6878350984788195,"[-0.4433027259097171, 0.7361479734607965]",-3.028784924193006,0.15570418584211457,0.5680561322222348,"[-7.210260375324886, 1.152690526938874]",11.569106213940682
9511.0,24.0,0.5316672046703672,0.7882389987700033,0.4528553606352091,0.2541487987520118,0.37685171819693325,"[-0.3254983727356881, 1.2312090940061062]",1.6903648490419974,0.045392484550377706,0.3016468940219791,"[0.034664859447147256, 3.3460648386368472]",17.543281887508336
9512.0,24.0,0.664472953226638,0.8827859083654018,0.3300925534423709,0.3617731100658923,0.4805061894885009,"[-0.3793103365453818, 1.0394954434301236]",-2.4667335925916154,0.025697924072631488,0.21290740739545558,"[-4.634038999758589, -0.2994281854246421]",9.422228269242842
9513.0,24.0,0.9423623172902638,0.9886639316868188,0.12424219831504474,0.7302471973192759,0.7661810904619409,"[-0.582000692802612, 0.8304850894327016]",-0.6711566514052807,0.8185538731151534,0.966095377463714,"[-6.405298537023316, 5.062985234212754]",2.5636295678437078
9514.0,24.0,0.1843149505805966,0.3537714982353102,0.7058315502943576,0.05593041172444473,0.10735203785881905,"[-0.017866254911876434, 1.4295293555005917]",1.2510537099495966,0.01364536185350668,0.14500915891080424,"[0.25691065339917507, 2.245196766500018]",19.22132683171362
9515.0,24.0,0.8984548927558457,0.9792423899246274,0.17091578716169925,0.6429649077483074,0.7007791910063296,"[-0.5517321823796149, 0.8935637567030132]",0.804862463985268,0.7086581632388786,0.9440101397614125,"[-3.4169070734262688, 5.026632001396805]",20.92565184834293
9516.0,24.0,0.4630224861900209,0.7263097822588563,0.47958886006206397,0.20659842430573816,0.32417766249135127,"[-0.264667701980626, 1.2238454221047539]",-1.6294172305340107,0.03251029157391725,0.2490033861635895,"[-3.123093723921478, -0.13574073714654333]",6.22391535836626
9517.0,24.0,0.1683705157816571,0.32604669980956064,0.6787306607917793,0.04923024083958214,0.09535200627461193,"[0.0022876060606716875, 1.355173715522887]",-0.1455719180780779,0.7826091151693824,0.9605790545529682,"[-1.1796223025064905, 0.8884784663503347]",0.5560437680998689
9518.0,24.0,0.8501972225616606,0.9627484139121946,0.1948361403665813,0.5674859497568552,0.6427217069606028,"[-0.4730545279207618, 0.8627268086539244]",-1.371768176817885,0.41642567380116247,0.8288815882747501,"[-4.680272614030713, 1.9367362603949423]",5.239768466801364
9519.0,24.0,0.7385711119697314,0.920452532365069,0.2722359432903799,0.43310135143028805,0.539824693294638,"[-0.40843201878938407, 0.9529039053701439]",-1.6204992930143938,0.18687311816672803,0.6181710822584453,"[-4.026859015242566, 0.7858604292137783]",6.189851346243899
9520.0,24.0,0.576659071175261,0.8250952513596524,0.3936687484672025,0.28800870426519765,0.4122744886427459,"[-0.3325208824289477, 1.1198583793633528]",0.13409294137434902,0.8908060527516818,0.9795465253756226,"[-1.7803085623484234, 2.0484944450971216]",23.487802693116976
9521.0,24.0,0.9899909505490218,0.9967292107757114,0.057108165599504455,0.8871813894310857,0.8932555270147863,"[-0.7318440276606984, 0.8460603588597074]",-3.0709546765749716,0.6749270867180335,0.9338966192307091,"[-17.422467894302926, 11.280558541152981]",11.730182802913909
9522.0,24.0,0.1862537612162795,0.3570131516509095,0.7322059936112751,0.056859604663444085,0.10898908311950178,"[-0.0213678544100232, 1.4857798416325734]",-0.6460721422672959,0.2234428972691349,0.662664232788248,"[-1.6862011553701097, 0.3940568708355179]",2.4678138008594495
9523.0,24.0,0.5080726567596339,0.767133710946148,0.3084677542367496,0.23754378161770195,0.3586649277030076,"[-0.20339485044502809, 0.8203303589185273]",2.5732749592794604,0.0027839642739126832,0.05262692389248928,"[0.8868360396647721, 4.259713878894148]",14.170813687105877
9524.0,24.0,0.2147406790106618,0.4038964466676344,0.710424861638707,0.06939202501839674,0.13048519183602245,"[-0.056378754432522715, 1.4772284777099367]",-0.8408933650295563,0.12516193422514396,0.5121851406335655,"[-1.9156641450681313, 0.23387741500901882]",3.2119760557831536
9525.0,24.0,0.18075880494560773,0.347613086433861,0.6322293164011633,0.05449112729862914,0.10477048125096931,"[-0.012182293471679873, 1.2766409262740064]",-1.063895766710278,0.03681546964601546,0.26620006974703875,"[-2.062647011648295, -0.06514452177226104]",4.063782484955584
9526.0,24.0,0.9295883062742428,0.9878137795754037,0.12535085056084924,0.7018976504676002,0.7460646794936228,"[-0.5165215768633886, 0.7672232779850872]",1.4781933489640444,0.5567990718860093,0.8951179890946906,"[-3.4523596697907344, 6.408746367718823]",18.353717320003422
9527.0,24.0,0.5372626150339004,0.7933479801472435,0.37029456462569177,0.25849279975415074,0.38165185258253465,"[-0.2719968294327173, 1.0125859586841008]",-2.1148419515164756,0.014985100794709482,0.15400925791068326,"[-3.8186885879566717, -0.4109953150762795]",8.078101210606981
9528.0,24.0,0.9571572706850273,0.9911597957501838,0.11545847130834294,0.7671007286405118,0.7944709876130133,"[-0.6486125562474946, 0.8795294988641805]",0.26565808883504527,0.9393294489756555,0.9892015094756179,"[-6.575255388209586, 7.106571565879676]",22.98526084774936
9529.0,24.0,0.404880291912488,0.6674584436407649,0.35215003730921973,0.17008652837817761,0.28039322185654075,"[-0.1509393973153445, 0.8552394719337839]",0.6355200284414,0.38866564573886797,0.8129569926917439,"[-0.8094207310688111, 2.080460787951611]",21.57249230495158
9530.0,24.0,0.24102696029977505,0.4449390878296226,0.44020033087649907,0.08152209383150902,0.15043752321739992,"[-0.05510129266327146, 0.9355019544162696]",-1.0104759638671243,0.073473668471787,0.39585510100895854,"[-2.1169745491690595, 0.096022621434811]",3.8597338686000064
9531.0,24.0,0.3998241740865192,0.6619605531233762,0.47645123587458704,0.16703059113571161,0.27654071380084705,"[-0.19934967621982702, 1.152252147969001]",-2.2233249734138294,0.0019131150498882862,0.04131997947922864,"[-3.6274746931307735, -0.819175253696885]",8.492475830843226
9532.0,24.0,0.894094140408422,0.9779001863812993,0.1561393871289329,0.6352869116981293,0.6948342028854089,"[-0.4890817978550108, 0.8013605721128767]",-1.3286362455023841,0.5144023991466609,0.8803357696922911,"[-5.322634381754456, 2.6653618907496885]",5.075016625026274
9533.0,24.0,0.8404980290945667,0.9587751665643991,0.19116834443237984,0.5542334583136745,0.6322535458746001,"[-0.442354005731346, 0.8246906945961057]",2.4669918826051047,0.14796224054926485,0.5518919826529834,"[-0.8750914086844586, 5.8090751738946675]",14.576785135579604
9534.0,24.0,0.5372173986901942,0.7933479801472435,0.34290239689569524,0.25819406751755924,0.3813962627210764,"[-0.25150306668385536, 0.9373078604752458]",-3.0529760671297628,0.000888620189721536,0.02418308878087101,"[-4.853347486864265, -1.2526046473952608]",11.661509573398941
9535.0,24.0,0.7698281722220098,0.9333533805283444,0.22846302307737826,0.46685013321329527,0.5661115442482011,"[-0.38694504118777556, 0.8438710873425321]",-0.08909628950154325,0.9502295495234591,0.99111100131107,"[-2.886751982642671, 2.7085594036395846]",0.3403227572476116
9536.0,24.0,0.7848893396278602,0.9397892930302288,0.23126870872027017,0.48427054009858195,0.5799647186809365,"[-0.4167804992340326, 0.8793179166745729]",2.1133159968763247,0.13233804784211226,0.5255408448093354,"[-0.6389582884763816, 4.8655902822290304]",15.927727506766955
9537.0,24.0,0.8829999898203665,0.9742298309856686,0.17114244705156534,0.6171009098119078,0.6808972163077281,"[-0.4997728449748001, 0.8420577390779308]",0.5771712988010274,0.7763266614255837,0.9595896677274527,"[-3.4045187516562523, 4.558861349258307]",21.795368034841132
9538.0,24.0,0.5122484911925366,0.7701615853717045,0.4807037260754147,0.24036741141488782,0.3613903962821681,"[-0.32177213774608193, 1.2831795898969114]",0.3804480918460076,0.6639987338158007,0.93180039273632,"[-1.336094951955989, 2.096991135648004]",22.546795334227884
9539.0,24.0,0.5377455845923049,0.7936032830464949,0.3641081550477931,0.2588352061073186,0.3820445846602488,"[-0.267906932081529, 0.9961232421771151]",2.0946335098074353,0.015906951508776263,0.1605141423690844,"[0.3918827065882904, 3.7973843130265803]",15.999089350757295
9540.0,24.0,0.42116372349257003,0.6846655344493947,0.3765499516550876,0.18010009498260682,0.29275047949058325,"[-0.17403085887874276, 0.927130762188918]",-2.218393302892011,0.002656451684424639,0.05134290854266588,"[-3.6653409070906706, -0.7714456986933509]",8.473638237053274
9541.0,24.0,0.5426579364074522,0.7973228569019281,0.4186589821079943,0.2623270307093756,0.3854349554942339,"[-0.31338730190905345, 1.150705266125042]",0.33685412857914265,0.7140676745194702,0.9463571189696999,"[-1.465068654011916, 2.1387769111702015]",22.713312008057198
9542.0,24.0,0.41961888824095545,0.6829734509130135,0.4633074035454037,0.17914199132137132,0.29157225149962784,"[-0.21263780237912822, 1.1392526094699356]",-2.489913664473345,0.0009292101158929795,0.02477893642381279,"[-3.963774691452286, -1.0160526374944037]",9.510769621751706
9543.0,24.0,0.8201878151607638,0.9525990884561717,0.25441331860726596,0.5270738100757277,0.6121647039207059,"[-0.5339777602812368, 1.0428043974957686]",0.056291613230895265,0.9726637445174586,0.9946639642340541,"[-3.1633522322358885, 3.275935458697679]",23.78498187599246
9544.0,24.0,0.35823164303541394,0.6129448521222296,0.55739928307961,0.14263520438550575,0.24402943436356844,"[-0.18778948480492796, 1.3025880509641479]",2.1582197836350714,0.0013211622940662601,0.03151541688792117,"[0.8410034962410162, 3.4754360710291268]",15.756207675738182
9545.0,24.0,0.5800980591387649,0.8280770846332681,0.4167420046885594,0.29084821213200496,0.4152008738501141,"[-0.356549828925934, 1.1900338383030529]",1.1757245524578384,0.20197130616742331,0.6359298053130457,"[-0.630277353263107, 2.981726458178784]",19.509063018283886
9546.0,24.0,0.7151481271552265,0.9091997790376813,0.2562934598802238,0.4093699328417201,0.5204957823798094,"[-0.35258432537527495, 0.8651712451357225]",0.24564800578660861,0.8446881978293006,0.9708072590103425,"[-2.212036998783206, 2.703333010356423]",23.061693734841473
9547.0,24.0,0.7939649407013206,0.9435115159849323,0.2598255509282111,0.49499305516025605,0.5881008950478046,"[-0.486447873814797, 1.006098975671219]",0.9061686318407203,0.5325785033856583,0.8860064937375782,"[-1.9397371134201218, 3.7520743771015623]",20.53869079122551
9548.0,24.0,0.83393686189363,0.9557184058748653,0.20015611012595824,0.5453279754349412,0.6250177368881846,"[-0.44851198686902094, 0.8488242071209374]",2.1514173238364602,0.18643223500240647,0.6177343770788816,"[-1.040133539445402, 5.3429681871183226]",15.78219115818937
9549.0,24.0,0.6038528072210966,0.8446296027029797,0.38860520787875796,0.3096270605507617,0.4332266133353319,"[-0.3610488767135286, 1.1382592924710444]",1.4609243524172335,0.1232904349554909,0.5091169230657099,"[-0.3970626246161111, 3.318911329450578]",18.419680027907308
9550.0,24.0,0.9718287680098309,0.9936899468403179,0.0819391443454287,0.8109359842743029,0.8291778980309846,"[-0.5894036711587146, 0.753281959849572]",-1.5656329130178461,0.6971127800729312,0.9391521354987097,"[-9.449547949814669, 6.318282123778977]",5.980277212179687
9551.0,24.0,0.6115686273619821,0.8494856641717755,0.33623713265157246,0.31622575414801524,0.43920243631668787,"[-0.32130001396600044, 0.9937742792691453]",2.162554552107599,0.027869196588530036,0.22420914391415958,"[0.2351818886609216, 4.089927215554276]",15.739650079828701
9552.0,24.0,0.8152454697042639,0.9502803003896304,0.22653909658047058,0.5210782134146206,0.6073535202311965,"[-0.4654031880055115, 0.9184813811664526]",-2.265340342068229,0.14325628270662652,0.5422230035624452,"[-5.298589910466223, 0.7679092263297655]",8.652962717415448
9553.0,24.0,0.724776187624362,0.9137443400354902,0.18690901072634947,0.41904030099311906,0.5284240870026722,"[-0.2664267960552818, 0.6402448175079807]",-2.850956997020487,0.02568648041486048,0.21290740739545558,"[-5.3556523654980275, -0.3462616285429463]",10.889853566837674
9554.0,24.0,0.39064138068545007,0.6515773633856794,0.39743875050275757,0.16125047143938354,0.26906469454260556,"[-0.15861643417765925, 0.9534939351831744]",1.4644347708725274,0.033161224314785714,0.2519849871944203,"[0.11698414850731353, 2.8118853932377412]",18.406271217119762
9555.0,24.0,0.11066662230928812,0.22240076830644717,0.6591860825731459,0.027267794465519548,0.054809637116622206,"[0.07396036945729612, 1.2444117956889957]",1.5123511010827482,0.0005227292200646034,0.01742430733548678,"[0.6578401277921434, 2.366862074373353]",18.22324431773304
9556.0,24.0,0.18043742327554574,0.34706178741209026,0.576921759871541,0.054401654723723034,0.10463868960131377,"[-0.010898685311482303, 1.1647422050545644]",0.8591741615144262,0.09649262681378046,0.45005889372099095,"[-0.15397180672046207, 1.8723201297493144]",20.71819644523547
9557.0,24.0,0.8755996015349958,0.9724665269479806,0.15533914839938537,0.6053569751844889,0.6726188613160988,"[-0.433884503003491, 0.7445627998022617]",-2.5950428046241245,0.18770898838115424,0.6197061352959863,"[-6.455860496137268, 1.2657748868890182]",9.91233335738364
9558.0,24.0,0.8960046175920006,0.9784880399724428,0.14436595462003035,0.638582760881494,0.6975234963205833,"[-0.45806828675414724, 0.7468001959942079]",-1.894365942589837,0.3588900147652646,0.7955885940263016,"[-5.941189968272209, 2.152458083092535]",7.235944890914644
9559.0,24.0,0.3196759861371756,0.5625382909455842,0.47125449747260684,0.12130390567379834,0.21341292342329052,"[-0.12490355133525932, 1.0674125462804729]",-0.5676049006747332,0.38690363378060333,0.812261783178813,"[-1.8533488559109876, 0.7181390545615212]",2.168091015973634
9560.0,24.0,0.973444685126802,0.9939054670015901,0.08847294603541318,0.8164481634949797,0.8337058751097516,"[-0.6585846628832471, 0.8355305549540736]",1.3327298928540943,0.7488855448417424,0.9551730187504387,"[-6.827305860358128, 9.492765646066317]",18.909346793902532
9561.0,24.0,0.7731904872289467,0.9345665441914526,0.2229618383108101,0.47071923489372947,0.5693596768905842,"[-0.3828769767449094, 0.8288006533665295]",-1.8632171671189202,0.1652073125296467,0.5827418431380836,"[-4.494662177144989, 0.768227842907149]",7.116965332815701
9562.0,24.0,0.07907390619454668,0.16357862266145362,0.6688452809941813,0.016971225341716925,0.03510077630137937,"[0.11973293727495427, 1.2179576247134083]",2.3841846324728992,1.3500908405949603e-08,4.655485657224001e-06,"[1.561430397275416, 3.2069388676703827]",14.893085531956903
9563.0,24.0,0.9205860971692948,0.9859416571445778,0.1356001897124799,0.6836078329198496,0.7323846506533637,"[-0.5165279469717576, 0.7877283263967174]",-2.9946247021652916,0.23946928531878908,0.6828322934667496,"[-7.9842404336105, 1.9949910292799173]",11.438623777312825
9564.0,24.0,0.09870849019919767,0.20050475360389533,0.6303299644440628,0.02318849076923503,0.047111927609173154,"[0.08616576389928288, 1.1744941649888427]",1.4598103277452772,0.0005795803903456543,0.018388431698563728,"[0.628313591453443, 2.2913070640371114]",18.423935288705742
9565.0,24.0,0.88304191880541,0.9742298309856686,0.14239341566412408,0.6171652368613247,0.6808972163077281,"[-0.4159214897122855, 0.7007083210405337]",-0.5689035471241821,0.7796109372093523,0.9596392629361795,"[-4.553630201128978, 3.4158231068806146]",2.1730514800158387
9566.0,24.0,0.6295559892871178,0.8619331726274887,0.2865830220449052,0.33120675045048475,0.45345940642180277,"[-0.29147651895804744, 0.8646425630478578]",-0.5236770365190528,0.6176673611600534,0.9174210890671123,"[-2.579911800233787, 1.5325577271956812]",2.000298934697334
9567.0,24.0,0.9057807734987456,0.9814506159917061,0.16680506796099817,0.6558620018724248,0.7106533772591015,"[-0.5668290049064058, 0.900439140828402]",0.5216195148453231,0.8196516452217085,0.966095377463714,"[-3.9625324028846327, 5.005771432575279]",22.007560219180093
9568.0,24.0,0.56733083646898,0.8178331216217096,0.41376747981926937,0.28102844365207547,0.4051152423988402,"[-0.3385148977612081, 1.1660498573997469]",-0.5037686668493979,0.5947064750709871,0.9093024904449286,"[-2.359626067467522, 1.3520887337687262]",1.9242545640935018
9569.0,24.0,0.14816175700255557,0.2903993669199443,0.7120869792730308,0.04127149229956591,0.0808769200461805,"[0.02820310557226835, 1.395970852973793]",0.9447732383968388,0.0510015282957331,0.3260241270234306,"[-0.004113728315601084, 1.8936602051092786]",20.39123205619693
9570.0,24.0,0.9471236262192645,0.9903030923991356,0.11821065951678095,0.7413949894843748,0.7752744844550609,"[-0.5838621128329684, 0.8202834318665302]",1.729390052928947,0.5538767694863226,0.8947928424657877,"[-3.996566175890422, 7.455346281748316]",17.394216589017685
9571.0,24.0,0.18795150081566728,0.3599224450702169,0.4678585939874071,0.057414942591756064,0.10999031147845989,"[-0.014730427764463483, 0.9504476157392776]",-1.5764946060422487,0.0018515363267897326,0.04025078971282028,"[-2.569043787012361, -0.5839454250721363]",6.021765823424017
9572.0,24.0,0.2399566097281462,0.44336576913350084,0.5793357789671435,0.08105082307001829,0.14976131387660438,"[-0.07150879579496794, 1.230180353729255]",0.8750312194624197,0.12426794942019502,0.5107259184944607,"[-0.24072292449859845, 1.9907853634234378]",20.657626945507843
9573.0,24.0,0.2556273931467605,0.4674115800818439,0.5478780972092653,0.0885452660197192,0.16190394225584054,"[-0.08262366798639975, 1.1783798624049302]",0.6123940016366092,0.3032614600459631,0.7514276816848787,"[-0.5535230398852684, 1.7783110431584868]",21.660827220472978
9574.0,24.0,0.5743292628212803,0.8235059732601697,0.33731479207697485,0.2865186891229041,0.41083838417393764,"[-0.28299970737115826, 0.9576292915251079]",2.267078493340744,0.014984167555171478,0.15400925791068326,"[0.4405976756835963, 4.093559310997891]",15.340398033779858
9575.0,24.0,0.9721961029802395,0.9937497270692525,0.075998044813398,0.81226818947743,0.8303702611709568,"[-0.5511718108890097, 0.7031679005158057]",-1.0577162558717141,0.7977459329133245,0.963577645746255,"[-9.147321738115899, 7.031889226372471]",4.040178492255246
9576.0,24.0,0.4460504739776706,0.7092550071198451,0.4044353372365138,0.19568543369501257,0.31118581337462153,"[-0.20817222645908373, 1.0170429009321114]",-1.208716595038112,0.1074554302292657,0.4795749035878054,"[-2.680411648388948, 0.26297845831272393]",4.616957301540485
9577.0,24.0,0.4581551214801952,0.7211821646735787,0.3023053719275334,0.20345025657037197,0.32039410483523145,"[-0.16358202802606603, 0.7681927718811328]",-0.20578820362391959,0.8005391007563334,0.9643261963868218,"[-1.802219308805784, 1.390642901557945]",0.786053036081959
9578.0,24.0,0.4365073932252733,0.6996834304912658,0.429345815672144,0.18969439258176957,0.3039974240092461,"[-0.21229565265932293, 1.070987284003611]",1.0316294866031246,0.1682662487670913,0.5870841641586949,"[-0.43590016525780406, 2.4991591384640532]",20.059465626426203
9579.0,24.0,0.5655858727398041,0.8161992835536037,0.34287415282858513,0.27969342751128345,0.4036011248751197,"[-0.27878712307867803, 0.9645354287358483]",-1.063317373645427,0.2407861673843288,0.6848298276004801,"[-2.8399764139576833, 0.7133416666668293]",4.061573186187878
9580.0,24.0,0.4870880537294029,0.7497122575487192,0.2996182499563097,0.22292421811438246,0.3431186980366053,"[-0.18220501136014672, 0.7814415112727662]",-0.427487735749402,0.6114331079822741,0.9157302800393502,"[-2.0767258822843675, 1.2217504107855635]",1.6328828701363025
9581.0,24.0,0.36649091394970923,0.6222256603560429,0.5576234006671414,0.14714871547557487,0.2498704626856425,"[-0.1962838908328861, 1.311530692167169]",0.19491261219701794,0.7850988145220984,0.9608848990282411,"[-1.2060738164309295, 1.5958990408249654]",23.255488663149382
9582.0,24.0,0.4728924057502794,0.7362484909703868,0.4306360007180649,0.21315315735493134,0.3319108647694353,"[-0.24733229929798156, 1.1086043007341113]",0.07877553127381809,0.9247804180429524,0.9882244262053349,"[-1.5565482266917197, 1.7140992892393558]",23.69909963527396
9583.0,24.0,0.5741331409760457,0.8235059732601697,0.28835643086295676,0.28630028041125943,0.41064297247742315,"[-0.2416844251152495, 0.8183972868411631]",-0.5428728877525018,0.5696536391068767,0.9003534678471261,"[-2.4142816605900563, 1.3285358850850528]",2.0736216853531753
9584.0,24.0,0.3574940073607861,0.6122653335448516,0.4355293067801176,0.14198544543771294,0.24333409672272996,"[-0.14578369189941298, 1.0168423054596483]",1.70509937121329,0.009364106443062632,0.11378015119152651,"[0.41898203806587486, 2.9912167043607054]",17.487000158604534
9585.0,24.0,0.7627790195429487,0.9298352270236534,0.2327428327305753,0.4592715570153728,0.5598824296176677,"[-0.3836607901184417, 0.8491464555795922]",1.034973278425439,0.43529535598702296,0.8422274456758182,"[-1.5651400287459096, 3.6350865855967878]",20.046693282493607
9586.0,24.0,0.8848105948964643,0.9749979007123574,0.1404129900629175,0.6198188143464872,0.6829959386738151,"[-0.4143147598579249, 0.6951407399837599]",1.4979899622298696,0.4401123881738279,0.8462360780650421,"[-2.305110141800616, 5.301090066260356]",18.27809982741779
9587.0,24.0,0.8038192556481215,0.9465322931489172,0.2682166059184047,0.5066941675812308,0.5967426305278892,"[-0.5234997466748091, 1.0599329585116184]",-0.32402006246635295,0.8347229021271372,0.9707873627483405,"[-3.3677450374444655, 2.7197049125117596]",1.2376654704591548
9588.0,24.0,0.16566535695025952,0.32155542886308136,0.6266566540751641,0.048119089312347686,0.09341698565782894,"[0.005184697743860434, 1.248128610406468]",3.0362322293079376,7.516591168460072e-09,3.2680831167217706e-06,"[2.006477618768648, 4.065986839847227]",12.402447175937201
9589.0,24.0,0.41751038293846116,0.680649466805447,0.3927284188555548,0.17760294706754343,0.2895885276874591,"[-0.1782175300020991, 0.9636743677132087]",1.336105430984806,0.062295671556896214,0.36260577157681145,"[-0.06864675217560401, 2.7408576141452157]",18.89645318800418
9590.0,24.0,0.44119439494443363,0.7039961623495031,0.3633305051705736,0.19249099562462157,0.3071991631417516,"[-0.1830859299835343, 0.9097469403246814]",0.23057174579566464,0.7715762620602631,0.9589249382121035,"[-1.3260627639866622, 1.7872062555779915]",23.11928080606301
9591.0,24.0,0.5735472657635973,0.8231403942148471,0.360467780626362,0.28556800602872967,0.40988332965648944,"[-0.30111791373915675, 1.0220534749918806]",-3.115131281548466,0.001368441560072952,0.03219862494289299,"[-5.022383417120679, -1.2078791459762537]",11.898925004127099
9592.0,24.0,0.3340554513490002,0.5812692732712723,0.38844073016286274,0.12892243631882458,0.22440807018072162,"[-0.11297355027467448, 0.8898550106004]",0.19192285476272097,0.7785605656318795,0.9596363723535175,"[-1.14580152005644, 1.529647229581882]",23.266908695332923
9593.0,24.0,0.7665326341385921,0.9324080210906118,0.31021016857893025,0.4632853787716261,0.5635389597027443,"[-0.5187524260016441, 1.1391727631595046]",-1.2477083826630917,0.34533566880472466,0.7853899522787541,"[-3.8391334662488807, 1.3437167009226973]",4.765894959312603
9594.0,24.0,0.13766035693992282,0.2716801992104259,0.5947923659346142,0.03718590670306633,0.07338840872916189,"[0.03532505222543292, 1.1542596796437954]",-1.1159605963713277,0.017269246258525647,0.16815234915799074,"[-2.034613197334476, -0.19730799540817923]",4.26265548499863
9595.0,24.0,0.4518268656012229,0.7149159265842134,0.3914138872363129,0.19959245557558203,0.3157980169974069,"[-0.20665972781737252, 0.9894875022899983]",2.4551598815608005,0.0017748016992978732,0.03909254844268443,"[0.9155769280372461, 3.994742835084355]",14.621980050448471
9596.0,24.0,0.8378875008765828,0.9579141429936925,0.22848937433693742,0.5504238692247019,0.6292716008056498,"[-0.5214890701752616, 0.9784678188491364]",-0.1459730978104785,0.9330480059499167,0.9892015094756179,"[-3.5515198126920784, 3.2595736170711214]",0.5575761617993852
9597.0,24.0,0.6145965836421987,0.8521860560762601,0.2764609462668945,0.31872004426586786,0.44193017785062105,"[-0.2669730686726393, 0.8198949612064284]",0.9850907805118299,0.318751266190596,0.7621981496666571,"[-0.9514083308394623, 2.921589891863122]",20.237230389294936
9598.0,24.0,0.4338820417207071,0.697223271285083,0.46533130393268624,0.18786524548173866,0.3019370708481817,"[-0.22721812283180204, 1.1578807306971746]",1.8456738076712824,0.012016245274853718,0.1324834098660829,"[0.40541347673028016, 3.2859341386122844]",16.950045364173008
9599.0,24.0,0.5261991510318652,0.783267566287385,0.4123999614964777,0.25039266232438673,0.37266358434943697,"[-0.29082935070329324, 1.1156292736962485]",1.105777441267314,0.1934149218872505,0.6246874840857641,"[-0.560667979862995, 2.772222862397623]",19.776241302307177
9600.0,24.0,0.7926300563779323,0.9429258609541356,0.22566651059899903,0.4932171886605089,0.5868260669829205,"[-0.4198350739501957, 0.8711680951481937]",0.3153130090300795,0.8341028959424395,0.9707873627483405,"[-2.635389143201495, 3.266015161261654]",22.7955930238004
9601.0,24.0,0.7424128575680746,0.92328424022892,0.2366029530294691,0.43721196769678183,0.5437283518179105,"[-0.3602916221932093, 0.8334975282521475]",0.2778819616737884,0.8344895809931899,0.9707873627483405,"[-2.3287050171158175, 2.8844689404633943]",22.938569092885054
9602.0,24.0,0.7342906449554996,0.9185522203596442,0.26784188243167684,0.42893766227135277,0.5365073949610416,"[-0.3958158229655463, 0.9314995878289]",2.5781607758362117,0.04486278262502796,0.30013260115252566,"[0.059089716723867536, 5.0972318349485555]",14.152151242560743
9603.0,24.0,0.6596836550538009,0.8805654487825544,0.30185382679841105,0.3572463061307395,0.47705916120864617,"[-0.3407777593794486, 0.9444854129762708]",1.858463370446092,0.07721490201297795,0.40478983322809736,"[-0.20285934350308743, 3.9197860843952714]",16.901192832918724
9604.0,24.0,0.8704942142341182,0.9711122638619929,0.20619064058912218,0.5972868911023616,0.6666454138948729,"[-0.5587564636988048, 0.9711377448770492]",0.15208927138581618,0.9382628979003311,0.9892015094756179,"[-3.6965432169417425, 4.000721759713375]",23.41906177602486
9605.0,24.0,0.6783499608285872,0.8885904648003501,0.3283683729243356,0.3742223695250737,0.4902690547950658,"[-0.3959124603500923, 1.0526492061987636]",-2.8102125155827555,0.01541262589525986,0.15727169280877407,"[-5.083828587263887, -0.5365964439016242]",10.734221111848933
9606.0,24.0,0.978639263753123,0.9948458548782764,0.06972707526741095,0.8353722167392181,0.8493007490231985,"[-0.58788446821371, 0.7273386187485319]",-1.122442537254603,0.8111591297427788,0.9656985281831257,"[-10.329901821409196, 8.08501674689999]",4.2874146753762945
9607.0,24.0,0.32603612517568054,0.5711915297401551,0.5172760403979831,0.12478813024255574,0.2185431352759295,"[-0.1432151500184251, 1.1777672308143914]",0.7814078583439095,0.23049712350830542,0.6711758648269693,"[-0.4958481969853106, 2.0586639136731293]",21.015241842569168
9608.0,24.0,0.6454235963801258,0.8736107151869597,0.28612010915899594,0.34492130043706737,0.4668037629409492,"[-0.3076261702399267, 0.8798663885579185]",-0.7288630022588674,0.4930788975504914,0.8707026267887893,"[-2.813052457935376, 1.3553264534176415]",2.7840515915111523
9609.0,24.0,0.9486955359519451,0.9904267456110221,0.12236526957053556,0.7453026237873113,0.7780840308929885,"[-0.6159427120887613, 0.8606732512298323]",1.926542036328823,0.5193676576954092,0.8822634845607745,"[-3.9338229561061286, 7.786907028763775]",16.641151484254607
9610.0,24.0,0.6949309060248963,0.8981916841474683,0.24165417947671042,0.3897553344485315,0.5037551175501247,"[-0.30904327692961253, 0.7923516358830334]",-2.838489489978552,0.018015865078734778,0.17242510945059325,"[-5.190561628102548, -0.4864173518545556]",10.842231197867505
9611.0,24.0,0.5934832756261716,0.836363127996296,0.33079367690096007,0.3013041142626287,0.4246112095020134,"[-0.29644906333006404, 0.9580364171319842]",-1.7628704170862584,0.05897877324345128,0.3521120790653807,"[-3.592594631544922, 0.06685379737240527]",6.733668981833982
9612.0,24.0,0.5711009913615981,0.8214916446513205,0.29870779107681383,0.28380965981712336,0.4082417431201429,"[-0.24752868313789905, 0.8449442652915267]",-1.9011895319666223,0.03568130538114163,0.2627281442919216,"[-3.6751437491163372, -0.1272353148169072]",7.262009082409318
9613.0,24.0,0.6867447789300176,0.893295601562366,0.19851489222323696,0.38190388179954016,0.49694714612822405,"[-0.2464586189329279, 0.6434884033794018]",-0.03760076435376991,0.9747589914578161,0.9955285224381598,"[-2.3667947756334575, 2.2915932469259177]",0.1436243402624644
9614.0,24.0,0.759190064425465,0.9292412049271298,0.3034729124274783,0.45536208756537067,0.5572602190623035,"[-0.493300786512741, 1.1002466113676976]",0.9908464010135711,0.45257781345340653,0.8510636664122461,"[-1.5946419018929068, 3.576334703920049]",20.21524553841302
9615.0,24.0,0.9017543567690208,0.9803320843451189,0.20667541115724924,0.6486633402312714,0.7051454943268521,"[-0.6823910547560887, 1.0957418770705873]",2.0606501506371266,0.3374496034049227,0.7775336483984394,"[-2.1498689103002686, 6.271169211574522]",16.12889622103302
9616.0,24.0,0.7970720731913201,0.9445015023982967,0.20382879584303756,0.4987185343670154,0.590888508150813,"[-0.38669997728210437, 0.7943575689681796]",-2.292238830592861,0.11915182745916979,0.5035661646934338,"[-5.175239510932756, 0.5907618497470342]",8.755707375264947
9617.0,24.0,0.8970476692591667,0.9786020165880102,0.16905878186135848,0.6403138819126406,0.6985841529450781,"[-0.5400734670008086, 0.8781910307235256]",2.9683763574033115,0.18099355094520686,0.6110518262836153,"[-1.3808061326114425, 7.3175588474180655]",12.661637514291561
9618.0,24.0,0.9611254920976465,0.9918311520199155,0.10080625748351721,0.7780531410046021,0.803045157535012,"[-0.6001754979580582, 0.8017880129250927]",3.1164480571236086,0.3979573083023068,0.8191259073718239,"[-4.109751526137911, 10.342647640385128]",12.096045283671463
9619.0,24.0,0.9804957254174713,0.9948681677324512,0.06984444383296791,0.8426528984324206,0.8550511399618677,"[-0.6197864124518183, 0.7594753001177542]",-0.3698779220312973,0.9431078883683021,0.9899283388510246,"[-10.528294076055285, 9.788538231992693]",1.412829591164151
9620.0,24.0,0.3513075253703991,0.6047642027378192,0.36053770970650445,0.13852894497569515,0.2385140237184834,"[-0.11650612950240602, 0.8375815489154149]",0.23662596100598332,0.7348274407807891,0.9521915928031705,"[-1.1326190260120377, 1.6058709480240043]",23.096155407408663
9621.0,24.0,0.9604615831877619,0.9918311520199155,0.11869518140375572,0.7762968659598901,0.8017939123733631,"[-0.7000266691833632, 0.9374170319908746]",0.52770780756709,0.8830284908462905,0.9769289073763932,"[-6.501994511936189, 7.557410127070369]",21.984304654020264
9622.0,24.0,0.7716569573838419,0.9344356471104891,0.230770747093399,0.46902787460802364,0.5679678791572096,"[-0.3939030497468517, 0.8554445439336498]",-2.7919841643963252,0.04965644300876978,0.3205709684233039,"[-5.5797756879531555, -0.004192640839494999]",10.664593939151283
9623.0,24.0,0.9172498018412599,0.9852676399952099,0.12849096427571438,0.6771796414178295,0.7274461718958315,"[-0.47643022414155844, 0.7334121526929872]",-0.362377439078438,0.8834636783702049,0.9770666648641948,"[-5.207837758661857, 4.483082880504981]",1.3841798566635737
9624.0,24.0,0.9190658656300654,0.9856991265873718,0.14666940466036515,0.680827395276821,0.7301881116225022,"[-0.5521945736688786, 0.8455333829896089]",-0.7361735641528231,0.7629029797566707,0.9565635162989086,"[-5.51911363213414, 4.0467665038284935]",2.811975881004008
9625.0,24.0,0.3573145031930347,0.6122653335448516,0.4613606237694902,0.14204252831357686,0.24334851518515824,"[-0.15451832838494534, 1.0772395759239257]",0.4477189810207225,0.5210468979922412,0.8830050096912935,"[-0.9196936226536552, 1.8151315846951002]",22.289839465307654
9626.0,24.0,0.553904989236078,0.8062663598778428,0.28225185402353753,0.27089184599408567,0.3942538873440338,"[-0.22019856751848915, 0.7847022755655642]",-0.617918121656996,0.5017195884140127,0.8731021700276606,"[-2.420718806435877, 1.1848825631218851]",2.3602733637064817
9627.0,24.0,0.6509492946989135,0.8769355984088826,0.38712496405343155,0.3495458942072871,0.4708957216856892,"[-0.42396529530969107, 1.1982152234165542]",1.2284929767916406,0.23641882838864792,0.6781592906603683,"[-0.8051485853425087, 3.26213453892579]",19.3075024845584
9628.0,24.0,0.5144004695287285,0.7727211499605356,0.33562272671808097,0.24207316833818615,0.36352780948819063,"[-0.22669294106128418, 0.8979383944974462]",2.3263784643966208,0.006377938305255227,0.08932686702038133,"[0.6547747038094365, 3.9979822249838053]",15.113888829329879
9629.0,24.0,0.7229194536244573,0.9127174942076481,0.34171695192770996,0.41729944675721165,0.5268664368621203,"[-0.4840015362555416, 1.1674354401109615]",-2.0605980350135527,0.08770988074645689,0.43100678499487416,"[-4.4257238966708865, 0.30452782664378075]",7.87090471194848
9630.0,24.0,0.32613485947561,0.5712644236742161,0.5656333023714025,0.1246019940783467,0.21833186276212843,"[-0.15624697129970178, 1.2875135760425067]",2.949325901382653,1.2385306501688177e-05,0.0012024569419114735,"[1.6267500302635831, 4.271901772501723]",12.734404896143783
9631.0,24.0,0.7948219527873588,0.9437448976340048,0.2538706131785352,0.49596954627258727,0.5888436103993012,"[-0.4769524494959555, 0.9846936758530259]",2.1265588827335105,0.1408166163124205,0.5366486902150172,"[-0.7034933925222773, 4.956611157989299]",15.877143408887607
9632.0,24.0,0.15481963009574723,0.3025002541925503,0.5725687799069387,0.04388441179306558,0.0857117417833312,"[0.01569205059746359, 1.1294455092164137]",0.99443234322246,0.0417991856560067,0.2893787691658366,"[0.03690927088661222, 1.9519554155583076]",20.201548248136543
9633.0,24.0,0.6272450186182377,0.8605364502925472,0.3703383047668975,0.32922841607589814,0.4517424587019535,"[-0.3736123432177317, 1.1142889527515267]",-2.0578800499056236,0.04020098060522506,0.28280498316758507,"[-4.023768982673666, -0.09199111713758179]",7.86052277358423
9634.0,24.0,0.753777823919771,0.9262406539556202,0.26412009656748603,0.4492566652092106,0.5521158476210035,"[-0.42003050413829834, 0.9482706972732704]",-2.953492443128023,0.03106707764990901,0.2412733639411791,"[-5.638171655577588, -0.2688132306784583]",11.281510121001201
9635.0,24.0,0.3904759544480264,0.6515534030502693,0.4365373040456533,0.1612005897664649,0.2690263514126584,"[-0.17414781911979704, 1.0472224272111035]",1.3382563174055395,0.05231183606059967,0.33025149028156353,"[-0.013382402739877453, 2.6898950375509565]",18.888237407062846
9636.0,24.0,0.9284394065784191,0.9877014963600204,0.16343614086382272,0.699585212580429,0.7442395878515203,"[-0.6666887144092525, 0.993560996136898]",-1.2039350813227383,0.6326213054242533,0.9223220313219056,"[-6.140062637068458, 3.7321924744229813]",4.598693264502163
9637.0,24.0,0.35781888145432594,0.6125986671020818,0.4681926776441367,0.1422230007331363,0.24353253550194573,"[-0.1570894186638359, 1.0934747739521093]",-2.8797395514456863,4.356589440097232e-05,0.0028909645674687757,"[-4.260510378968899, -1.4989687239224732]",10.999794826315641
9638.0,24.0,0.613923842024763,0.8514893786751221,0.2334152169246664,0.318215245843394,0.4412914239958314,"[-0.22492628058192696, 0.6917567144312597]",-0.7394996494273203,0.46202248741234286,0.8550833639977362,"[-2.7100666768590775, 1.231067378004437]",2.824680590905961
9639.0,24.0,0.9631404734331359,0.9923284751869268,0.08563467224366147,0.7838923070926559,0.8078032843081779,"[-0.5263642884498895, 0.6976336329372125]",2.883319685945481,0.444430259552397,0.8474209762881348,"[-4.506447878775118, 10.27308725066608]",12.986530067222528
9640.0,24.0,0.6089106547242386,0.8471211111912056,0.3552482836812102,0.3140945811187955,0.4369198225960259,"[-0.3364138945802353, 1.0469104619426557]",2.34687454599497,0.018068245479574467,0.17242510945059325,"[0.40128733075243406, 4.292461761237505]",15.035599564520469
9641.0,24.0,0.3895616256742719,0.6505347989161016,0.4100860884649355,0.16060959708109512,0.2682867451687825,"[-0.1627863643442486, 0.9829585412741195]",-0.11156325256893229,0.8801642126744047,0.9766268042296392,"[-1.5619375844821313, 1.3388110793442667]",0.42614023473012397
9642.0,24.0,0.9428265827607235,0.9886899740086511,0.12934251991925058,0.7313116158793008,0.7668634588989925,"[-0.608923282735814, 0.8676083225743152]",0.9749590281600744,0.7341708220654196,0.9521126807754771,"[-4.652196553435034, 6.602114609755183]",20.27593083255009
9643.0,24.0,0.8724511944486044,0.9711122638619929,0.22287314707311812,0.6004902499415796,0.6683996548770922,"[-0.611243674975625, 1.0569899691218612]",-2.1475874045221186,0.25330885782243373,0.7014922675780497,"[-5.83226946983015, 1.5370946607859124]",8.203179627638136
9644.0,24.0,0.4420208697523016,0.7049774637197792,0.46631086637596014,0.19321352326468832,0.3080398829344479,"[-0.23611825765354072, 1.168739990405461]",-1.0255941828188186,0.17434770182394455,0.5989271790585522,"[-2.5054076074585554, 0.4542192418209181]",3.9174812112457915
9645.0,24.0,0.22807658531301966,0.4250402260771891,0.5463412920186772,0.07542414397321118,0.1405331544125418,"[-0.055955474900715174, 1.1486380589380696]",-1.093921316927844,0.046741814323609875,0.308526827218547,"[-2.172072611535115, -0.015770022320572785]",4.1784716386238925
9646.0,24.0,0.5251179057600742,0.7822402886341043,0.3147550017990775,0.2496946171141774,0.37190142554986205,"[-0.22117849863706224, 0.8506885022352173]",0.6053798130457544,0.4917877797340342,0.8697731756428894,"[-1.1205513031347507, 2.3313109292262597]",21.687619447337298
9647.0,24.0,0.9419230809952789,0.9885842579715354,0.10421893138296119,0.7292255198525754,0.7653500418268004,"[-0.4858773935218052, 0.6943152562877276]",-0.6533213052993503,0.8228418610420307,0.9666963285808975,"[-6.372552239960142, 5.065909629361442]",2.495503563975381
9648.0,24.0,0.3581274419903166,0.6129170665588166,0.43191456495532454,0.14235020907430945,0.24366691043188882,"[-0.1451012254442018, 1.0089303553548508]",-0.14994188427581268,0.8320765678162848,0.9693343054709748,"[-1.5359162607462762, 1.2360324921946508]",0.5727358094162046
9649.0,24.0,0.28434017904439374,0.5119556698674717,0.5117842724884801,0.10263668473497488,0.18479777590020685,"[-0.10277078757928515, 1.1263393325562454]",-1.3899570915856616,0.018681468593110307,0.1758249803107462,"[-2.548318658275475, -0.23159552489584834]",5.309245003475816
9650.0,24.0,0.6449573790058383,0.8734525717847215,0.3192106530138557,0.3441812205630509,0.46611757931074066,"[-0.3421886073310408, 0.9806099133587522]",-0.11400090065453572,0.9172723345288893,0.9868519909818365,"[-2.2651241389260375, 2.037122337616966]",0.4354513645463387
9651.0,24.0,0.8533210064299432,0.963736856273508,0.19120154774209602,0.5719029033735132,0.6459260259470445,"[-0.47177472711481344, 0.8541778225990055]",-0.12357747040801925,0.9463475423553668,0.9904370601691201,"[-3.7228120141019447, 3.4756570732859062]",0.47203116648548843
9652.0,24.0,0.5463587266022699,0.8002910892079537,0.38888738640554704,0.26495400659845203,0.3880972705411631,"[-0.2948529950775229, 1.072627767888617]",-1.4486942274055874,0.09366337141766658,0.44222554965848243,"[-3.1424539605981088, 0.24506550578693398]",5.533604335687046
9653.0,24.0,0.4223950990600497,0.6862633615922822,0.383533764912341,0.18056834857839554,0.2934162310341169,"[-0.17786157326671498, 0.9449291030913969]",3.1160486948668744,5.941894141402053e-05,0.003713683838376283,"[1.594957506556127, 4.637139883177622]",12.09757073512531
9654.0,24.0,0.12604778770678768,0.25064185266810035,0.6805792579868176,0.03277917374547704,0.06518030174085711,"[0.05573160168962177, 1.3054269142840136]",-1.428677804026269,0.001552619349595903,0.03561053554119044,"[-2.313497396455457, -0.5438582115970813]",5.457147230314916
9655.0,24.0,0.7538672682544793,0.9262406539556202,0.27454717525478256,0.4493975507667912,0.5521655870664558,"[-0.4368337112188092, 0.9859280617283743]",2.8698424228971056,0.035686421881244795,0.2627281442919216,"[0.19198726597722082, 5.54769757981699]",13.0380094200265
9656.0,24.0,0.11538393645719049,0.2310451270668612,0.5172471794785031,0.02892648933106566,0.05792248564490521,"[0.05316298382998025, 0.9813313751270258]",-0.06019145943446347,0.8992893404886131,0.9819188762660309,"[-0.9923493040813013, 0.8719663852123744]",0.22991443922184385
9657.0,24.0,0.6502920075934566,0.8767775010560399,0.33701042466529024,0.3490569670168132,0.47059966542648285,"[-0.3683656574341652, 1.0423865067647458]",-0.46788913188034176,0.6684647385833593,0.9332201550489372,"[-2.6092387345754777, 1.6734604708147942]",1.7872048357855705
9658.0,24.0,0.9176432644444711,0.9852676399952099,0.14074590761077713,0.6779451171745047,0.7281120364885669,"[-0.5235392264800791, 0.8050310417016333]",-0.37403096774267475,0.879972206521655,0.9766268042296392,"[-5.228770227325832, 4.480708291840482]",1.4286930572566066
9659.0,24.0,0.6268622468161694,0.8604532899821888,0.2995551210772318,0.32874271169525415,0.45125972779032825,"[-0.3015993953033569, 0.9007096374578205]",1.8208929649345809,0.06585027394296698,0.3735328486937639,"[-0.11930715491069899, 3.7610930847798607]",17.0447012109457
9660.0,24.0,0.6339360951759752,0.8653906826394039,0.2778457945814539,0.33494826412199186,0.4572048377313566,"[-0.2869443732879193, 0.8426359624508271]",2.120610689669185,0.03746169410837238,0.26950859070771493,"[0.1230485439188258, 4.118172835419545]",15.899863832775262
9661.0,24.0,0.7762277746593964,0.9360035869521239,0.2533661759277044,0.47418178184706594,0.5717855804257397,"[-0.4404921294667017, 0.9472244813221105]",0.32800154876161436,0.8198802344908556,0.966095377463714,"[-2.4953361315616727, 3.1513392290849014]",22.747126372147
9662.0,24.0,0.5229590900970099,0.7806524706628002,0.23628280259180925,0.2481792182143593,0.37036146577280893,"[-0.16474986136957367, 0.6373154665531922]",-2.419314761920538,0.005431076018350156,0.08046038545703935,"[-4.124810857745963, -0.7138186660951129]",9.241101678116294
9663.0,24.0,0.3338978777635718,0.5811973503282364,0.47564136531440554,0.12907924474474913,0.2246028271180601,"[-0.1385865084955878, 1.089869239124399]",-2.3695476859392492,0.0003273041598007258,0.01257453676465526,"[-3.662242316197628, -1.0768530556808702]",9.051005450620645
9664.0,24.0,0.31241668628438035,0.5520392215637665,0.5018406519014779,0.11740311725918616,0.20742600222471055,"[-0.12634313935557473, 1.1300244431585305]",-0.5217256765728724,0.42299294040140045,0.8330768809375543,"[-1.7979525562976688, 0.754501203151924]",1.9928452887488664
9665.0,24.0,0.7080392111566638,0.9054209861338411,0.35313099182131996,0.40244822780603773,0.5147054966185416,"[-0.47352579169848624, 1.179787775341126]",1.2050381831430768,0.2991635033497696,0.7483333106609458,"[-1.0698276490711693, 3.479904015357323]",19.397093196919265
9666.0,24.0,0.49989973265158816,0.7605351173765224,0.41081545756115556,0.23179427239413442,0.3526460861009195,"[-0.26255585036271656, 1.0841867654850277]",1.0671273051956627,0.19274383261094608,0.6244437368203832,"[-0.5386486358504314, 2.6729032462417566]",19.92387394727464
9667.0,24.0,0.22256582693986374,0.41624429949478914,0.5238946156381703,0.07280721975783856,0.13616461521944748,"[-0.04845390442947961, 1.0962431357058202]",1.8576251620144744,0.0005772051702207286,0.018388431698563728,"[0.7998776716388087, 2.9153726523901398]",16.904394553284323
9668.0,24.0,0.9745018470367021,0.9941781362728787,0.07992928889534551,0.8202108300915542,0.8368644322942089,"[-0.6093649220920607, 0.7692234998827518]",-0.9843269229570382,0.8203688167132454,0.966095377463714,"[-9.480561185056771, 7.511907339142695]",3.7598518897691484
9669.0,24.0,0.5326296912179389,0.789032673613273,0.3828911777191775,0.255005745054552,0.3777359114324835,"[-0.27639856974149707, 1.0421809251798522]",-2.7487262193242517,0.002327828080359529,0.0468375871299704,"[-4.518065713232098, -0.9793867254164053]",10.499360760282046
9670.0,24.0,0.7111751098335439,0.9071886775422551,0.21998759050915764,0.4054910818332479,0.517213901933059,"[-0.29833353285457453, 0.7383087138728898]",2.8233897151806433,0.02278084192779473,0.19965680918312648,"[0.3932083183347781, 5.253571112026508]",13.215445693300369
9671.0,24.0,0.22041297259730475,0.4131005411953253,0.5776580243589265,0.07180840752525822,0.13457858184108343,"[-0.051220219581654014, 1.206536268299507]",-1.8175971424928878,0.00071164765130805,0.020930813273766172,"[-2.8699960159356435, -0.7651982690501322]",6.942709674658731
9672.0,24.0,0.7196903401300766,0.9117731807377712,0.2134570552156383,0.41384315100410296,0.5243831107502571,"[-0.298527933680347, 0.7254420441116236]",-0.13517421900430726,0.9152359645840303,0.986565242976216,"[-2.6243239073688245, 2.35397546936021]",0.516327483194926
9673.0,24.0,0.5146598245635862,0.7729946298642028,0.38543845283736194,0.24196428630324374,0.363470896886014,"[-0.26019114668395354, 1.0310680523586775]",-1.367848417714768,0.09729744498514625,0.4523358669695316,"[-2.984720093455406, 0.24902325802586978]",5.224796089913592
9674.0,24.0,0.907756642664144,0.9823142978726804,0.15469574213557946,0.6592717862454024,0.7134203941623226,"[-0.5329548782790897, 0.8423463625502486]",3.095034066864346,0.18906079925725106,0.6208893243259477,"[-1.523763040754142, 7.713831174482834]",12.177840701297463
9675.0,24.0,0.21263760533322035,0.40059835217260803,0.7497828120376095,0.06836109304471473,0.12881306396215325,"[-0.056500446361628875, 1.5560660704368479]",1.1356875553172259,0.03384602986231611,0.25467291092788646,"[0.0866723449834117, 2.18470276565104]",19.661993082319515
9676.0,24.0,0.7963037064194832,0.9444516968797697,0.2332336531197246,0.49762227458214026,0.5903499744045884,"[-0.44076444978056145, 0.9072317560200107]",0.35890225380319496,0.8130700094586889,0.9659171815673817,"[-2.6158651924248026, 3.3336697000311926]",22.62909437328959
9677.0,24.0,0.2183579634846908,0.4099079472211204,0.6250300100551609,0.07101809033170636,0.13329221158353294,"[-0.05352446763230345, 1.3035844877426253]",0.6420745915246817,0.2515307626001735,0.6995542680148162,"[-0.4554311100796524, 1.7395802931290159]",21.547455718203295
9678.0,24.0,0.205676166180794,0.39005531230948987,0.513163599098031,0.06533022140527137,0.12389573564436064,"[-0.03256982386945517, 1.0588970220655172]",0.7206723372453085,0.18629640891185373,0.6176940176301067,"[-0.3480896694274638, 1.7894343439180809]",21.247234444267672
9679.0,24.0,0.5078588463121863,0.767133710946148,0.2961096031195414,0.2371140232937201,0.3581782829210273,"[-0.1947962502246806, 0.7870154564637634]",-1.6383692445898683,0.04419770623914239,0.29782820915864144,"[-3.2341983180939007, -0.04254017108583619]",6.2581095332690895
9680.0,24.0,0.6209279087830143,0.8559800231362203,0.2944898642254205,0.3236813294768567,0.4462723417576957,"[-0.2903487208170635, 0.8793284492679045]",-3.093424374076412,0.003300788762768533,0.058317822663755,"[-5.156903017554143, -1.0299457305986803]",11.81601072516512
9681.0,24.0,0.4913738286835646,0.7529479446576228,0.37779346972969136,0.22573334788990318,0.3460226324157086,"[-0.23343945599536559, 0.9890263954547482]",0.23823592789530057,0.7803188103795743,0.9596987437192043,"[-1.4359405569108665, 1.9124124127014677]",23.090005786881086
9682.0,24.0,0.5845797019380825,0.8294263648383691,0.39695982479012226,0.2945111594911789,0.41786486874457845,"[-0.3452363806935381, 1.1391560302737826]",-2.512621959534496,0.00924318628646268,0.11244752173312264,"[-4.404588258942321, -0.6206556601266711]",9.597508919547824
9683.0,24.0,0.3972673841662456,0.6592393795183282,0.42506094331564853,0.16538361490010034,0.2744500745106212,"[-0.17550834325027037, 1.0256302298815674]",1.133318857376775,0.1070968869840454,0.478790635860042,"[-0.24516660930934475, 2.5118043240628944]",19.671040841981462
9684.0,24.0,0.20930109764930474,0.3958787547745503,0.6667456592828344,0.06680108938200682,0.12634970565917691,"[-0.0461787137446531, 1.379670032310322]",0.2714577788233612,0.6301896180241597,0.9216640993393094,"[-0.8336132438546315, 1.376528801501354]",22.963107663828374
9685.0,24.0,0.517757319005971,0.7756663955145633,0.39097631360289237,0.2442111770152684,0.3659129740790263,"[-0.2670595931968745, 1.0490122204026593]",0.2796812512168758,0.7525749897729628,0.9552799279805988,"[-1.4591684941069027, 2.0185309965406546]",22.93169631308899
9686.0,24.0,0.6295031532359434,0.8619331726274887,0.355079892170275,0.33089363232096036,0.4531547963858674,"[-0.36067937022343366, 1.0708391545639837]",-1.5826830467410087,0.1097716607088396,0.48460856440097866,"[-3.522379388560433, 0.3570132950784157]",6.045403925677746
9687.0,24.0,0.8936228263342222,0.9775985410066975,0.20904442744118043,0.6344337095918046,0.6940528493510607,"[-0.6526238561926049, 1.0707127110749657]",-1.5472123634564126,0.44455645104617114,0.8474209762881348,"[-5.51371950269027, 2.4192947757774452]",5.909915895767574
9688.0,24.0,0.40236173050752577,0.6649508023591568,0.4018053221805978,0.1683190676943772,0.27830533679625863,"[-0.16984799704519876, 0.9734586414063944]",-1.7711276753138083,0.01147314071487068,0.12810102875929902,"[-3.144315226390045, -0.39794012423757175]",6.765209384953201
9689.0,24.0,0.17599867838644925,0.33924186273409646,0.5763306101522901,0.05237507749798558,0.10095427428293288,"[-0.005919462225949079, 1.1585806825305294]",0.09992887885620139,0.8519032658845718,0.9708072590103425,"[-0.949170840593256, 1.1490285983056587]",23.618299799337706
9690.0,24.0,0.8688517965417564,0.9708132427268606,0.20601330496376632,0.5949427673746429,0.6648148031899015,"[-0.5534158805719759, 0.9654424904995086]",0.4769920574689177,0.8041114584523305,0.964856561617867,"[-3.2922638220534504, 4.246247936991286]",22.17802454971796
9691.0,24.0,0.7612743813155668,0.9294675252910781,0.26665226241916723,0.4576323731914368,0.5589061714599863,"[-0.4369869727119358, 0.9702914975502703]",0.5609793293370604,0.6819737583818709,0.9356843168376249,"[-2.1222232693934022, 3.244181928067523]",21.857216802327134
9692.0,24.0,0.9197397621968638,0.9859416571445778,0.09281166731411712,0.6820120192303871,0.7311449605814614,"[-0.35116940757621806, 0.5367927422044523]",-1.2330162473205313,0.6026541748728427,0.91161020243821,"[-5.875209045154688, 3.4091765505136253]",4.709775136168356
9693.0,24.0,0.9747265418820669,0.9942131190147561,0.06916442348641416,0.8210216762629844,0.8374354103049616,"[-0.5300448525715918, 0.6683736995444202]",-2.3392835474359046,0.5961760950599462,0.9098026124541037,"[-10.991570723215222, 6.313003628343413]",8.935404956831244
9694.0,24.0,0.7904163961330392,0.9419802526107132,0.18498480022304872,0.49070697778868844,0.5848015466436521,"[-0.34109114275565766, 0.7110607432017552]",-0.48585443678494133,0.7431699111121967,0.9540050206831793,"[-3.3921037756646713, 2.4203949020947886]",1.855827245698853
9695.0,24.0,0.8908937286907143,0.9766429825594324,0.12505879532072298,0.6299176561521915,0.6905654943009102,"[-0.38363565629815355, 0.6337532469395994]",1.2773759014427988,0.5250811179423376,0.8839273529919359,"[-2.6620141434277533, 5.216765946313351]",19.120783466373908
9696.0,24.0,0.7262517320036433,0.9144443868089188,0.27659869393410563,0.4205148203568254,0.5294822719174331,"[-0.39640485675143544, 0.9496022446196467]",-0.25727528519867704,0.8411551191173428,0.9708072590103425,"[-2.7732913777175643, 2.25874080732021]",0.9827192009939181
9697.0,24.0,0.17021508696841287,0.32910883017867915,0.5083021469830057,0.049979217210577596,0.09663421734450425,"[4.6114350381265545e-05, 1.0165581796156302]",1.4787375442039377,0.002610019262281104,0.050877568465518594,"[0.5159478051036672, 2.4415272833042083]",18.35163864730496
9698.0,24.0,0.6553726091609939,0.8781904941339596,0.28181753854236663,0.35359066766472524,0.473728118521872,"[-0.31361604569587426, 0.8772511227806075]",-1.0195093557903014,0.33589600188445723,0.7765781593921399,"[-3.0959818859754686, 1.0569631743948658]",3.8942388840590474
9699.0,24.0,0.2288904042659903,0.426092784550381,0.47493988912966695,0.0756800510308271,0.14091439857285815,"[-0.049101184529916575, 0.9989809627892505]",0.166092587610712,0.7760312762462446,0.9595896677274527,"[-0.9781658525522647, 1.3103510277736887]",23.365573048099957
9700.0,24.0,0.15495653836010986,0.30264948898458954,0.62123134668909,0.04382506843220438,0.08562928572138409,"[0.017195643270287886, 1.2252670501078922]",1.4040632327778528,0.0033349068377826973,0.05881669907905992,"[0.4664606285875539, 2.3416658369681516]",18.636873506155638
9701.0,24.0,0.33231165571791316,0.5790410449867802,0.5116593762550615,0.12794634345748954,0.22294187743071883,"[-0.14712444151285275, 1.1704431940229758]",-1.702278498850137,0.007158302732170005,0.09647308264380061,"[-2.9428595387805765, -0.4616974589196974]",6.502224902665214
9702.0,24.0,0.7385398000674657,0.920452532365069,0.1744784139051195,0.4333955466882079,0.5401240611767297,"[-0.2620468020048402, 0.6110036298150793]",-2.268824629922099,0.07356503746503376,0.3959366924921085,"[-4.754037709462162, 0.216388449617964]",8.666271716657812
9703.0,24.0,0.6633815916995962,0.8819218182658817,0.3042690538651088,0.3605530992408844,0.4793903445450458,"[-0.3479772265987074, 0.956515334328925]",-1.2913533375455417,0.2225216784494808,0.6622669001472642,"[-3.3662032612353823, 0.7834965861442988]",4.932606406766156
9704.0,24.0,0.9335995253544733,0.9878137795754037,0.15641414229186237,0.710451146577266,0.7525168378108951,"[-0.6693525282407944, 0.9821808128245191]",1.417004337192477,0.5852628279202152,0.9069222328018148,"[-3.6722540418623346, 6.506262716247289]",18.5874421284759
9705.0,24.0,0.24063678767282773,0.44438926624714264,0.7127303902281961,0.08126131818801105,0.15006706959928173,"[-0.08852844230514767, 1.51398922276154]",-1.9502100021848072,0.0004717970302366254,0.01604751803525937,"[-3.0434701642557105, -0.856949840113904]",7.449253485959234
9706.0,24.0,0.26150095686182834,0.4769304338169402,0.5309884986076739,0.0914189976072586,0.1667317118498242,"[-0.08556557994041913, 1.147542577155767]",-0.9378955422484747,0.10926157994212549,0.4832444933309398,"[-2.0857053569149864, 0.20991427241803717]",3.5824970796647597
9707.0,24.0,0.9084930981811374,0.9826858822943617,0.15521960459372475,0.6606818209650736,0.7147467818646352,"[-0.5378196573972365, 0.848258866584686]",-1.8482697118487614,0.40185718540019644,0.8206211468997754,"[-6.169518906379075, 2.472979482681552]",7.059870259386322
9708.0,24.0,0.6481811371946664,0.8753807020033882,0.25447183454085304,0.346977238614401,0.46878859786436444,"[-0.2758548774064134, 0.7847985464881195]",-1.5361445099966504,0.13329530687602864,0.5268589204586113,"[-3.5416878937108973, 0.4693988737175965]",5.867639809666665
9709.0,24.0,0.955071246529578,0.9911597957501838,0.07276930048104581,0.7615189689269604,0.790646260364618,"[-0.39718605587069566, 0.5427246568327873]",-2.9117306753060173,0.39326001731328486,0.8163177410562709,"[-9.596458288265147, 3.772996937653112]",11.121991918254123
9710.0,24.0,0.33071962341646904,0.5771451687285147,0.5061162019862889,0.12725347904794204,0.22212162514913955,"[-0.14434601116675116, 1.156578415139329]",-0.49422653988788046,0.4605579384686769,0.8547845925550797,"[-1.8069096838407217, 0.8184566040649608]",1.887806323928639
9711.0,24.0,0.5033687843637025,0.7636055588041603,0.4133158766980936,0.2339821267822194,0.3550478560202589,"[-0.2673336445122793, 1.0939653979084665]",-3.023095110419137,0.0005284893509185258,0.017447883217858097,"[-4.7326606625665, -1.3135295582717734]",11.547372726243477
9712.0,24.0,0.6974822088134852,0.8995399749777305,0.3486332607996335,0.39238399852844585,0.5060687685318038,"[-0.45027596754470356, 1.1475424891439707]",2.173237232231675,0.05949299995527922,0.3531286863405158,"[-0.08698751269810101, 4.433461977161452]",15.69884524749551
9713.0,24.0,0.44410680934915997,0.7071764480082166,0.4013710351434991,0.19456757039768013,0.30982097197082825,"[-0.20507509697812082, 1.007817167265119]",0.9930430334585774,0.1907692022225096,0.6232250971006521,"[-0.4946265902657325, 2.4807126571828872]",20.206855020530327
9714.0,24.0,0.6676763184787468,0.8845738188642643,0.2970164337020116,0.3646787057355283,0.48314613902428233,"[-0.34517942390440737, 0.9392122913084305]",0.8371923565831274,0.44610338590087417,0.848193393719321,"[-1.3163816563836854, 2.9907663695499402]",20.802160755145024
9715.0,24.0,0.6879681474860815,0.8936972557626415,0.3454039878844466,0.38305340330515936,0.4976658481293482,"[-0.43069564246946723, 1.1215036182383604]",-1.5282637116124667,0.16599602960660864,0.5842585000380387,"[-3.6906771849593847, 0.6341497617344514]",5.837537377226181
9716.0,24.0,0.6184980447718524,0.8543462899797167,0.39821329414145207,0.3217924015415655,0.44452604163774767,"[-0.38953244312083074, 1.185959031403735]",1.9089050894353186,0.05130501023639029,0.32664474011254907,"[-0.01081748697847984, 3.828627665849117]",16.70851965895422
9717.0,24.0,0.2104628973251698,0.397492334967148,0.5694866149745569,0.06732049669466365,0.12713974824299085,"[-0.04060136570495998, 1.1795745956540737]",-0.27115243487020724,0.6312280094939757,0.9220225036291709,"[-1.3783398651777505, 0.8360349954373361]",1.0357260081839206
9718.0,24.0,0.5763045083508622,0.8250660869761373,0.336136684135697,0.2878547482983881,0.41220451192517354,"[-0.28372718226553695, 0.9560005505369309]",2.7931482177929627,0.003947029604568592,0.0653481722610694,"[0.8938498914777766, 4.692446544108149]",13.33095970439837
9719.0,24.0,0.5010340046937368,0.7619942823206581,0.36433636005369563,0.23268081444260735,0.35371831907286366,"[-0.23398551143864044, 0.9626582315460317]",-0.7619244279227297,0.36403521578978104,0.7986341840478475,"[-2.407115218241035, 0.8832663623955757]",2.9103369351928072
9720.0,24.0,0.7561141183497652,0.9274982421812499,0.2557988518979731,0.45206026416789025,0.5544710709774197,"[-0.41091224186666525, 0.9225099456626114]",-0.6948372185688445,0.6038309151160058,0.9122797909689765,"[-3.3193459280805198, 1.9296714909428307]",2.6540826715069272
9721.0,24.0,0.8723928561222408,0.9711122638619929,0.16675446650971953,0.6003727090960952,0.6683432139553548,"[-0.4571333482313507, 0.7906422812507898]",2.6277392835156785,0.1771812595618587,0.6032313583807511,"[-1.1887348876637276, 6.444213454695085]",13.962775292921384
9722.0,24.0,0.9914643675832927,0.9968074560951746,0.05131931762026461,0.8958048435138,0.9007590181134237,"[-0.7167164865548187, 0.819355121795348]",-3.1370717966956034,0.6925986972887246,0.9381119128929635,"[-18.689986395549372, 12.415842802158167]",11.982731598678686
9723.0,24.0,0.8455200909624876,0.9603230413825136,0.24503288281199537,0.5609144522011977,0.6373024244488538,"[-0.5808811811370944, 1.0709469467610853]",-1.7415756234163728,0.29367780667801646,0.7432839769777736,"[-4.992185637206857, 1.5090343903741115]",6.65232886164156
9724.0,24.0,0.9027876814439187,0.9807470598957175,0.15022582854016261,0.6505612584453802,0.7066709303121662,"[-0.49977088705422923, 0.8002225441345545]",-2.436307753585596,0.2727053316444915,0.723164496538031,"[-6.7897372562041935, 1.9171217490330017]",9.306010125030214
9725.0,24.0,0.9752149509577539,0.994409301576029,0.09961190901373303,0.822740136225335,0.838931514454303,"[-0.7718904424720443, 0.9711142604995104]",2.525342007812613,0.5764644404003496,0.9025590111168773,"[-6.336034521007884, 11.38671853663311]",14.35390407501626
9726.0,24.0,0.36406411132165123,0.6195781336311287,0.47192422415473934,0.14580301617128436,0.24813311125133483,"[-0.1639944109130279, 1.1078428592225067]",-0.29214341370118113,0.6807005987187857,0.9356709260739322,"[-1.6835903857868906, 1.0993035583845283]",1.1159056411748045
9727.0,24.0,0.6780607332475685,0.8885209441484517,0.3320972910829151,0.3738956705907842,0.4900978772981835,"[-0.3999076821423292, 1.0641022643081595]",-0.23793372192867057,0.8379964538702369,0.9708072590103425,"[-2.518812872881575, 2.042945429024234]",0.90883987135681
9728.0,24.0,0.7579295988036807,0.9287935165833112,0.26434602869130436,0.4537609168860961,0.5560795550074707,"[-0.4272403594540461, 0.9559324168366548]",-2.936775465095732,0.03368542858219234,0.2545397793716303,"[-5.646977654777683, -0.2265732754137808]",11.217655968503658
9729.0,24.0,0.6136716077382813,0.8513005153697968,0.3694571408037893,0.31790315967989435,0.4409809400470167,"[-0.355552878923373, 1.0944671605309515]",-1.074319091563022,0.2731714950906676,0.7238248412577308,"[-2.9958827857777046, 0.8472446026516605]",4.1035966531259875
9730.0,24.0,0.8758254142540396,0.9724665269479806,0.19734038457756678,0.6057654696935872,0.6726311141059317,"[-0.5520484036023178, 0.9467291727574513]",0.8027647389758465,0.6782278547055329,0.9349708501592678,"[-2.9896093220498, 4.595138800001493]",20.933664567650855
9731.0,24.0,0.4464389756829038,0.7094147990472688,0.3377361791366252,0.1959012987703539,0.3113003317501254,"[-0.174087707292022, 0.8495600655652724]",-0.3088248352113929,0.6987005159990014,0.9396049854761145,"[-1.872566223078229, 1.254916552655443]",1.1796239777623967
9732.0,24.0,0.25479094001909786,0.46613783391712016,0.5756346113905917,0.08794452633783591,0.16092319549466771,"[-0.0855596130403522, 1.2368288358215356]",-0.1209321616779091,0.8424312320100743,0.9708072590103425,"[-1.3132914525861876, 1.0714271292303694]",0.4619268314358602
9733.0,24.0,0.07801209206275994,0.16144886602392372,0.5903821756919978,0.01657073166168693,0.03430793304697087,"[0.10746011848903836, 1.0733042328949574]",1.700563319254198,2.346198670905274e-05,0.0019735595998265592,"[0.9124437006914415, 2.4886829378169546]",17.504326600798404
9734.0,24.0,0.4226324008870384,0.686323241104436,0.42812667739947297,0.18083223780377589,0.29374957408020774,"[-0.19892067786206902, 1.0551740326610148]",1.8937335602513157,0.008968371677772306,0.11044792706616141,"[0.4734182459419829, 3.3140488745606484]",16.76647063168775
9735.0,24.0,0.8187337001755273,0.9516361507159439,0.14088018562285545,0.525240961818772,0.6106033036721368,"[-0.2937578558526026, 0.5755182270983136]",-0.1626028785153757,0.9206611590322719,0.9876219255870755,"[-3.3623300301302024, 3.037124273099451]",0.6210972450406318
9736.0,24.0,0.6961619617938312,0.8988656491868143,0.31789316276841056,0.3908231899650171,0.5046787060498671,"[-0.40817683376561803, 1.0439631593024392]",-3.0687201688377224,0.011245559767320964,0.12706847194712956,"[-5.441360068935834, -0.6960802687396104]",11.721647612071662
9737.0,24.0,0.7327706027603502,0.9172244370513833,0.28503695529434475,0.4274219125263933,0.5350130335791629,"[-0.4189126491229804, 0.9889865597116698]",-2.2594142648982434,0.0708541257713823,0.38909459512016636,"[-4.710888472606147, 0.19205994280965966]",8.630326770021515
9738.0,24.0,0.8138971992200772,0.9492619538372722,0.24741801745923434,0.5193879710618066,0.6057709016349505,"[-0.5052416039528673, 1.000077638871336]",2.32778232187749,0.13282758112287135,0.5260498262291935,"[-0.7076365602982952, 5.363201204053276]",15.108526488750433
9739.0,24.0,0.7890324325510594,0.9412291930705706,0.21781991039719095,0.48913446753359213,0.5834837976065753,"[-0.39939528192051255, 0.8350351027148945]",0.5909603252607827,0.687065118448308,0.9372486972514004,"[-2.284269966964856, 3.466190617486421]",21.742697833525252
9740.0,24.0,0.5732258336406612,0.8230090935257159,0.298308580135845,0.28545816501387333,0.40988332965648944,"[-0.2490682098471822, 0.8456853701188722]",-2.8029215207197886,0.003666867758593196,0.06299216899404521,"[-4.6937001779487755, -0.9121428634908022]",10.706371562908961
9741.0,24.0,0.6137025415300865,0.8513005153697968,0.25051803429448877,0.31781690655759454,0.4409224563784608,"[-0.2410023509138715, 0.7420384195028491]",2.804582233125147,0.0065541928687438775,0.09115706354303028,"[0.7826931514121167, 4.8264713148381775]",13.287284982970236
9742.0,24.0,0.8673645236927671,0.9701834484814971,0.18473585888931343,0.5925480958872136,0.6628796239928555,"[-0.49185490305479873, 0.8613266208334256]",1.3812492735180246,0.4436334685206881,0.8471322596985049,"[-2.152620736899029, 4.915119283935079]",18.724016411460408
9743.0,24.0,0.8386399656896285,0.9581171777557735,0.1608782186881576,0.5516165175157265,0.6302028076267868,"[-0.36876156312348846, 0.6905180004998037]",-0.47620947066847474,0.7815850694588998,0.9602961905134536,"[-3.842629336913396, 2.8902103955764464]",1.8189861888975047
9744.0,24.0,0.5927837486239046,0.8356128398983712,0.30769484052283624,0.30070580587830353,0.42398597956082906,"[-0.2750267438770789, 0.8904164249227514]",0.08705041964118365,0.9308782354337649,0.9892015094756179,"[-1.8799293184573438, 2.054030157739711]",23.667491889981164
9745.0,24.0,0.5866747596214588,0.8310341722585731,0.34000260714002595,0.29595141804950653,0.4191946431296127,"[-0.29759944766774793, 0.9776046619477998]",2.847722918934403,0.00394503266465383,0.0653481722610694,"[0.9114217313894075, 4.784024106479398]",13.122499701492217
9746.0,24.0,0.45228158941839897,0.7154568030617405,0.44267597477368226,0.1996159265440609,0.3157980169974069,"[-0.23376053341247682, 1.1191124829598413]",-0.19512122982519564,0.8091503475329987,0.9651125328399317,"[-1.7785386142287352, 1.3882961545783439]",0.7453081974923914
9747.0,24.0,0.9036425743139389,0.9808891106307509,0.14520180957294992,0.6518712787410519,0.7077095632841731,"[-0.48558932531256327, 0.7759929444584631]",-1.730843187307407,0.4179728899784577,0.8299699959858174,"[-5.919273694892668, 2.457587320277854]",6.6113339754457225
9748.0,24.0,0.8865898130631746,0.9753506907742993,0.18063597135510462,0.6228585078273998,0.6852882691466605,"[-0.5392455431843324, 0.9005174858945415]",1.1525933184435626,0.5608007978198164,0.8964207126275837,"[-2.7312403093310307, 5.036426946218156]",19.597417823880384
9749.0,24.0,0.8455287061958594,0.9603230413825136,0.16985350185088807,0.5611193047857488,0.6373024244488538,"[-0.40295850410374956, 0.7426655078055258]",-2.6019129939204273,0.13754961988411613,0.5319010823051668,"[-6.036075212284787, 0.8322492244439332]",9.938575547459248
9750.0,24.0,0.8472098453670774,0.9609912039100242,0.2652317661397134,0.5634020165027813,0.6390676230748427,"[-0.6344714558123348, 1.1649349880917617]",0.42346821456361905,0.8114754771007358,0.9656985281831257,"[-3.056206459376277, 3.903142888503515]",22.382470569837615
9751.0,24.0,0.9567600287873259,0.9911597957501838,0.105966359290484,0.7660182445191485,0.7938835573833024,"[-0.5919475537681774, 0.8038802723491455]",-1.7969837349212234,0.5798598228791328,0.903509696208661,"[-8.15914105114905, 4.565173581306603]",6.863972257642772
9752.0,24.0,0.487344410209664,0.7498759966297338,0.40172355434893536,0.2230007947924172,0.3431309352091355,"[-0.24440460354131222, 1.0478517122391828]",-1.2907014200889204,0.10417475101777574,0.4707399503740431,"[-2.847512111999823, 0.2661092718219822]",4.9301162655091355
9753.0,24.0,0.9525465650205749,0.991078205928571,0.09242073293986665,0.7550590849398715,0.7858565031296314,"[-0.48820583452123556, 0.6730473004009688]",-2.5718197707846002,0.4297920548810248,0.8382915055217959,"[-8.956076401494014, 3.812436859924814]",9.823627902284025
9754.0,24.0,0.10482399744266907,0.2117228791005233,0.758710633227592,0.02526073791106112,0.051021486388731815,"[0.0940771730582236, 1.4233440933969606]",1.4046586745656882,0.001117304043982351,0.028430128345606893,"[0.5599458666035617, 2.2493714825278146]",18.63459908606306
9755.0,24.0,0.685369438217938,0.892756855826414,0.2646305046772254,0.38088481467681423,0.4961375728498296,"[-0.3272737492689284, 0.8565347586233791]",1.0355740443862178,0.3553091472584601,0.7927468702776888,"[-1.1602490174710427, 3.2313971062434783]",20.04439852555842
9756.0,24.0,0.7556608285842329,0.9274187881495249,0.22592084501400314,0.4512482528305204,0.5538827210390578,"[-0.3618606186250857, 0.8137023086530919]",1.5243454371466063,0.23279277566671397,0.6742147546764915,"[-0.9795710583607367, 4.028261932653949]",18.177429328764998
9757.0,24.0,0.23695326653561197,0.4388023454363184,0.5190271790065315,0.0795902979369482,0.14738944062397816,"[-0.06125518919891304, 1.099309547211976]",-0.5368737599301259,0.3554494533145255,0.7928830098472575,"[-1.6755887045928326, 0.6018411847325809]",2.0507067050210654
9758.0,24.0,0.6758303761046665,0.8877583536413529,0.30542139267093993,0.371792841972418,0.4885210680972627,"[-0.3648299061956841, 0.975672691537564]",-3.0049582688399172,0.009704893497915161,0.11675328389972531,"[-5.282306253764413, -0.7276102839154213]",11.478095094497696
9759.0,24.0,0.6372521069005868,0.8681683886991963,0.3416995392449723,0.33752765105044114,0.4599095940188597,"[-0.3566067046117565, 1.040005783101701]",-0.13177736666658024,0.9030783309096772,0.982851517978372,"[-2.252753631206336, 1.9891988978731754]",0.5033524630228657
9760.0,24.0,0.3166319212567309,0.5583352517311424,0.5797796621748542,0.1197202459425027,0.21103515942623427,"[-0.1505446195193525, 1.310103943869061]",0.7781996333140846,0.22621421027337552,0.6659965563800643,"[-0.4821563814510692, 2.0385556480792384]",21.027496359498315
9761.0,24.0,0.8554337034886113,0.964521032234312,0.17697039973975115,0.5749209495195182,0.6483095957594928,"[-0.4415101170510898, 0.7954509165305921]",1.6074112552748439,0.3488948863860868,0.788463020081552,"[-1.7558325211738977, 4.970655031723585]",17.860141275395044
9762.0,24.0,0.5038097642041309,0.7637940071109626,0.32838618277583675,0.23461730166946215,0.3556056428394065,"[-0.21313566360853453, 0.869908029160208]",-0.7856382271912477,0.35041401193153876,0.7892843005542584,"[-2.4346474574698975, 0.8633710030874024]",3.0009169761465735
9763.0,24.0,0.7286860678148452,0.9150478185522077,0.2437337108452977,0.4231701175851934,0.5314218538400806,"[-0.35270690102880764, 0.8401743227194031]",-1.039543832611769,0.39624896366950135,0.8173980824432705,"[-3.4412575771518044, 1.3621699119282664]",3.9707649485005647
9764.0,24.0,0.6743033430246234,0.8873579984532483,0.27554406724325414,0.37038556733481176,0.4874387229824838,"[-0.3273648041560972, 0.8784529386426054]",-0.12053675059880398,0.9171607069496971,0.9868519909818365,"[-2.3919113282206723, 2.1508378270230644]",0.4604164723688311
9765.0,24.0,0.05884974612229187,0.1243392058362389,0.6843861603075627,0.011032386077795032,0.02330949942487858,"[0.15663412206171445, 1.212138198553411]",1.7963824540350464,2.282178911266869e-06,0.00033027639457530766,"[1.0514953050168039, 2.541269603053289]",17.13832446616255
9766.0,24.0,0.4192670296834163,0.6826590356355918,0.4074490464153527,0.17868386046481466,0.29096867035468926,"[-0.18637492876988243, 1.0012730216005878]",-1.7925880394319353,0.012561744942443222,0.1363924532295681,"[-3.2002270697874913, -0.3849490090763792]",6.847181937672046
9767.0,24.0,0.14861509007654664,0.2911167288473,0.5697951849923203,0.04139292798275976,0.08108311064203676,"[0.0222402113678013, 1.1173501586168393]",-1.9791012682651274,3.409168081604386e-05,0.002488443855185683,"[-2.915087365029469, -1.0431151715007858]",7.559609993372022
9768.0,24.0,0.9772386732370815,0.9946449600377419,0.07508821519937155,0.8301047278831731,0.8448903082780388,"[-0.6108048820232946, 0.7609813124220378]",-2.5563233516726993,0.588960042226937,0.9077706636973603,"[-11.828758494566278, 6.7161117912208805]",9.764435941438839
9769.0,24.0,0.7278399268843059,0.9150478185522077,0.2576141294163461,0.4223364760541106,0.5311072384986301,"[-0.3716612810059058, 0.886889539838598]",2.154612179974733,0.07924351258326812,0.4097389482071775,"[-0.25150751656555714, 4.560731876515023]",15.769987706664404
9770.0,24.0,0.8513545294646843,0.9629697658319869,0.22066824658984818,0.5693678508367004,0.6440084275949558,"[-0.5394634459014316, 0.980799939081128]",-2.3875294205345323,0.17535553175722152,0.6006691614566658,"[-5.840517883619011, 1.0654590425499464]",9.119690617329585
9771.0,24.0,0.8921411526419198,0.9769912868067611,0.15325073775754913,0.6319551606964229,0.692098522282798,"[-0.47384842591691667, 0.780349901432015]",1.7251374513621798,0.39135917936592335,0.8149920436608149,"[-2.2195480764732607, 5.669822979197621]",17.41046033046612
9772.0,24.0,0.3280292445750925,0.573778633155663,0.4360776238887855,0.12577945903844986,0.2200232403822969,"[-0.1221974742974909, 0.9943527220750619]",-2.661232862626964,6.735865596732022e-05,0.004082342785898195,"[-3.969980836852974, -1.3524848884009542]",10.16516075533623
9773.0,24.0,0.33281345941924917,0.5798143892321415,0.4810225655033846,0.1284737028745341,0.22378279546165145,"[-0.13917145912528628, 1.1012165901320556]",0.6867572074093271,0.3001405092260293,0.7495405365352824,"[-0.6123236402701855, 1.9858380550888397]",21.37678069768367
9774.0,24.0,0.9802309834967419,0.9948681677324512,0.09223317166937853,0.8416511747287909,0.8542608741816062,"[-0.8126221450276447, 0.9970884883664017]",-2.43850016970732,0.6283097152470801,0.9210446214337967,"[-12.311047912701948, 7.434047573287309]",9.314384537744296
9775.0,24.0,0.25098769959678924,0.460443404140138,0.41098855582789817,0.08632403634060935,0.1583636696764068,"[-0.05867236475298465, 0.880649476408781]",-0.7330586025978736,0.21048328827440976,0.6491064669475473,"[-1.8804194758316441, 0.414302270635897]",2.8000776043077336
9776.0,24.0,0.7060795655737337,0.9042204855699142,0.325325216243295,0.4004481653645906,0.5129723940009987,"[-0.43301173320068365, 1.0836621656872736]",2.9137683264368692,0.01794483692206578,0.17242510945059325,"[0.5008094686219491, 5.326727184251789]",12.87022482775135
9777.0,24.0,0.5187207522165301,0.77652389257086,0.3484973587773112,0.2449105940746723,0.3666326258602879,"[-0.23891421722974587, 0.9359089347843683]",-1.2721060604653855,0.12675682657675,0.5152716527510163,"[-2.9048857489739732, 0.36067362804320213]",4.859087223845367
9778.0,24.0,0.4561908460339522,0.7195202810067074,0.425011820637808,0.20213155561316365,0.3189200940567429,"[-0.2280704549411658, 1.0780940962167818]",-0.12009088268785018,0.8826924684177112,0.9768649301292893,"[-1.7152301053537409, 1.4750483399780405]",0.4587133824009666
9779.0,24.0,0.6038125501071119,0.8446296027029797,0.35329926829071845,0.3098024487670301,0.4332901381357065,"[-0.32849362134084614, 1.035092157922283]",1.113139336231617,0.24712220723229616,0.6937024917526613,"[-0.7719255443079256, 2.9982042167711596]",19.748120934928963
9780.0,24.0,0.9569203181444104,0.9911597957501838,0.08596784675172287,0.7665174253354273,0.7942362712003185,"[-0.4814790453411123, 0.653414738844558]",-2.7022205459492237,0.4336727332116188,0.8405753050684345,"[-9.466946566331725, 4.0625054744332765]",10.321722173095177
9781.0,24.0,0.19762525948875787,0.37655022262674737,0.5419225424888304,0.06177152057675411,0.11766003919381736,"[-0.026700162399464378, 1.1105452473771251]",0.6449389694945244,0.2332909330817715,0.6744461783225543,"[-0.41557902095807875, 1.7054569599471276]",21.53651460029648
9782.0,24.0,0.9713667176985081,0.9936899468403179,0.07987890821373018,0.8094202048942774,0.8281360803092668,"[-0.5692778667916155, 0.729035683219076]",0.20965210155635106,0.9610655077301977,0.9938808419181301,"[-8.207794950940439, 8.627099154053141]",23.199187960984865
9783.0,24.0,0.546240683395696,0.8002353990561031,0.3049265621266224,0.2648455671402481,0.38799526390308836,"[-0.23107254779016662, 0.8409256720434114]",0.0017315426066177864,0.9985176850236788,0.9998296237857246,"[-1.825024651305652, 1.8284877365188876]",23.99338599443958
9784.0,24.0,0.6396870832403787,0.8699934118118617,0.30566152715177203,0.3395993753811002,0.46191427554556613,"[-0.3216813806413595, 0.9330044349449036]",0.025968955928775905,0.980960835458363,0.9969114181487428,"[-2.106847751091021, 2.158785662948573]",23.900805895127995
9785.0,24.0,0.7513934143648884,0.9254053558204037,0.2596442661215481,0.4468165563383475,0.550402262057585,"[-0.40930713510033745, 0.9285956673434337]",0.3927775005562797,0.771218549356907,0.9589249382121035,"[-2.2546747974720796, 3.040229798584639]",22.49970046202852
9786.0,24.0,0.4161740692453919,0.6798008318284743,0.4812391833486635,0.1770294256919157,0.28914040934521135,"[-0.21745766683748707, 1.1799360335348141]",0.7376994939833654,0.3210894137592113,0.7639529235289347,"[-0.7194995503766672, 2.194898538343398]",21.18219549638778
9787.0,24.0,0.4033849904458437,0.6660925034020432,0.49385465666772715,0.16919178074842478,0.279332015830443,"[-0.21019941113676827, 1.1979087244722226]",0.6772760382836145,0.3557622270175438,0.7930865003220291,"[-0.7601679132717427, 2.1147199898389717]",21.412996096067207
9788.0,24.0,0.7838171902307407,0.9395359504810574,0.26665789588234007,0.48303670179658154,0.5791112597968847,"[-0.4784517466083886, 1.0117675383730687]",2.1330722546311724,0.1281997826990923,0.5178173391437371,"[-0.6151769156139313, 4.881321424876276]",15.852264160878597
9789.0,24.0,0.11744564354908989,0.2347035242787568,0.7079719566442375,0.0296586153826835,0.059281661768306015,"[0.0698836326114809, 1.3460602806769941]",-1.5311673330947713,0.0005403469340444892,0.01760087733043939,"[-2.398539295304675, -0.6637953708848675]",5.848628394308819
9790.0,24.0,0.8261504106074943,0.9537227604452235,0.18616736722891677,0.5350468457217376,0.6177656687700468,"[-0.4020469104584464, 0.77438164491628]",-2.5426616738777996,0.11987111719793782,0.5042854342245806,"[-5.746852455890801, 0.6615291081352024]",9.71225217619115
9791.0,24.0,0.5068684901333617,0.766472841574719,0.3618664768069699,0.23663179029159176,0.357828202467249,"[-0.23743783040837035, 0.96117078402231]",-0.45964638535840496,0.5951240631154382,0.9095050131095813,"[-2.1548804796480634, 1.2355877089312535]",1.7557198632986961
9792.0,24.0,0.8797257552817045,0.9732318639361918,0.14956974996097955,0.611720559470724,0.6768317763561894,"[-0.4279329044164934, 0.7270724043384524]",2.8557999616261465,0.1604679464304326,0.5766005980252699,"[-1.1322778003477039, 6.843877723599997]",13.091647671013291
9793.0,24.0,0.9038995163019575,0.9808891106307509,0.17791115372716163,0.6524066881531783,0.7079833837799004,"[-0.5962517299035864, 0.9520740373579096]",1.922422874292792,0.3725611208854912,0.8048414795538804,"[-2.303143640723543, 6.147989389309127]",16.65688552424095
9794.0,24.0,0.9376324709519175,0.9880486751993395,0.12328477365582641,0.7194875220282878,0.7583930874125517,"[-0.5495201613165408, 0.7960897086281935]",2.2917470847631836,0.40815436705120445,0.8249322780995372,"[-3.1386633308460694, 7.722157500372436]",15.246170955443963
9795.0,24.0,0.8199594381580818,0.9524444629551421,0.21653078989403823,0.5270728046191379,0.6121647039207059,"[-0.4544660295995275, 0.8875276093876039]",-0.6930097930542658,0.6633963056603898,0.93180039273632,"[-3.8138372799876965, 2.427817693879165]",2.6471024202162683
9796.0,24.0,0.6942315478873353,0.8977519046777904,0.30890973922829035,0.3892135182217388,0.5033150371417804,"[-0.39425013513141083, 1.0120696135879914]",1.087034092857726,0.3387507910669514,0.7792748816815077,"[-1.1400895979679047, 3.3141577836833567]",19.847835619494685
9797.0,24.0,0.6576142846047961,0.8795583822555146,0.3000978647363376,0.3556364943915371,0.4755921853368946,"[-0.3366604166688981, 0.9368561461415733]",0.6770371473443859,0.5351023610364467,0.8878051872737671,"[-1.4624198046113288, 2.8164940993001006]",21.413908592239324
9798.0,24.0,0.02053378077956009,0.04844015281802334,0.9238731702343472,0.0022715551108030076,0.005360890746554963,"[0.3306138010592664, 1.517132539409428]",0.318365728316901,0.34612987724115063,0.7858981065298632,"[-0.3439529171468557, 0.9806843737806578]",22.78393249505553
9799.0,24.0,0.9906724888710563,0.9968074560951746,0.05050692977320913,0.8910846888349468,0.8968243647694715,"[-0.6724204730616345, 0.7734343326080528]",-1.6166378171026965,0.8180790568914689,0.966095377463714,"[-15.391970554926523, 12.158694920721128]",6.175101594748454
9800.0,24.0,0.7186570805060402,0.9112893736624004,0.30054977435031216,0.41285388714371385,0.523527627623274,"[-0.41880529521403154, 1.0199048439146559]",-2.910834542002312,0.021283980723007467,0.19054593306183948,"[-5.388193229490342, -0.43347585451428206]",11.118568941175226
9801.0,24.0,0.8113126664730933,0.9482278699781302,0.21849631502818812,0.5158903712371445,0.6029814910709136,"[-0.4406530516370777, 0.8776456816934539]",-2.9333281853886386,0.06578724521265812,0.3735328486937639,"[-6.058122813529854, 0.19146644275257696]",11.204488329969154
9802.0,24.0,0.8228916658304255,0.952756738845726,0.24546645041230047,0.5307622282264627,0.614511623143819,"[-0.5220391120819332, 1.012972012906534]",2.063391780931007,0.1864292205471424,0.6177343770788816,"[-0.9975553780790349, 5.124338939941049]",16.118423964711383
9803.0,24.0,0.7429701870338214,0.9233543095781701,0.2255686019018304,0.4377035804035019,0.5441367235249899,"[-0.34409960263447914, 0.7952368064381399]",0.011374116952691082,0.9932228088125576,0.999042938587908,"[-2.613151899942215, 2.6359001338475974]",23.956554073528174
9804.0,24.0,0.24396235540359215,0.4496173155244972,0.44811816481489963,0.08281309337101002,0.15262273013455588,"[-0.058223068228295705, 0.954459397858095]",1.250914741263644,0.02523130467931992,0.21125008155450606,"[0.1553293941582372, 2.346500088369051]",19.221857652992924
9805.0,24.0,0.15987554359484102,0.3112235616017929,0.49479832144951064,0.04583875689382226,0.08923254213319497,"[0.00914605994423029, 0.9804505829547909]",0.35253151147260287,0.49420576842084596,0.8710087226182522,"[-0.6581674886643982, 1.363230511609604]",22.653428816483473
9806.0,24.0,0.7062004026812289,0.9042204855699142,0.2759710222614188,0.4006172020823068,0.5130855559455773,"[-0.36755158246619823, 0.9194936269890358]",0.31171691989355477,0.799536808864554,0.9642437759616215,"[-2.094119282313766, 2.7175531221008757]",22.80932907248545
9807.0,24.0,0.4707063852585337,0.7335302871412399,0.4173899077855365,0.21197627898583227,0.33033548229052867,"[-0.2380356840591396, 1.0728154996302126]",0.5923924179598439,0.4661461154504116,0.8568927430895292,"[-1.0008092358038037, 2.185594071723491]",21.73722764235674
9808.0,24.0,0.7359286944509038,0.9190307033624343,0.3070506143224812,0.43050504944142587,0.5377280157899399,"[-0.4563478377680075, 1.07044906641297]",2.776007572590383,0.03345164380364956,0.25322970328273703,"[0.2175466926384635, 5.3344684525423025]",13.39643214628097
9809.0,24.0,0.8538219537347813,0.9637950392041399,0.1428631227987041,0.5726319579395138,0.646530380421716,"[-0.35344445468178587, 0.6391707002791941]",-0.16226657862657756,0.9296629612815481,0.9892015094756179,"[-3.7653099040655533, 3.440776746812398]",0.6198126740887083
9810.0,24.0,0.24668479715739375,0.45388187149474474,0.5527624120430931,0.08409454860295669,0.1547277803182276,"[-0.07441708862976937, 1.1799419127159556]",-0.27946969528413135,0.6403106447257627,0.9259807051547606,"[-1.4517190871666115, 0.8927796965983488]",1.0674956027725262
9811.0,24.0,0.550360637766683,0.8037854361009026,0.4165641738503722,0.26821026218855537,0.39160499662513565,"[-0.32084148499121795, 1.1539698326919623]",-0.5704919188947013,0.5342039550719786,0.8873819851693997,"[-2.3693030075192203, 1.2283191697298177]",2.1791186132657367
9812.0,24.0,0.42762686281927137,0.6911699738472141,0.47793053453354084,0.18401514897293414,0.2973741903247158,"[-0.22717391381040875, 1.1830349828774904]",0.41829179430118923,0.5881231848484771,0.9077706636973603,"[-1.0955574850896372, 1.9321410736920157]",22.402243038772497
9813.0,24.0,0.7536487045399453,0.9262406539556202,0.20637348910868772,0.4494075713133884,0.5521655870664558,"[-0.3283739558666312, 0.7411209340840066]",0.7988682159868379,0.5452502734287996,0.8915268848960768,"[-1.7896121077687037, 3.3873485397423795]",20.94854818912058
9814.0,24.0,0.8923575982953911,0.9769912868067611,0.16932964910624354,0.6323466495349224,0.6924514340067043,"[-0.5243609969912337, 0.8630202952037209]",-1.338763909470944,0.5073807204996544,0.8755491294213191,"[-5.29689222885198, 2.6193644099100917]",5.113701451807954
9815.0,24.0,0.5058864269351365,0.7656824987666665,0.40412732465502105,0.235881195319822,0.35706000477377975,"[-0.2640960335564588, 1.0723506828665008]",-0.3695505748375645,0.6702790750638679,0.9333950467214768,"[-2.0707373223520515, 1.3316361726769226]",1.411579216988395
9816.0,24.0,0.3679575941761833,0.62397421430589,0.5148680556006819,0.14824962367276248,0.2513983782817746,"[-0.18312851355297244, 1.2128646247543364]",0.7683219696906605,0.26728466898219005,0.7164035664938894,"[-0.5891400864489462, 2.125784025830267]",21.06522625530312
9817.0,24.0,0.5615126818481763,0.8126088015168977,0.3173815760949522,0.2765234070722261,0.4002287997218142,"[-0.2542761481462944, 0.8890393003361988]",0.4163252330121452,0.6588855877807762,0.9301211184160023,"[-1.432079374422007, 2.2647298404462974]",22.409754749573565
9818.0,24.0,0.3819207926061988,0.6415014253229098,0.4301005350307217,0.15610809347831187,0.26227855479552514,"[-0.1642670398410621, 1.0244681099025055]",-2.9817575946817776,4.556506448801586e-05,0.002958770421299731,"[-4.41509882029501, -1.5484163690685453]",11.389475047089721
9819.0,24.0,0.4438830845643947,0.7070453720363088,0.5162521213254775,0.19414868965685061,0.3092524524639226,"[-0.26303991119261294, 1.295544153843568]",-1.5409011084817985,0.03761208481391628,0.27000778760887495,"[-2.993535764933107, -0.08826645203048988]",5.8858086775358185
9820.0,24.0,0.16541768741344598,0.321137036329734,0.5497239732583705,0.04817252299799075,0.09350256793088267,"[0.0044179933696311124, 1.09502995314711]",0.7067603736385877,0.16511860846400728,0.5826344688214795,"[-0.29119672517644646, 1.7047174724536218]",21.300374230894654
9821.0,24.0,0.784108555875913,0.9395359504810574,0.2478807608348303,0.4833910919465281,0.5792802667358555,"[-0.44532208141624247, 0.9410836030859031]",-0.5973850498880156,0.6797456293276076,0.935645905148272,"[-3.4336836571197598, 2.2389135573437287]",2.281842806853028
9822.0,24.0,0.16471185835649746,0.31989096592833066,0.5437050289824152,0.04788003086057792,0.09298898982438904,"[0.0050752164699435776, 1.082334841494887]",0.9035971692319844,0.07124985530113519,0.38957819047970865,"[-0.07818445979339672, 1.8853787982573655]",20.54851305486926
9823.0,24.0,0.23313950350698825,0.43286205626993735,0.5124690724754932,0.07766520562016543,0.1441983023025723,"[-0.05680250854972657, 1.081740653500713]",-0.1982276018914213,0.7356977771842821,0.9523631024368666,"[-1.3492037910447405, 0.9527485872618979]",0.757173664758529
9824.0,24.0,0.8688778522405403,0.9708132427268606,0.19443512845218583,0.5950362495816116,0.664844971599566,"[-0.5224952551603018, 0.9113655120646734]",-2.166902416183274,0.24268037352959504,0.6874798116985695,"[-5.802100562549487, 1.4682957301829394]",8.276957537600147
9825.0,24.0,0.47721501338830713,0.7404422240315084,0.42548777580380026,0.216172261309297,0.3353587671568368,"[-0.24880114989906188, 1.0997767015066624]",1.2383876598673966,0.11440786445680569,0.49552325638570355,"[-0.29908948904606514, 2.7758648087808586]",19.269707579234378
9826.0,24.0,0.4278365877960029,0.6912342509767972,0.5815234223295948,0.18415052997106907,0.2974916659827856,"[-0.2766793791166563, 1.4397262237758457]",1.146604715621777,0.11828388610544455,0.5018408404982798,"[-0.2921141643366776, 2.585323595580231]",19.620292601671615
9827.0,24.0,0.7749131055192897,0.9352804524969401,0.27052128962541655,0.47261214684638253,0.5704808345446154,"[-0.46769347392215643, 1.0087360531729894]",-1.3817318651354595,0.3036962670354617,0.7514276816848787,"[-4.01473284804313, 1.2512691177722113]",5.277826952733419
9828.0,24.0,0.7939455734533859,0.9435115159849323,0.25217933378694535,0.4946691447575535,0.5879818670599709,"[-0.4715889975247459, 0.9759476650986366]",1.5570071985053273,0.2691685560802821,0.7198945067672696,"[-1.2047440993228298, 4.318758496333484]",18.052670590277117
9829.0,24.0,0.45011826454868026,0.7132935361283559,0.3599504323227855,0.1984946285058088,0.3144979599134382,"[-0.18870504471380528, 0.9086059093593764]",0.7380742665347979,0.3443470205924184,0.7842558605667316,"[-0.7917291592479776, 2.2678776923175734]",21.180763970689483
9830.0,24.0,0.9892321718052972,0.9966598717068705,0.04662866848317487,0.8830582234392207,0.8897457902000367,"[-0.574680317487084, 0.6679376544534339]",-2.568712868496306,0.7099708368308623,0.9447289007555106,"[-16.106354496329637, 10.968928759337023]",9.811760409718772
9831.0,24.0,0.47828643633981877,0.7410984603596162,0.36715087310970784,0.21682484368213095,0.33600626636003555,"[-0.21551603064359748, 0.9498177768630132]",-0.21844535345822447,0.7944473166297177,0.9628316126547152,"[-1.8617444083554167, 1.4248537014389677]",0.8343997871599843
9832.0,24.0,0.4966199999128614,0.7575761748791289,0.3699685166709457,0.2296015919320442,0.3502159730507081,"[-0.23360527607188203, 0.9735423094137734]",2.2421260228505533,0.006583837923802086,0.09131536648823976,"[0.6248365312433597, 3.859415514457747]",15.4357094502807
9833.0,24.0,0.9692447950516192,0.9934076675512055,0.09775966699370368,0.8026176323745405,0.8226913000969049,"[-0.6687821088931786, 0.8643014428805859]",-2.2065606021108817,0.5769510404900378,0.9028967769797148,"[-9.95923114158941, 5.546109937367645]",8.428440649386618
9834.0,24.0,0.032055762487078025,0.0719384256891338,0.6957030352226121,0.004480939063257123,0.010058224608882432,"[0.2159431922531712, 1.175462878192053]",0.060283084798149034,0.869012989478574,0.9740699814956445,"[-0.656174423405643, 0.7767405930019411]",23.76973557766912
9835.0,24.0,0.6038657621052115,0.8446296027029797,0.3358464186134018,0.3097603606580882,0.4332901381357065,"[-0.31220978388691156, 0.9839026211137152]",-1.2334481156275068,0.19668458770941855,0.6294027337542577,"[-3.105958412682397, 0.6390621814273836]",4.711424751588034
9836.0,24.0,0.6274005404120763,0.8606317426777452,0.2729245546773486,0.3293830107723552,0.45176657628906214,"[-0.27551266614508624, 0.8213617754997835]",2.618359153524937,0.012240776525284075,0.1340720320403513,"[0.5698036865119604, 4.666914620537914]",13.998604750238288
9837.0,24.0,0.7172389653774685,0.9103585790504857,0.2720642428146615,0.41171241645077694,0.52254399854141,"[-0.3775235165207707, 0.9216520021500938]",-2.4134826825324107,0.048552954913493165,0.31609996688472114,"[-4.811630980120299, -0.015334384944522217]",9.218824775801297
9838.0,24.0,0.9244714722965091,0.9862215899768196,0.12479641028240364,0.6913802386912139,0.7377083212667669,"[-0.49134249654712636, 0.7409353171119336]",2.949051105354952,0.2585985139309809,0.707326351014718,"[-2.1673370178735656, 8.06543922858347]",12.735454539651396
9839.0,24.0,0.6442668107271313,0.8732499760567222,0.3462180039903168,0.343732828846703,0.46596119686006665,"[-0.3704737445736515, 1.0629097525542852]",-1.1897768354739604,0.24674509764557606,0.6932989537667211,"[-3.20301766538954, 0.8234639944416191]",4.544612749005924
9840.0,24.0,0.8161964164252262,0.9509453762381758,0.21497793840429227,0.5220692632748197,0.6082596566175227,"[-0.4432164250714402, 0.8731723018800247]",-1.849752819488156,0.22116928871271668,0.660857272862046,"[-4.813113450595546, 1.113607811619234]",7.065535313273051
9841.0,24.0,0.9175913637178297,0.9852676399952099,0.14877553833272533,0.6777611300090471,0.7279926208475265,"[-0.5529826339918478, 0.8505337106572983]",-1.7243675201886948,0.45731363190366403,0.8524580917288523,"[-6.271387701615743, 2.8226526612383536]",6.586598749083466
9842.0,24.0,0.5174345119054915,0.7754675434034682,0.33246048067225437,0.2442297052385317,0.3659129740790263,"[-0.22711185325093702, 0.8920328145954457]",2.3954389701344123,0.005418500550698889,0.08039318324479064,"[0.7072311221015553, 4.083646818167269]",14.850097128675582
9843.0,24.0,0.7456081193644871,0.9237571446140801,0.3159942326526257,0.44072873361205334,0.5460645937455747,"[-0.48733503210936, 1.1193234974146113]",-1.0666137638735425,0.40126630030264554,0.8206211468997754,"[-3.5572256847917645, 1.4239981570446796]",4.0741644693678225
9844.0,24.0,0.9558874624160559,0.9911597957501838,0.07942860930263884,0.7637047530429739,0.7922248475549523,"[-0.43842627607907825, 0.5972834946843559]",-2.8385094180679777,0.40837785716465946,0.8249322780995372,"[-9.56770849044591, 3.8906896543099547]",10.84230731756203
9845.0,24.0,0.4286865811365912,0.6916530834730416,0.33258915666706124,0.18454955432159237,0.2978435689114006,"[-0.15868700290125792, 0.8238653162353804]",-1.7686780780166727,0.015030879547695513,0.1541628671558514,"[-3.1942812190556618, -0.34307493697768354]",6.755852612511033
9846.0,24.0,0.8701701830929194,0.9711122638619929,0.217375841457233,0.5968563128864718,0.6663573885078394,"[-0.58812109445243, 1.022872777366896]",-1.2669999071714706,0.48915281998928806,0.8697731756428894,"[-4.857326539851909, 2.3233267255089682]",4.83958315495949
9847.0,24.0,0.8855536543140905,0.9750468729575443,0.164236122022673,0.6212181976720075,0.6840748092884239,"[-0.48721271366454333, 0.8156849577098894]",-1.0440133743573234,0.599041928594064,0.91161020243821,"[-4.935818711235854, 2.8477919625212063]",3.9878373403924186
9848.0,24.0,0.5849638545649847,0.8298536736629092,0.3166246325219224,0.2948222926983731,0.41818764921755053,"[-0.2757503652973762, 0.908999630341221]",0.6499786547553033,0.5003446421418418,0.8731021700276606,"[-1.2402792752891456, 2.540236584799752]",21.517264420595353
9849.0,24.0,0.7286386239745288,0.9150478185522077,0.19718996421319332,0.42286055268063194,0.5312318501012964,"[-0.2850314760555571, 0.6794114044819438]",3.117043397831751,0.0162160242685874,0.16190906550868808,"[0.5757580865327157, 5.658328709130786]",12.09377124967487
9850.0,24.0,0.20562138187396936,0.3900253829172408,0.41279977380681976,0.06513121655995767,0.12354176130492729,"[-0.025875033421078886, 0.8514745810347184]",1.7361321272775427,0.0008978299539618033,0.02426567443140009,"[0.7114301778821186, 2.7608340766729667]",17.368463761995155
9851.0,24.0,0.5073338080690902,0.7667326418584927,0.4069705287724146,0.23708097832317,0.3581782829210273,"[-0.26767877488121194, 1.081619832426041]",0.8457780656285543,0.3150800680020227,0.7593477307019229,"[-0.8042938516496649, 2.4958499829067735]",20.76936576231634
9852.0,24.0,0.6699695626325077,0.8860352415258278,0.27618629597760663,0.3664183583494929,0.48468036818715987,"[-0.3231423271771349, 0.8755149191323481]",-3.058427652134161,0.007825331645194963,0.10266657690432753,"[-5.31237573542686, -0.8044795688414617]",11.682333094226196
9853.0,24.0,0.48507656036644636,0.7478824550824027,0.3509095348204898,0.2216980634103608,0.341704783308201,"[-0.21190209901954848, 0.9137211686605281]",-2.3076011454201546,0.004647663254035908,0.07221507974687864,"[-3.9054918602712445, -0.7097104305690647]",8.814387095475293
9854.0,24.0,0.9582117545740145,0.9913252039045252,0.09134131874721799,0.7700870857314654,0.7966967574296145,"[-0.5212128828940588, 0.7038955203884947]",0.87688186482203,0.7963466203087856,0.9628316126547152,"[-5.782562564251513, 7.536326293895573]",20.650558000942432
9855.0,24.0,0.9602412699452427,0.9918311520199155,0.10357968810041025,0.7757167712534148,0.8014008906327963,"[-0.6089817446646881, 0.8161411208655087]",-2.357962963429277,0.5017718171148965,0.8731021700276606,"[-9.23825374747201, 4.522327820613455]",9.006755070177205
9856.0,24.0,0.515594738271305,0.7739338611097343,0.3545869907540839,0.2425834590954693,0.36413007969899325,"[-0.2401462108291314, 0.9493201923372991]",-3.0579167484498537,0.0005810719086121182,0.018388431698563728,"[-4.80003472489306, -1.3157987720066469]",11.680381585902962
9857.0,24.0,0.6603491791046152,0.8809347560636325,0.3012412298569768,0.35801235096164774,0.47754081760924066,"[-0.34110888065403194, 0.9435913403679856]",0.5402550081982893,0.6257858164944359,0.9195245607783346,"[-1.6310639945853151, 2.7115740109818938]",21.936377877962155
9858.0,24.0,0.41211953930257217,0.6758273848845067,0.38881989636340203,0.17422114458424032,0.28584273106520147,"[-0.17203730107808418, 0.9496770938048882]",-1.5144326620203596,0.03251984223296479,0.2490033861635895,"[-2.90277994161497, -0.12608538242574907]",5.78470665936859
9859.0,24.0,0.5857113125098319,0.8305605679379351,0.4212333194325027,0.29522558052015047,0.41858156886452635,"[-0.36751318315765885, 1.2099798220226643]",-1.9164484015026595,0.03879584332587718,0.27632367041223066,"[-3.734232198564311, -0.098664604441008]",7.3202936707130295
9860.0,24.0,0.9332821539449743,0.9878137795754037,0.10835625975672153,0.7099520791887795,0.752147557144591,"[-0.462664685710152, 0.6793772052235951]",0.7878695741954784,0.769460607920495,0.9587099525548156,"[-4.48097600573556, 6.0567151541265165]",20.990559906121987
9861.0,24.0,0.8398359743522978,0.9587751665643991,0.22847041346168445,0.5533432134548093,0.6317424517123066,"[-0.5269709100662867, 0.9839117369896557]",0.8025020562424432,0.6338495901333142,0.922680123566674,"[-2.4996683935212585, 4.104672506006144]",20.934667941782518
9862.0,24.0,0.5537813803135261,0.8062573077916609,0.3885408409229864,0.2705662497416077,0.3939520235026321,"[-0.302649992676928, 1.0797316745229009]",0.2535720492445819,0.7870561182651559,0.9611891631115267,"[-1.5862170133120272, 2.093361111801191]",23.0314261183868
9863.0,24.0,0.05233761300244009,0.11197606547376998,0.68398406936136,0.009318640524401543,0.019932920907810785,"[0.1684020567364014, 1.1995660819863185]",0.4556842522691129,0.24717292455152728,0.6937024917526613,"[-0.31608485956718035, 1.2274533641054062]",22.259414370293676
9864.0,24.0,0.7567636479243677,0.9280888495515914,0.297939150549741,0.45249888939648286,0.5549409975429027,"[-0.4793596310498917, 1.0752379321493737]",2.926667514175031,0.03374532929803435,0.25467291092788646,"[0.2248831953181778, 5.6284518330318845]",12.82095355998178
9865.0,24.0,0.9390040232788754,0.9880486751993395,0.10932677784441648,0.7225360382719332,0.7603633539034266,"[-0.4941476101971124, 0.7128011658859453]",-2.565059751207074,0.36989101875842334,0.8020186876808832,"[-8.171785258423593, 3.0416657560094453]",9.797806529536155
9866.0,24.0,0.06020796015292691,0.12688716575959308,0.6462288529936993,0.011427576146179829,0.024083405998271506,"[0.1454725426258966, 1.146985163361502]",-1.145679114640239,0.0029556518785526964,0.05433183600280692,"[-1.9011479346613227, -0.39021029461915524]",4.376171863011367
9867.0,24.0,0.9582149420941141,0.9913252039045252,0.10745669696218021,0.7699859872522004,0.7966967574296145,"[-0.6128447243014985, 0.8277581182258589]",2.8502103999158104,0.4196458333884592,0.8307712672074292,"[-4.071799055003284, 9.772219854834905]",13.112998224035302
9868.0,24.0,0.3809610987473915,0.640701477879905,0.5485972542040604,0.1557684792893966,0.2619718790605392,"[-0.20890210090690464, 1.3060966093150252]",0.9968860802300581,0.1505626842004514,0.5580203674009545,"[-0.36227719052494, 2.356049350985056]",20.19217566316518
9869.0,24.0,0.6803396462826559,0.8892327943461911,0.32179931870238926,0.3761622666701242,0.49165111314877036,"[-0.39088149632326225, 1.0344801337280407]",-0.4737495459440808,0.6818396831931273,0.9356843168376249,"[-2.738715911056017, 1.7912168191678552]",1.8095899685889945
9870.0,24.0,0.5671916983631282,0.8177504301659865,0.318434770699315,0.2807725923673533,0.40486314688875746,"[-0.26021267027589273, 0.8970822116745227]",2.8538428535174476,0.002879228408038742,0.05376566747162934,"[0.9770711779911012, 4.730614529043794]",13.099123273325242
9871.0,24.0,0.9484281976014276,0.9904220944041642,0.13486810675142294,0.7445953052796799,0.7775640197156223,"[-0.6765428170931493, 0.9462790305959952]",-0.20478221498401528,0.9486523960062795,0.9908684119057948,"[-6.437250832288815, 6.027686402320785]",0.7822104425283175
9872.0,24.0,0.8517718726424911,0.9630259211513128,0.19663825252390593,0.5697605270536552,0.6443068269293851,"[-0.4814071961236482, 0.8746837011714601]",0.2870161403213851,0.87449254232544,0.9754479263760243,"[-3.274394272993223, 3.8484265536359934]",22.903679100496667
9873.0,24.0,0.625850858036576,0.8598150760056753,0.35706158801650545,0.3281226201954023,0.45077980518670463,"[-0.35858026423071476, 1.0727034402637257]",2.1789192655665772,0.030818045904465713,0.24039037366977933,"[0.2012517795656492, 4.156586751567505]",15.677141478886009
9874.0,24.0,0.752405674682023,0.9258098617965093,0.25199167754890955,0.4478777661058494,0.5510985186487627,"[-0.39876199312430577, 0.9027453482221248]",-2.7862056030053157,0.039990419203632416,0.282218907576799,"[-5.4450503718940855, -0.12736083411654553]",10.642521460527144
9875.0,24.0,0.7258001474109399,0.9142171539604447,0.2992177093073515,0.420316924770466,0.5292997415570658,"[-0.4285111000728601, 1.026946518687563]",0.804970389377285,0.5158990298920605,0.8807846513356998,"[-1.6234763679820405, 3.2334171467366106]",20.925239603711937
9876.0,24.0,0.7336861106266193,0.9180256639472213,0.3005288402235944,0.42814494025897354,0.5357839322474953,"[-0.4428431571196886, 1.0439008375668775]",-0.3008735161721523,0.8173454570085593,0.966095377463714,"[-2.8541289470331126, 2.252381914688808]",1.1492521762616965
9877.0,24.0,0.773522146758153,0.9345665441914526,0.23846716378753965,0.4710312606915803,0.5693596768905842,"[-0.4099591224362181, 0.8868934500112974]",1.7435848199026545,0.19253613408817283,0.6244437368203832,"[-0.8788762037946087, 4.366045843599918]",17.33999657310001
9878.0,24.0,0.3140381028452785,0.5542500932673464,0.5194140607131277,0.1181178996351432,0.20846787793000918,"[-0.13203423351483967, 1.170862354941095]",1.3374079613664254,0.030536647065227917,0.23915248615552234,"[0.1255725391961915, 2.549243383536659]",18.89147788843389
9879.0,24.0,0.8409416985936344,0.9587751665643991,0.20062337021440027,0.5547414167541012,0.6324722571589342,"[-0.46508581615178857, 0.866332556580589]",0.4499750039325159,0.7952447288488874,0.9628316126547152,"[-2.9485369909871997, 3.8484869988522314]",22.28122209255228
9880.0,24.0,0.7126441192784367,0.9078172156124628,0.2972146598320005,0.4069715785436294,0.5183549577877793,"[-0.4052764272696527, 0.9997057469336537]",0.36708540205681395,0.7673607044120118,0.9580033762946464,"[-2.0649758943288896, 2.7991466984425175]",22.597837049418775
9881.0,24.0,0.3578841262603394,0.6126054882922618,0.44359090339632606,0.14230877788187826,0.2436376953978399,"[-0.14896234872723563, 1.0361441555198878]",-0.34999101807857524,0.6180382002714637,0.9174210890671123,"[-1.7256927336769072, 1.0257106975197567]",1.3368672135592838
9882.0,24.0,0.5443873240421395,0.7988075187705642,0.4497848377147352,0.2637363920289366,0.38699397216278303,"[-0.3390120095482032, 1.2385816849776736]",-0.525985976546079,0.5641167510217608,0.897274934025387,"[-2.313477602562126, 1.2615056494699681]",2.009118435943829
9883.0,24.0,0.5840371175712413,0.8293502717358707,0.2921211090883814,0.29378779063148797,0.41737148832431875,"[-0.2532403162461129, 0.8374825344228757]",3.0007978598067284,0.002396919959431246,0.047639333433408135,"[1.063597493453801, 4.937998226159656]",12.53779649741229
9884.0,24.0,0.8949814432964716,0.9783356398081238,0.17142932356125645,0.6369352717005667,0.6962563092485426,"[-0.5404430504093778, 0.8833016975318906]",0.5363591781430443,0.8037123624444423,0.964856561617867,"[-3.6932270701715, 4.765945426457589]",21.951258852619873
9885.0,24.0,0.8655000057919251,0.9692372727381208,0.15049011147813848,0.5897750699995887,0.6605163736136059,"[-0.39657216682315866, 0.6975523897794357]",-1.3121975689396894,0.46444445999187844,0.8559610394247668,"[-4.82783805037095, 2.203442912491571]",5.012225505838073
9886.0,24.0,0.3230130940023557,0.567187171206946,0.41140557448229964,0.12289331441727284,0.2157915968696626,"[-0.11126117904110144, 0.9340723280057007]",-1.4372824598555978,0.021380271194909765,0.19123677276305692,"[-2.6614353394726358, -0.21312958023855977]",5.490014594527128
9887.0,24.0,0.1755371485178317,0.3384827391396678,0.6391322030368675,0.05217600440921663,0.10060934132128159,"[-0.00601885914097855, 1.2842832652147136]",-0.008268278306238663,0.9876744684421214,0.9972480497194279,"[-1.0572799175429193, 1.040743360930442]",0.031582496719136814
9888.0,24.0,0.18789863744892782,0.35989013110309864,0.5505666621300332,0.057452405340536195,0.11004099854536716,"[-0.01741980529441345, 1.11855312955448]",1.267237341570035,0.012960398200984593,0.13996110368233902,"[0.267686496139929, 2.266788187000141]",19.159509912443912
9889.0,24.0,0.34801262378135744,0.6005394715812898,0.5296724190330411,0.1368632979988056,0.2361340545182981,"[-0.168201385756502, 1.2275462238225843]",-0.5807048899828109,0.3949270347797872,0.8172334993625746,"[-1.9185901929920057, 0.757180413026384]",2.218129289241591
9890.0,24.0,0.21208083569227648,0.39985074602616233,0.4937562287690073,0.06818030591636741,0.1285450714863639,"[-0.03685972713378666, 1.0243721846718012]",-2.2175717485145796,4.365356496877852e-05,0.0028909645674687757,"[-3.280969264584556, -1.1541742324446036]",8.470500130488787
9891.0,24.0,0.7569214035910717,0.928168489995183,0.2596099082078041,0.45267307687119807,0.5550865442933146,"[-0.4179520903101653, 0.9371719067257736]",-1.3501072571027928,0.2938201560993139,0.7432839769777736,"[-3.8707939171974703, 1.1705794029918848]",5.1570298481315975
9892.0,24.0,0.8392266697201706,0.9586779411927926,0.1986602863286371,0.5522191603581296,0.630819237329369,"[-0.4563566685886433, 0.8536772412459175]",-1.5721127370413894,0.3314559991002707,0.7729850725286163,"[-4.7448175314123695, 1.6005920573295902]",6.0050283167487875
9893.0,24.0,0.6653004225958119,0.8830335944680203,0.26299556349685776,0.3624877911466454,0.4810661350089567,"[-0.3030511028658531, 0.8290422298595685]",-0.5973019234412646,0.5917568865157199,0.9081597398952117,"[-2.7802370811380084, 1.585633234255479]",2.2815252872153784
9894.0,24.0,0.2342173179583675,0.43454047858695266,0.4100492346949833,0.07814671160982953,0.14498462265274495,"[-0.046188387783330453, 0.866286857173297]",-0.111582452088693,0.8498436110398699,0.9708072590103425,"[-1.2667690729190926, 1.0436041687417066]",0.42621357149352174
9895.0,24.0,0.7608242501887081,0.9294675252910781,0.27232713926642904,0.4570020353487273,0.5584091341015729,"[-0.44528080286871663, 0.9899350814015747]",1.228300338292052,0.3465868803346661,0.7861077966350677,"[-1.329441975146055, 3.7860426517301593]",19.308238309424944
9896.0,24.0,0.724410551589407,0.9137443400354902,0.21781807906839024,0.4189109456611162,0.5283942301477248,"[-0.31033880064984465, 0.7459749587866251]",-0.7759997212710354,0.53079252625361,0.8847149201939244,"[-3.2025146935898294, 1.6505152510477585]",2.9641005954772393
9897.0,24.0,0.8949265690188505,0.9783356398081238,0.18647930345752525,0.636898502997694,0.6962563092485426,"[-0.5878046690591016, 0.9607632759741521]",0.774642474519851,0.714843024307036,0.9463672813293932,"[-3.3809114451222992, 4.930196394162001]",21.041083705229475
9898.0,24.0,0.8703872309011514,0.9711122638619929,0.14012070257072656,0.5972944997262764,0.6666454138948729,"[-0.3797241839865811, 0.6599655891280343]",0.5064772878034507,0.7931856321244087,0.9628316126547152,"[-3.279821368630574, 4.2927759442374755]",22.0653992659753
9899.0,24.0,0.40893312329041465,0.6722861146881324,0.4378702979168756,0.1724171603939274,0.2834410001544097,"[-0.19109549509167123, 1.0668360909254224]",-0.37985637484837653,0.6142274564807857,0.9171561511352546,"[-1.8569070003993264, 1.0971942507025734]",1.4509444733300887
9900.0,24.0,0.11826568358974254,0.23615352154501307,0.5436026627986268,0.029978285061359418,0.059871915175854835,"[0.05270105497689076, 1.0345042706203629]",1.3231612967251163,0.0029717911133886206,0.054397608701995497,"[0.4501683526575504, 2.196154240792682]",18.945896138839576
9901.0,24.0,0.7967206055446412,0.9444749258396563,0.2567968807750653,0.49821741712374734,0.5906549106387046,"[-0.48632246097047865, 0.9999162225206093]",-1.056788462391773,0.46531481636020566,0.8563025696728113,"[-3.893661778717119, 1.7800848539335732]",4.036634582211221
9902.0,24.0,0.6105270147373434,0.8487186331050481,0.3097565412191152,0.3150843950237203,0.43804309053763424,"[-0.29456882590017175, 0.9140819083384022]",-1.4455250060606701,0.13172197693671225,0.524274354052746,"[-3.325104635864488, 0.4340546237431473]",5.521498801859943
9903.0,24.0,0.5458107432931542,0.7997227007958303,0.43282140982584594,0.26454467738906484,0.3877248679306241,"[-0.327511932889609, 1.1931547525413009]",-0.11566206283898683,0.9010763235345671,0.9825254978743544,"[-1.939396559872154, 1.7080724341941804]",0.44179653669672414
9904.0,24.0,0.9018074843890749,0.9803320843451189,0.13915598140728624,0.6486290370617465,0.7051454943268521,"[-0.4593959511563881, 0.7377079139709606]",2.934919477216148,0.19668835429820553,0.6294027337542577,"[-1.5206495198326442, 7.390488474264941]",12.789433382984848
9905.0,24.0,0.6953615373278859,0.8985160063676002,0.2753518986248826,0.39005839114854,0.5040165281671275,"[-0.35253943179451225, 0.9032432290442773]",-3.073224133089625,0.011000874464044713,0.125714879482321,"[-5.442153703974007, -0.7042945622052428]",11.738851488252449
9906.0,24.0,0.9335876191411027,0.9878137795754037,0.13645599688385804,0.7106105476636523,0.7526059602453423,"[-0.5843599729482986, 0.8572719667160146]",0.7560263723895408,0.7795692115696451,0.9596392629361795,"[-4.538321113913571, 6.0503738586926525]",21.112191977432893
9907.0,24.0,0.5263583436652193,0.783387920323291,0.37476854478670557,0.250342226275892,0.3726439807619708,"[-0.2642231936525847, 1.0137602832259958]",-1.3575229013459769,0.10606616238468634,0.47618722785685524,"[-3.003860533780397, 0.28881473108844347]",5.185355522631927
9908.0,24.0,0.9403965281471278,0.9882270368621947,0.14684052418834392,0.7255349592267641,0.7625679613906743,"[-0.6729423771739024, 0.9666234255505902]",1.5913403652858493,0.5615290264995831,0.8965428366538035,"[-3.780896720114031, 6.9635774506857295]",17.921527553354274
9909.0,24.0,0.4818365719738558,0.7443790699426167,0.3949616129762989,0.2193833946614402,0.3389207394738764,"[-0.2353346279964899, 1.0252578539490877]",2.671826789380769,0.0013375562425287425,0.031770932126573455,"[1.0393408794487737, 4.3043126993127645]",13.794373425232855
9910.0,24.0,0.728423093473149,0.9150478185522077,0.25070993762693583,0.42266186827880825,0.5312318501012964,"[-0.36213024124684823, 0.8635501165007199]",1.443152609424593,0.22973896165812213,0.6703174076703508,"[-0.9119288451674357, 3.7982340640166217]",18.487563085778607
9911.0,24.0,0.6884961181305126,0.8941508027668994,0.27517011074692216,0.3835911360651695,0.4982350124239115,"[-0.343818038926116, 0.8941582604199603]",0.17973162113761898,0.8799285967656048,0.9766268042296392,"[-2.1522432777311007, 2.5117065200063386]",23.313475777584674
9912.0,24.0,0.9214674471706777,0.9861488829547715,0.15689278730555958,0.6854568364097006,0.7335796622535323,"[-0.602324147101772, 0.9161097217128911]",0.4256710568503985,0.8665100997055984,0.9734244302898619,"[-4.537651845913191, 5.388993959613988]",22.37405633210659
9913.0,24.0,0.4677828981867798,0.730427300798314,0.40682111918843933,0.20981679021853716,0.3276781390256059,"[-0.2289927815761691, 1.0426350199530479]",-0.2449661919190076,0.7665046692162032,0.9575323787835143,"[-1.8618204964656462, 1.371888112627631]",0.9357019280233911
9914.0,24.0,0.7493085744198666,0.9248439575658685,0.2588778073509461,0.4444585558584777,0.5486465323521512,"[-0.4046510021117654, 0.9224066168136577]",0.17588830585626525,0.896781909055206,0.9804117364427015,"[-2.481484701667413, 2.8332613133799436]",23.32815616058199
9915.0,24.0,0.9389348278504053,0.9880486751993395,0.10235363867835265,0.7222737655076948,0.7602881742186262,"[-0.46207306632408107, 0.6667803436807864]",-1.858771825282754,0.49504101827338354,0.871424115982267,"[-7.198147634380135, 3.4806039838146265]",7.099985377768684
9916.0,24.0,0.7561467698378622,0.9274982421812499,0.2059879542463201,0.4520130991735234,0.5544710709774197,"[-0.3308406164753378, 0.742816524967978]",1.0637256274209275,0.4142633512134921,0.8280792891742401,"[-1.489958822487686, 3.617410077329541]",19.93686739925836
9917.0,24.0,0.2289997267799268,0.426125282433805,0.4122922271464652,0.075747772423236,0.1409785453624344,"[-0.042729689180200814, 0.8673141434731312]",0.222388815854492,0.7028617374333771,0.9411493399050215,"[-0.9202571947177431, 1.3650348264267271]",23.150537296041705
9918.0,24.0,0.7969881122270291,0.9445015023982967,0.23846157361488624,0.49858463568566336,0.5908100908705574,"[-0.4521892073744454, 0.9291123546042179]",2.533604020346563,0.0906884419699999,0.43705273238554165,"[-0.4016361027376161, 5.468844143430742]",14.322345511784292
9919.0,24.0,0.5780160234550127,0.8259523959704037,0.3350009182708354,0.28908021886570834,0.41314880501030204,"[-0.284340668770842, 0.9543425053125127]",-1.4021042440483917,0.12322147773100262,0.5091169230657099,"[-3.184956573725123, 0.3807480856283396]",5.355643708090241
9920.0,24.0,0.6277292395579286,0.8607362305338067,0.3419364173827143,0.32969005925232975,0.4520213760622719,"[-0.3456153297134035, 1.029488164478832]",-0.9968724545339924,0.3235678871503217,0.7657132670039258,"[-2.97613515368176, 0.9823902446137749]",3.807772290509654
9921.0,24.0,0.9132078618962773,0.9840601960089195,0.11196677999410444,0.6695660392085856,0.7215151284575275,"[-0.40227835521244615, 0.626211915200655]",0.5750459580674816,0.809111534243395,0.9651125328399317,"[-4.09050983846637, 5.240601754601333]",21.803486238445092
9922.0,24.0,0.8716735853887819,0.9711122638619929,0.149879672988013,0.5993001755507081,0.6678112957974374,"[-0.40922721042734, 0.7089865564033659]",0.5901990109437039,0.7599178037765897,0.9564730066413967,"[-3.1951788463234236, 4.375576868210832]",21.745605840008686
9923.0,24.0,0.594118127099794,0.8367860945067521,0.32597181899354805,0.30197623541153806,0.4253186414247015,"[-0.29298779957123583, 0.944931437558332]",0.4430430086306485,0.6553667830388152,0.9301211184160023,"[-1.5025344918178833, 2.38862050907918]",22.30770036417905
9924.0,24.0,0.10536957986660285,0.21278186564338217,0.6974967307667523,0.025455881648260386,0.051405253732351344,"[0.08567241834981087, 1.3093210431836937]",-0.2220903907032472,0.6317275426712792,0.9222299893011374,"[-1.1302734282218418, 0.6860926468153473]",0.8483228038471707
9925.0,24.0,0.7737111048070523,0.9345665441914526,0.2583851415554042,0.4715060080656134,0.5695204832293917,"[-0.4449535824233191, 0.9617238655341276]",0.6337955916366331,0.6518876205978843,0.9299133911664488,"[-2.119701326894283, 3.387292510167549]",21.57907916834826
9926.0,24.0,0.699413198300703,0.9002615501360574,0.2633683244726471,0.39420699070733944,0.5074102081443421,"[-0.34248223766487157, 0.8692188866101658]",-1.0243785812804767,0.3743454030995367,0.8058196345601851,"[-3.2844283908331113, 1.235671228272158]",3.912837955398018
9927.0,24.0,0.7354293776770267,0.9190307033624343,0.2597781818147292,0.42985789491342985,0.537223380540225,"[-0.38518432709437134, 0.9047406907238298]",0.12837720427326005,0.9222158575661732,0.9878688510655973,"[-2.4485095482798593, 2.7052639568263794]",23.509635200630225
9928.0,24.0,0.6937519717845704,0.8973991521833242,0.31048979138876814,0.3885202238181462,0.5026785144496652,"[-0.3952343758577121, 1.0162139586352483]",-1.5968284581757057,0.15246018315290052,0.5625837016712196,"[-3.7840786040771466, 0.5904216877257351]",6.099435417323362
9929.0,24.0,0.8670065811830261,0.9701834484814971,0.21933908262477744,0.5922156752717032,0.6627496566511464,"[-0.5832640385354321, 1.021942203784987]",2.1895425260040575,0.23497850248102747,0.6763610712967688,"[-1.423887564619612, 5.802972616627727]",15.636563613036946
9930.0,24.0,0.5651326785119256,0.8160480551551963,0.4220859717840596,0.27943223588316524,0.40344829417815437,"[-0.34277777279194965, 1.1869497163600689]",-0.6874830635665967,0.46049347981910915,0.8547845925550797,"[-2.5131999240761096, 1.1382337969429162]",2.6259918686060058
9931.0,24.0,0.12812597676225665,0.25442012859860336,0.6697876402094625,0.033540977037662276,0.06661564456338089,"[0.05217744071345842, 1.2873978397054664]",-1.4467647039466236,0.0014127111412233393,0.032930329632245674,"[-2.3351011682513763, -0.5584282396418708]",5.526234098975705
9932.0,24.0,0.940447491841018,0.9882270368621947,0.13806885186790446,0.7258014187193463,0.7627169175276863,"[-0.6335240462761971, 0.9096617500120061]",2.6054613648136713,0.3696525350927228,0.8020186876808832,"[-3.086737382060622, 8.297660111687964]",14.047870674118755
9933.0,24.0,0.7272421306947736,0.9150478185522077,0.23146057247939822,0.42149097700127525,0.5305777656108701,"[-0.3329004210925903, 0.7958215660513868]",1.7733709848664958,0.13972578734346114,0.5354870071966664,"[-0.580172359048508, 4.126914328781499]",17.226221803746107
9934.0,24.0,0.4540247696568154,0.7177122504850069,0.49440136851694155,0.200751177733123,0.31734299357117135,"[-0.26298333989249617, 1.2517860769263793]",-1.7703621117829895,0.01893695184712516,0.17731228321278236,"[-3.248924695077064, -0.291799528488915]",6.762285147668865
9935.0,24.0,0.9156415876849691,0.9843055544897815,0.18410157537356098,0.6740061590055689,0.7246587652511227,"[-0.6736831640895842, 1.0418863148367061]",0.12831634577855322,0.9585246988564528,0.9938808419181301,"[-4.707667741610617, 4.964300433167724]",23.509867662956506
9936.0,24.0,0.7170372894601257,0.9102923568111283,0.28365797340438503,0.4111862413832784,0.5220749636659198,"[-0.3928497812715005, 0.9601657280802706]",0.10933038581789489,0.9310402124820751,0.9892015094756179,"[-2.3669017353853175, 2.5855625070211072]",23.58238868800651
9937.0,24.0,0.5018753497665648,0.7622651120391324,0.5283182043321567,0.23313949679641766,0.3541476623211928,"[-0.34015070862782026, 1.3967871172921336]",2.0291717429766702,0.013260506523180924,0.14231966498326573,"[0.42336113631750205, 3.6349823496358384]",16.249134881348784
9938.0,24.0,0.5813709326066758,0.8286358788578618,0.42784229774081695,0.2918069944605781,0.4159164687294443,"[-0.3676259853661855, 1.2233105808478193]",1.2298852091948982,0.18160955769986264,0.6112323308967923,"[-0.5746533382476013, 3.0344237566373975]",19.30218454850453
9939.0,24.0,0.19812457427021227,0.377308273224552,0.6116547637945015,0.06182112455977306,0.11773209780950877,"[-0.030258061783549395, 1.2535675893725524]",-1.6823539193412698,0.0011060261058894508,0.028341315131513386,"[-2.693170706620961, -0.6715371320615782]",6.426118615036485
9940.0,24.0,0.6790279226033676,0.8886644746139917,0.2756068219596176,0.37495230099120225,0.49067259413016767,"[-0.3332277499776699, 0.8844413938969051]",-2.0509400386668357,0.06285144447447814,0.36414510124263116,"[-4.2118260359794375, 0.10994595864576606]",7.834013883333837
9941.0,24.0,0.9584774342874758,0.9914941908425321,0.10371439495757918,0.7708063144662198,0.7973583474358331,"[-0.5940620190710154, 0.8014908089861738]",-0.9358930502421439,0.7827235980396813,0.9605790545529682,"[-7.5874755100059055, 5.715689409521618]",3.57484812363333
9942.0,24.0,0.19493042526652832,0.3721466690846283,0.623205230943154,0.0605927557621523,0.1156791824401533,"[-0.027734686781899054, 1.2741451486682072]",-0.6250303089516533,0.24657629278382043,0.6930193726358078,"[-1.6822765293397288, 0.43221591143642213]",2.3874399180458434
9943.0,24.0,0.4930128589525355,0.7544190649617988,0.4220240593839796,0.22678706162468476,0.34703452429179,"[-0.2623210019515846, 1.1063691207195436]",-0.0003479334640257292,0.9996771249094256,0.9998771003294915,"[-1.6855415314091504, 1.684845664481099]",0.0013290079360027429
9944.0,24.0,0.91948940721597,0.9859416571445778,0.15241866397445253,0.6814569820528141,0.7307066073909652,"[-0.5753590067553334, 0.8801963347042383]",-0.16194408643369052,0.9488961926655178,0.9908684119057948,"[-5.114196020214668, 4.790307847347287]",0.6185808446501518
9945.0,24.0,0.6838249898223983,0.8917905448909732,0.29633221709113283,0.3794674382034825,0.49487146348915295,"[-0.3645109089986233, 0.9571753431808889]",-2.5606033377503037,0.0266703622621755,0.21807328096627554,"[-4.825039760290126, -0.29616691521048066]",9.780784284013604
9946.0,24.0,0.684904715654639,0.8924933853204164,0.3225019999953721,0.38024450161855095,0.4955960952237768,"[-0.39787553939068965, 1.0428795393814339]",1.7940193375872902,0.1031551514442466,0.4676117472540644,"[-0.3635026851986112, 3.9515413603731915]",17.14735090609284
9947.0,24.0,0.39065013712560337,0.6515773633856794,0.5087852450914583,0.16128444955189924,0.2690764924122443,"[-0.20311216374790353, 1.2206826539308202]",-0.1897709907901488,0.7975711062750359,0.963577645746255,"[-1.639892584089111, 1.2603506025088134]",0.7248717897527694
9948.0,24.0,0.6554693499065705,0.8781904941339596,0.34454970187420114,0.35345157852389364,0.473728118521872,"[-0.38321619068262075, 1.072315594431023]",1.3613711928899974,0.1907271519360607,0.6232250971006521,"[-0.6778944898229375, 3.4006368756029324]",18.799945086447522
9949.0,24.0,0.41364659876217386,0.677318094986426,0.5030068153169224,0.17523385234366473,0.28693933575186625,"[-0.22426679249873926, 1.2302804231325841]",1.310975880435035,0.06613886847647882,0.37430033093649584,"[-0.08738689602172034, 2.7093386568917905]",18.99244100050835
9950.0,24.0,0.5327093851889628,0.789032673613273,0.31388043567001983,0.2549638931291024,0.3777359114324835,"[-0.22653401776923726, 0.854294889109277]",-1.8126613470394402,0.03276219104615418,0.2501299090331164,"[-3.4767245854021276, -0.14859810867675272]",6.923856324790571
9951.0,24.0,0.7089567730441995,0.9059252708516119,0.317690481554832,0.4032772258955071,0.5154630315543255,"[-0.4273141571484735, 1.0626951202581374]",1.8317860795447034,0.11344489280241622,0.4939560215002053,"[-0.43635533924838965, 4.099927498337797]",17.003092578084882
9952.0,24.0,0.3609312442463751,0.6162391057646835,0.5497944324906615,0.1441677121256228,0.24606410091199196,"[-0.1880471265957897, 1.2876359915771127]",0.9967343294609972,0.1391867904602749,0.5353628091218132,"[-0.3242887097975413, 2.3177573687195356]",20.192755308405516
9953.0,24.0,0.7443295597074494,0.9237571446140801,0.2625752423546636,0.439391219278117,0.5452180410449399,"[-0.403001080590561, 0.9281515652998882]",-1.0445280937246162,0.4104004833625312,0.8264206269885849,"[-3.5314870667895604, 1.442430879340328]",3.989803423551053
9954.0,24.0,0.9315560227885094,0.9878137795754037,0.1348149954314809,0.7060681378748375,0.7495415476378318,"[-0.5658033125925495, 0.8354333034555113]",0.15585330560111288,0.9548120431473825,0.9927158038502051,"[-5.234895562621303, 5.546602173823529]",23.404684224392906
9955.0,24.0,0.7930392369599866,0.9431960477640183,0.25924615650108646,0.4935935715339038,0.5870522972572595,"[-0.48295343852487255, 1.0014457515270454]",-3.100835427371502,0.041055361253063055,0.28629959032819424,"[-6.075683005051437, -0.12598784969156718]",11.844318863535467
9956.0,24.0,0.9228327872203812,0.9861488829547715,0.12158313307022525,0.6882634769382967,0.7355599839032775,"[-0.47236246776829605, 0.7155287339087466]",-0.8774682200340802,0.7229345908624782,0.9484629638926688,"[-5.728284569286947, 3.9733481292187864]",3.3516817109872976
9957.0,24.0,0.2544427768791876,0.4658417738542431,0.4786609517323768,0.08792860757769778,0.16092319549466771,"[-0.07111834002082001, 1.0284402434855737]",-0.4997276286925185,0.40360877002725093,0.8225163440539044,"[-1.6724476711070522, 0.6729924137220151]",1.9088189353441343
9958.0,24.0,0.9904654403718943,0.9968074560951746,0.049974352952645074,0.8899637066736744,0.8957863177389778,"[-0.6579970121662548, 0.757945718071545]",-2.318554264566192,0.7476788242538936,0.9550093072477082,"[-16.444327801505935, 11.807219272373551]",8.856224928780085
9959.0,24.0,0.9745571882384644,0.9941781362728787,0.09479390133937737,0.8203068769048691,0.8368770423432659,"[-0.7231343045100203, 0.912722107188775]",0.15738607507220337,0.9725056362696204,0.9946639642340541,"[-8.792650448394975, 9.107422598539381]",23.39882947628224
9960.0,24.0,0.01628874708322645,0.03944351423242524,0.9859302931548679,0.0015829735803294623,0.0038325680659215774,"[0.374226605015442, 1.597633981294294]",-2.73133964337457,4.2791881076678965e-17,2.139594053833948e-13,"[-3.36826258511863, -2.0944167016305095]",10.432948932142017
9961.0,24.0,0.9321535573023538,0.9878137795754037,0.14310495345310176,0.7074194324337756,0.7505017270086146,"[-0.6041972909695519, 0.8904071978757555]",-2.7666575436399254,0.31270260747454703,0.7575797880306798,"[-8.137818779287763, 2.6045036920079125]",10.567853373906607
9962.0,24.0,0.6174800999003487,0.8534176663290782,0.344581167750376,0.3209174134850491,0.44357938159000493,"[-0.3358380428008623, 1.0250003783016144]",-1.8669634641428852,0.05572176916376368,0.34269230728021943,"[-3.779555415762313, 0.04562848747654269]",7.131275133367408
9963.0,24.0,0.6409751029968249,0.8701947430839957,0.3553013333603997,0.3407128562585553,0.4627364610329422,"[-0.37560624648785756, 1.086208913208657]",-1.5272126362043181,0.13055286445782108,0.5223251886007398,"[-3.5069941399445517, 0.4525688675359152]",5.8335225649037215
9964.0,24.0,0.45558074648616,0.7191487710910182,0.4760793963832646,0.20182738320044058,0.3186412743928648,"[-0.25498127300106743, 1.2071400657675966]",-2.831449084720836,0.0004607981263945313,0.015834987161324098,"[-4.4158694423624, -1.2470287270792713]",10.81533883071225
9965.0,24.0,0.5267342518040986,0.7837098996882345,0.41514802550961355,0.25083360374657826,0.37315323377949755,"[-0.2934264396439738, 1.1237224906632008]",-0.5525183847103232,0.5328867051517667,0.8862243558153448,"[-2.289058800920303, 1.1840220314996563]",2.110464769819138
9966.0,24.0,0.9152157851992566,0.9843055544897815,0.118764150744761,0.673178741930732,0.724020679494572,"[-0.43310713141742907, 0.670635432906951]",1.571032199432624,0.4910494630608697,0.8697731756428894,"[-2.900337214681116, 6.042401613546364]",17.999099032890374
9967.0,24.0,0.7985970118503809,0.9448615852465463,0.21336460744706093,0.5002453539705097,0.5918662493735326,"[-0.40699530689866564, 0.8337245217927876]",-1.5055019234248537,0.29173081474478135,0.7409712942896762,"[-4.304173276064628, 1.2931694292149207]",5.750593750738117
9968.0,24.0,0.5397339990323115,0.7954350620728781,0.4025274029995498,0.26036429684689666,0.38368658667862116,"[-0.298421355889929, 1.1034761618890285]",2.23353700772367,0.011164519350521191,0.12658185204672553,"[0.5083585519383216, 3.958715463509018]",15.46851707141033
9969.0,24.0,0.4263047538392575,0.6900368304293582,0.46515453132215995,0.18332219332626742,0.29663785327874986,"[-0.22001705637482155, 1.1503261190191414]",0.8731454139652444,0.24214936174710922,0.686857005583717,"[-0.5899938794895159, 2.3362847074200044]",20.664830191905892
9970.0,24.0,0.5037482174433765,0.7637940071109626,0.3643152070222686,0.23433638190849304,0.355378195190314,"[-0.2360944393151514, 0.9647248533596886]",-2.844790811803572,0.001049141778099129,0.027039736548946623,"[-4.54624869991579, -1.1433329236913548]",10.866300474262664
9971.0,24.0,0.5998500213096172,0.8410684538833668,0.4809833444457428,0.30659081570745494,0.42982029399615157,"[-0.44107109972508957, 1.4030377886165752]",-2.687228752401586,0.007291774487914074,0.097623958060862,"[-4.650123419041609, -0.7243340857615634]",10.264457739921106
9972.0,24.0,0.5832354467842009,0.8293502717358707,0.3468469272354157,0.29317528628864287,0.4171930921351808,"[-0.2998611372359408, 0.9935549917067723]",-1.3873994521750435,0.130598843634017,0.5223251886007398,"[-3.1861509932049508, 0.41135208885486385]",5.2994755405594995
9973.0,24.0,0.6072511097185762,0.8462500840130023,0.28648674098793464,0.312652184376106,0.4356307431741758,"[-0.26963779520656556, 0.8426112771824348]",-1.0396219995970695,0.2848356910887796,0.7346806579540356,"[-2.9447970465597884, 0.8655530473656496]",3.971063524390897
9974.0,24.0,0.8171301461616689,0.9512451842980602,0.23907051823119788,0.5232394203927528,0.6091971363287377,"[-0.49495052063790745, 0.9730915571003032]",2.8893080465198078,0.07453251072755672,0.398569576083191,"[-0.2861771166316629, 6.064793209671278]",12.963656214748433
9975.0,24.0,0.7855584100565581,0.9397892930302288,0.19390807636191792,0.48500925791336813,0.5803475755162746,"[-0.3503708275576774, 0.7381869802815133]",-2.0449627343957015,0.14420182887152996,0.543952579673821,"[-4.789600979273018, 0.6996755104816148]",7.81118226282707
9976.0,24.0,0.9327271116442953,0.9878137795754037,0.12942835859699825,0.7086699188369632,0.7511801052214715,"[-0.549494848954516, 0.8083515661485126]",0.42795670563571875,0.8760952732232125,0.9758245413490894,"[-4.951559849726272, 5.8074732609977096]",22.36532579685005
9977.0,24.0,0.9228803034100912,0.9861488829547715,0.13267121761538062,0.6883625629150828,0.7355872653505907,"[-0.5156582585551908, 0.7810006937859519]",2.2947150311476117,0.3551157243579983,0.7926690275848176,"[-2.5690249328539503, 7.158454995149174]",15.23483423533404
9978.0,24.0,0.8346536218710667,0.9558174015320701,0.21780699660947703,0.546152358787168,0.6255019274093155,"[-0.48951463023536956, 0.9251286234543236]",1.905289189725476,0.23596059892546462,0.6772692276850305,"[-1.245634956620902, 5.056213336071854]",16.722331378455323
9979.0,24.0,0.3991054338901628,0.661318034615017,0.4504570556896516,0.16660954327761057,0.27602641364746616,"[-0.18783970959332302, 1.0887538209726262]",2.2700521857398224,0.0015741012841366318,0.03602062435095267,"[0.8623666621258981, 3.677737709353747]",15.329039365510702
9980.0,24.0,0.23213999605858224,0.4312465094902141,0.6193400273111591,0.07737253714508344,0.1437083630925942,"[-0.06796950453037542, 1.3066495591526937]",2.4790717622076412,1.4404337251285542e-05,0.0013588997406873153,"[1.3588935152559702, 3.599250009159312]",14.530643394362835
9981.0,24.0,0.36297790259064294,0.6180451261546789,0.43420415610230756,0.14515327107414977,0.24719562512627682,"[-0.1499431109364885, 1.0183514231411035]",1.3317312387737852,0.04468811436223385,0.2999202306190191,"[0.03158510418101934, 2.6318773733665513]",18.913161371502213
9982.0,24.0,0.39883197914819,0.6611007423556714,0.4232169006301798,0.1664121597190108,0.27583649878834876,"[-0.17620145448597901, 1.0226352557463385]",-0.5985301687323705,0.41409374904518303,0.8280792891742401,"[-2.0348986514056393, 0.8378383139408982]",2.2862168386411907
9983.0,24.0,0.7721944657022863,0.9345665441914526,0.29503593402083633,0.46954510462741905,0.5684565431324686,"[-0.5045275296514284, 1.094599397693101]",-1.7684788769605522,0.18509466528666407,0.6169822176222136,"[-4.383989564395716, 0.8470318104746117]",6.755091720525016
9984.0,24.0,0.9972222003179771,0.9987202807390857,0.03032621203737846,0.9405715562169366,0.9419845330164612,"[-0.7669518509779744, 0.8276042750527314]",0.5187342652935021,0.9697486951608653,0.9946639642340541,"[-26.29052948809849, 27.327998018685495]",22.018581060657517
9985.0,24.0,0.2196644867547064,0.4119739061416099,0.4960470358387539,0.07154384427591055,0.1341530925856189,"[-0.04348069492856016, 1.035574766606068]",0.43775419701743434,0.44151637014557077,0.846978439121565,"[-0.6770370145357243, 1.552545408570593]",22.327902136450845
9986.0,24.0,0.748068254230376,0.9244540956875631,0.2171811392091051,0.443432149974345,0.5479883217676038,"[-0.3382226159298084, 0.7725848943480186]",-0.8267506120815433,0.5250067073902365,0.8839273529919359,"[-3.3759675901181923, 1.7224663659551056]",3.157954718808664
9987.0,24.0,0.8760713960814974,0.9724665269479806,0.17570986746150627,0.6058915785920092,0.6726311141059317,"[-0.49177178715164227, 0.8431915220746549]",0.08799313358150407,0.9651340129133955,0.9938808419181301,"[-3.8574581516541415, 4.033444418817149]",23.663890987976597
9988.0,24.0,0.5788179094546028,0.8268446175232964,0.2873377682585047,0.28984598838584397,0.4140656976940628,"[-0.24472950233143093, 0.8194050388484404]",1.1775405125379965,0.2002952191949614,0.6338456303638019,"[-0.6245343668630374, 2.9796153919390305]",19.502126561726733
9989.0,24.0,0.1646877858313227,0.31989096592833066,0.5562202156350557,0.047731232244760946,0.09275404633649621,"[0.005559952712267058, 1.1068804785578443]",-1.733435696678372,0.0003719722303977664,0.013526262923555141,"[-2.6879934995388046, -0.7788778938179394]",6.621236631799349
9990.0,24.0,0.6020007430780582,0.8428551807447405,0.34824078011717946,0.30841403466581263,0.43177101311187543,"[-0.32186446200138247, 1.0183460222357414]",2.550631421162257,0.010456768777904983,0.12215851376057224,"[0.5981048025659321, 4.503158039758582]",14.2573056315965
9991.0,24.0,0.5190277690379661,0.7766388882806615,0.4047834537656888,0.24536600348624416,0.3670396462023099,"[-0.27816011343076685, 1.0877270209621446]",2.313096643511923,0.007018038848987669,0.09541297609398341,"[0.6314913621924596, 3.9947019248313866]",15.164621648059338
9992.0,24.0,0.34275670588189555,0.5938265867669708,0.5062252190131638,0.1336953668576242,0.23162745470828863,"[-0.1553680724470603, 1.1678185104733878]",3.0560637219203683,1.0213235688200287e-05,0.0010316399685050793,"[1.6986411948059084, 4.413486249034828]",12.32669645406139
9993.0,24.0,0.7654809171024348,0.9319222268108531,0.27040433391129304,0.4623034806438695,0.5628238137860597,"[-0.45060263093122654, 0.9914112987538126]",-2.212289967887048,0.10017302368584005,0.4588777997519013,"[-4.849740134048817, 0.4251601982747206]",8.450325214604018
9994.0,24.0,0.5204601793488297,0.7779673831821071,0.3756087358888506,0.24639111209441744,0.3682577007707747,"[-0.2594889312957215, 1.0107064030734225]",-2.391203807984205,0.005703831647525061,0.0833893515720038,"[-4.0866087550236685, -0.6957988609447414]",9.13372574354039
9995.0,24.0,0.9501061271423256,0.991078205928571,0.10839003515452778,0.7488726689915346,0.7812149686955295,"[-0.5552250282868916, 0.7720050985959472]",2.1221035798479235,0.4894172874646874,0.8697731756428894,"[-3.8950121457763016, 8.13921930547215]",15.894161412340713
9996.0,24.0,0.5692282883429108,0.8196231653605628,0.45118203534708223,0.28241382022175177,0.40664336964975056,"[-0.37148993464670865, 1.2738540053408731]",0.3977712478461708,0.6772560539501957,0.9341755514903409,"[-1.4753614980517713, 2.270903993744113]",22.480625752450813
9997.0,24.0,0.4902623893921626,0.7523977737755718,0.2984717281618144,0.22491249911632427,0.3452755589750142,"[-0.1835725764389518, 0.7805160327625806]",-3.041800931231396,0.00037826510737317277,0.013606658538603338,"[-4.718918746849262, -1.3646831156135302]",11.61882369856817
9998.0,24.0,0.5545743548074532,0.8068883381455743,0.3390657398648399,0.2713354718709744,0.3947846237028581,"[-0.26508088157033294, 0.9432123613000127]",1.0626859851395523,0.2329218694040487,0.6742147546764915,"[-0.6833829898099981, 2.808754960089103]",19.940838540253438
9999.0,24.0,0.3307925243535746,0.5771451687285147,0.48265137478138137,0.12733198319052297,0.22212184437084112,"[-0.13778178712873995, 1.1030845366915027]",0.9945984450202285,0.12347313554572334,0.5091675692607148,"[-0.27093674070091156, 2.2601336307413686]",20.20091378600443
